"TOA5","88296","CR1000","88296","CR1000.Std.31.08","CPU:Vasi_Science Centre AWS.CR1","64103","Daily"
"TIMESTAMP","RECORD","WS_ms_S_WVT","WindDir_D1_WVT","WindDir_SD1_WVT","WS_ms_Max","AirTC_Min","AirTC_Max","RH_Min","RH_Max","SlrW_Max","SlrW_Std","CUV5_W_Max","CUV5_W_Std","CUV5_MJ_Tot","Rain_mm_Tot","T107_C_Min","T107_C_Avg","VW_Avg"
"TS","RN","meters/second","Deg","Deg","meters/second","Deg C","Deg C","%","%","W/m^2","W/m^2","W/m^2","W/m^2","MJ/m^2","mm","Deg C","Deg C",""
"","","WVc","WVc","WVc","Max","Min","Max","Min","Max","Max","Std","Max","Std","Tot","Tot","Min","Avg","Avg"
"2021-05-13 00:00:00",335,0.926,359.9,36.16,6.425,14.65,31.07,42.33,100,706.5,260.5,31.55,11.14,0.679,0,14.53,21.72,0.048
"2021-05-14 00:00:00",336,0.843,337.9,75.25,4.175,17.33,29.42,53.23,100,829,246.5,32.77,10.69,0.648,0,17.34,22.57,0.046
"2021-05-15 00:00:00",337,1.178,354,31.88,5.15,16.75,30.99,40.34,100,691.6,255.9,30.54,10.96,0.665,0,16.16,22.27,0.043
"2021-05-16 00:00:00",338,0.873,348.1,29.62,5.675,14.67,31.75,31.6,100,681.6,252.6,29.73,10.74,0.654,0,13.58,21.88,0.04
"2021-05-17 00:00:00",339,1.072,217.1,68.06,6.65,15.08,34.77,19.02,94.4,693.6,254.9,31.15,11.18,0.683,0,12.75,22.02,0.038
"2021-05-18 00:00:00",340,0.827,170.5,41.06,3.95,17.42,26.44,62.43,99.4,901,233.1,37.32,10.84,0.632,1.016,17.59,20.89,0.036
"2021-05-19 00:00:00",341,0.717,114.7,61.64,4.7,16.08,25.49,65.26,100,860,200.5,34.09,9.17,0.548,3.048,16.17,20.15,0.035
"2021-05-20 00:00:00",342,1.313,1.976,28.33,6.05,14.82,27.67,55.87,100,668.2,244.9,30.14,10.76,0.648,0,14.73,20.97,0.036
"2021-05-21 00:00:00",343,1.852,355.6,33.47,6.425,17.07,28.5,48.96,99.7,852,215.7,33.78,9.28,0.55,0,16.47,21.82,0.035
"2021-05-22 00:00:00",344,1.383,148.6,76.16,5.3,16.08,26.51,60.53,85,872,220.3,34.08,9.78,0.584,0,15.49,21.5,0.035
"2021-05-23 00:00:00",345,0.721,171.4,44.73,4.925,15.14,25.06,55.33,97.6,977,167.9,39.24,8.12,0.458,0,15.47,19.35,0.034
"2021-05-24 00:00:00",346,0.851,160.5,58.82,3.65,13.76,25.04,59.35,98,784.4,205.6,30.75,9.45,0.55,0,13.96,18.38,0.034
"2021-05-25 00:00:00",347,0.822,19.64,25.77,5.3,13.18,25.04,55.76,99.7,881,232.5,33.48,10.21,0.612,0,12.59,19.07,0.033
"2021-05-26 00:00:00",348,0.837,359.1,26.65,5.075,11.38,26.16,48.27,100,690.4,225.4,28.32,9.04,0.546,0,10.94,18.12,0.032
"2021-05-27 00:00:00",349,0.639,4.355,28.18,5,11.41,27.36,41.42,99.9,634.7,231.1,27.71,9.76,0.58,0,11.33,18.56,0.031
"2021-05-28 00:00:00",350,0.755,355.1,28.15,4.55,9.17,27.76,43.4,100,650.3,237.8,29.33,10.34,0.621,0,10.07,18.49,0.031
"2021-05-29 00:00:00",351,0.765,307.9,74.2,3.8,13.93,32.18,24.97,100,644.3,234.8,27.1,9.29,0.554,0,12.41,20.41,0.03
"2021-05-30 00:00:00",352,0.808,166.9,40.07,4.4,13.81,27.04,51.12,100,803,242,31.86,10.06,0.597,0,13.33,19.91,0.03
"2021-05-31 00:00:00",353,1.01,190.4,43.24,5.675,14.76,25.11,61.58,100,864,158.6,32.57,7.02,0.398,0.508,13.53,18.16,0.03
"2021-06-01 00:00:00",354,0.676,31.04,74.03,4.1,12.94,23.17,60.56,97.4,675.6,123.1,25.49,5.998,0.345,0.254,13.28,17.76,0.029
"2021-06-02 00:00:00",355,0.58,217.1,53.12,6.125,13.28,21.41,80.7,99.9,724.9,114.1,23.88,5.038,0.26,24.13,13.72,17.11,0.072
"2021-06-03 00:00:00",356,0.561,193.7,35.99,3.725,11.72,23.39,56.44,95.9,851,189.2,31.96,8.53,0.517,0,12.02,16.38,0.083
"2021-06-04 00:00:00",357,1.974,198.3,44.08,6.65,11.76,21.97,67.34,98,915,198.8,38.64,9.13,0.498,4.318,11.72,15.84,0.075
"2021-06-05 00:00:00",358,2.086,195.7,45.84,6.65,12.77,20.66,62.15,92,856,179.1,35.2,8.22,0.453,0,12.63,15.9,0.078
"2021-06-06 00:00:00",359,1,193.9,39.65,5.075,11.18,23.43,54.62,100,800,230.2,34.18,10.39,0.602,7.112,10.99,16.79,0.072
"2021-06-07 00:00:00",360,0.728,181.3,46.34,3.875,14.01,23.57,49.96,100,852,224.5,32.77,9.8,0.581,3.81,13.72,17.68,0.087
"2021-06-08 00:00:00",361,0.578,47.6,70.39,4.85,13.59,24.82,50.01,99.2,839,226.7,34.38,10.09,0.579,0.508,13.72,17.76,0.076
"2021-06-09 00:00:00",362,0.51,2.19,38.97,4.775,10.34,24.81,58.31,100,746.5,211.1,30.34,9,0.527,0,11.14,17.66,0.071
"2021-06-10 00:00:00",363,0.746,144.4,58.25,5.6,13.81,24.49,64,100,860,175.6,36,8.59,0.511,0.254,13.56,18.45,0.068
"2021-06-11 00:00:00",364,0.698,178.2,43.76,4.7,15.08,24.05,65.79,100,884,213,34.99,9.84,0.553,2.286,15.27,18.28,0.068
"2021-06-12 00:00:00",365,0.516,140.8,45.14,3.5,14.3,24.68,59.76,100,837,232.3,33.58,10.62,0.614,0.254,14.27,18.29,0.068
"2021-06-13 00:00:00",366,0.578,7.412,53.84,4.1,13.19,25.62,57.78,100,758.6,229.1,32.26,10.39,0.618,0,13.61,19.18,0.067
"2021-06-14 00:00:00",367,0.701,345.9,29.47,5.075,13.56,27.21,50.82,100,626.7,228.3,28.22,10.03,0.597,0,12.3,18.99,0.064
"2021-06-15 00:00:00",368,0.722,283.9,73.46,3.575,15.07,27.98,44.13,100,612.1,222.2,27.31,9.68,0.574,0,14.47,19.61,0.063
"2021-06-16 00:00:00",369,0.655,336.8,52.84,4.175,12.5,25.96,61.88,100,696.8,214.9,25.08,8.61,0.513,0,13.11,19.32,0.061
"2021-06-17 00:00:00",370,1.483,348.1,31.62,7.25,14.98,26.99,38.84,100,822,208.9,27.1,8.24,0.48,0,14.95,19.87,0.06
"2021-06-18 00:00:00",371,0.785,311.4,78.73,4.475,15.29,27.03,49.59,99.7,591.4,214.3,25.89,9.02,0.532,0,14.17,19.85,0.058
"2021-06-19 00:00:00",372,0.961,175.6,40.03,5.075,16.61,25.5,56.13,100,739,218.6,28.72,9.57,0.542,4.318,16.55,19.66,0.057
"2021-06-20 00:00:00",373,0.515,159.1,42.46,3.65,12.56,24.82,49.62,99.7,784.8,226.2,31.15,10.36,0.614,1.27,12.67,18.7,0.065
"2021-06-21 00:00:00",374,0.532,357.2,59.28,4.85,11.33,24.39,62.83,100,880,202.7,34.39,9.23,0.542,0,11.44,17.48,0.065
"2021-06-22 00:00:00",375,0.62,340.2,39.85,4.85,12.53,25.2,43.49,100,638.3,233.3,29.33,10.55,0.629,0,12.09,17.71,0.063
"2021-06-23 00:00:00",376,0.919,350,27.7,5.3,10.75,25.69,55.24,100,617.9,225.4,27.71,9.74,0.578,0,10.15,17.47,0.061
"2021-06-24 00:00:00",377,0.667,337.6,28.47,3.5,13.82,28.12,32.59,99.8,590.4,214,24.88,8.77,0.518,0,13.27,18.62,0.059
"2021-06-25 00:00:00",378,0.559,170.3,43.89,4.625,11.49,24.74,61.5,100,712.5,205.9,24.98,8.16,0.483,0,10.71,17.92,0.058
"2021-06-26 00:00:00",379,0.546,345.6,48.94,4.775,11.98,29.01,40.15,100,592.2,214.4,25.89,9.2,0.543,0,12.56,19.08,0.056
"2021-06-27 00:00:00",380,0.77,198.4,58.55,6.05,12.51,28.04,30.91,100,615.8,223.6,26.9,9.48,0.568,0,11.78,18.31,0.055
"2021-06-28 00:00:00",381,0.748,101.1,54.32,4.85,13.37,25.22,52,98.2,786.6,219,31.45,9.49,0.552,0,12.37,17.89,0.053
"2021-06-29 00:00:00",382,1.595,340.9,29.52,6.125,12.34,29.42,44.09,100,622.6,226.6,27.1,9.6,0.565,0,11.45,20.43,0.051
"2021-06-30 00:00:00",383,0.792,47.68,72.51,4.25,13.09,27.61,43.4,100,592.4,215.4,25.18,8.79,0.525,0,13.46,19.8,0.05
"2021-07-01 00:00:00",384,0.867,353.3,30.79,3.8,13.01,32.56,33.36,100,635.7,226.4,27.31,9.5,0.552,0,12.05,20.52,0.048
"2021-07-02 00:00:00",385,0.641,259,52.07,4.625,10.69,33.27,18.86,100,693.9,211.5,28.11,8.71,0.511,0,10.31,19.94,0.045
"2021-07-03 00:00:00",386,0.833,349.1,57.96,5.45,10.98,26.47,50.08,100,649.6,224.2,27.31,9.51,0.568,0,10.65,18.46,0.043
"2021-07-04 00:00:00",387,1.717,350.6,28.43,6.275,15.29,30.62,36.01,100,637.2,225.6,25.69,8.95,0.532,0,14.4,21.95,0.041
"2021-07-05 00:00:00",388,1.327,191.7,62.25,7.1,12.24,26.08,55.56,98.9,744.3,222.2,28.32,9.18,0.532,0,9.91,18.99,0.039
"2021-07-06 00:00:00",389,0.823,189.9,35.86,4.1,14.88,20.14,89.9,100,790.1,99.1,29.95,5.03,0.273,7.874,15.12,17.32,0.041
"2021-07-07 00:00:00",390,0.724,145.2,69.96,4.175,13.78,23.68,58.62,100,745.3,200.7,29.94,8.87,0.504,0,13.36,17.32,0.057
"2021-07-08 00:00:00",391,0.816,0.525,25.73,5.225,12.42,24.79,51.6,100,643.8,221.3,27.51,9.49,0.562,0,12.09,17.42,0.057
"2021-07-09 00:00:00",392,1.229,359.4,29.14,5.975,11.33,24.82,54.92,100,797.6,234.4,30.44,9.96,0.588,0,11.22,18.03,0.056
"2021-07-10 00:00:00",393,1.666,281.8,85.5,7.4,14.65,27.16,34.81,100,671.2,212.8,26.9,8.97,0.533,0,14.19,18.67,0.054
"2021-07-11 00:00:00",394,0.811,207.6,79.34,4.55,13.02,25.57,50.31,100,631.5,216,26.09,8.88,0.535,0,12.99,18.11,0.052
"2021-07-12 00:00:00",395,0.771,14.3,25.87,5.375,12.95,26.1,54.16,100,618.1,218.2,27.2,9.35,0.542,0,11.56,17.94,0.05
"2021-07-13 00:00:00",396,1.854,358.3,29.8,7.25,14.92,26.71,47.33,100,625.7,229.2,27.41,9.73,0.583,0,13.55,19.99,0.048
"2021-07-14 00:00:00",397,1.81,142.2,95.4,6.35,14.53,27.69,24.06,92.4,632.7,227.5,26.7,9.52,0.572,0,13.77,19.5,0.046
"2021-07-15 00:00:00",398,1.53,179.4,42.28,6.65,11.59,20.89,42.59,97.1,646.9,235.9,29.54,10.35,0.608,0,11.31,16.08,0.043
"2021-07-16 00:00:00",399,0.939,168.6,58.63,4.175,10.16,22.04,54.63,98.2,847,186.1,32.26,8.23,0.493,0,10.17,14.79,0.042
"2021-07-17 00:00:00",400,0.492,107,38.2,4.4,8.94,23.24,47.63,99.2,771.3,200.9,30.75,8.86,0.517,0,8.06,14.49,0.04
"2021-07-18 00:00:00",401,0.6,70.7,64.92,4.1,5.906,23.89,38.05,100,648.6,234.4,28.42,9.7,0.582,0,5.982,14.2,0.039
"2021-07-19 00:00:00",402,0.802,172.2,36.69,4.55,9.2,23.46,46.28,96.9,818,228.9,33.27,9.95,0.577,0,8.01,14.52,0.037
"2021-07-20 00:00:00",403,0.907,231.8,73.78,4.625,7.965,24.3,44.34,99.8,698.9,251,31.35,11.21,0.675,0,7.641,16.28,0.036
"2021-07-21 00:00:00",404,0.979,340.1,35.21,5.975,8.51,27.17,33.42,100,650.1,239.3,27.61,9.89,0.6,0,7.524,17.65,0.035
