"TOA5","CR1000_Vasi Science Centre AWS","CR1000","84923","CR1000.Std.31.02","CPU:Vasi_Science Centre AWS.CR1","64103","Five_mins"
"TIMESTAMP","RECORD","WS_ms_S_WVT","WindDir_D1_WVT","WindDir_SD1_WVT","AirTC_Avg","RH","SlrW_Avg","CUV5_W_Avg","Rain_mm_Tot","T107_C_Avg"
"TS","RN","meters/second","Deg","Deg","Deg C","%","W/m^2","W/m^2","mm","Deg C"
"","","WVc","WVc","WVc","Avg","Smp","Avg","Avg","Tot","Avg"
"2018-11-07 14:40:00",0,2.27,148.5,40.45,21.84,59.71,443.8,23.67,0.762,22.6
"2018-11-07 14:45:00",1,3.1,170.2,47.25,22.23,58.05,447.2,23.69,0,22.98
"2018-11-07 14:50:00",2,4.045,164.3,33.99,21.78,60.35,413.4,22.64,0,22.65
"2018-11-07 14:55:00",3,3.055,135.7,34.12,21.49,60.75,428.5,23.12,0,22.35
"2018-11-07 15:00:00",4,3.417,153.1,34.76,21.56,60.33,436.3,22.73,0,22.46
"2018-11-07 15:05:00",5,3.428,155,35.68,21.59,60.25,388.2,20.74,0,22.41
"2018-11-07 15:10:00",6,3.085,172.9,38.8,21.5,61.64,354.9,19.49,0,22.37
"2018-11-07 15:15:00",7,2.79,149.9,38.18,21.59,62.15,344.5,18.83,0,22.41
"2018-11-07 15:20:00",8,3.107,138.3,31.48,21.36,65.19,341.4,18.7,0,22.13
"2018-11-07 15:25:00",9,3.15,165.3,47.07,21.33,63.51,277.1,14.36,0,22.07
"2018-11-07 15:30:00",10,3.377,164.7,37.61,21.04,59.53,325.1,17.71,0,21.68
"2018-11-07 15:35:00",11,2.87,163.5,33.31,21.73,55.86,717.5,27.74,0,22.58
"2018-11-07 15:40:00",12,2.633,151.1,38.7,22.85,55.58,695.9,26.46,0,23.93
"2018-11-07 15:45:00",13,3.438,157,35.43,22.77,53.88,676.2,25,0,24.14
"2018-11-07 15:50:00",14,3.27,158.9,35.81,22.22,56,374.4,17.63,0,23.58
"2018-11-07 15:55:00",15,2.805,166.3,46.27,21.37,60.4,230.1,12.8,0,22.31
"2018-11-07 16:00:00",16,2.825,149.1,30.01,20.92,60.36,211.2,11.45,0,21.54
"2018-11-07 16:05:00",17,3.38,150.2,32.91,20.99,63.79,275.6,12.67,0,21.54
"2018-11-07 16:10:00",18,3.18,147.9,45.66,20.8,64.41,228,11.76,0,21.4
"2018-11-07 16:15:00",19,2.595,146.3,41.07,20.74,60.57,200.3,11.02,0,21.26
"2018-11-07 16:20:00",20,2.99,152.5,36.9,20.58,59.45,180.7,10.43,0,20.95
"2018-11-07 16:25:00",21,2.553,153.3,35.68,20.56,60.71,198.6,10.36,0,20.89
"2018-11-07 16:30:00",22,2.238,148.7,36.7,20.55,61.24,227.2,10.8,0,20.91
"2018-11-07 16:35:00",23,2.528,148.8,34.77,20.82,60.66,319.4,11.52,0,21.21
"2018-11-07 16:40:00",24,3.145,152.8,37.55,21.29,60.64,408.9,11.97,0,21.7
"2018-11-07 16:45:00",25,3.048,146.8,25.42,21.51,62.73,381.3,11.71,0,21.72
"2018-11-07 16:50:00",26,2.845,151.5,28.62,21.55,62.59,306.6,10.39,0,21.64
"2018-11-07 16:55:00",27,2.415,150,32.36,21.47,61.73,247.2,9.02,0,21.43
"2018-11-07 17:00:00",28,2.7,155.4,34.86,21.11,63.55,220.1,8.08,0,20.98
"2018-11-07 17:05:00",29,2.355,155.2,40.56,20.92,65.97,190.2,7.273,0,20.69
"2018-11-07 17:10:00",30,2.173,151.2,38.29,20.69,66.9,88.7,6.028,0,20.51
"2018-11-07 17:15:00",31,2.003,151.8,29.64,20.51,66.55,75.92,5.371,0,20.39
"2018-11-07 17:20:00",32,2.733,142.9,29.46,20.4,66.49,79.69,4.951,0,20.31
"2018-11-07 17:25:00",33,2.722,146.4,33.37,20.41,64.01,77.16,4.525,0,20.27
"2018-11-07 17:30:00",34,2.315,160.1,22.21,20.36,61.11,58.97,3.74,0,20.2
"2018-11-07 17:35:00",35,1.75,147.3,38.85,20.22,63.29,41.92,3.127,0,20.03
"2018-11-07 17:40:00",36,1.813,142.2,26.13,19.96,65,34.75,2.603,0,19.74
"2018-11-07 17:45:00",37,2.273,147.7,35.68,19.8,65.63,26.88,2.116,0,19.57
"2018-11-07 17:50:00",38,1.608,150.9,39.98,19.62,66.52,21.82,1.669,0,19.4
"2018-11-07 17:55:00",39,1.643,158.1,40.86,19.45,65.11,17.52,1.266,0,19.19
"2018-11-07 18:00:00",40,2.623,156.2,27.58,19.62,64.24,11.44,0.978,0,19.27
"2018-11-07 18:05:00",41,1.475,160.4,38.39,19.46,65.52,5.121,0.667,0,19.18
"2018-11-07 18:10:00",42,1.748,154,23.58,19.25,65.96,2.784,0.41,0,18.96
"2018-11-07 18:15:00",43,1.34,147.2,31.88,19.13,68.89,0.278,0.244,0,18.82
"2018-11-07 18:20:00",44,1.595,162.6,41.59,18.99,70.5,0,0.108,0,18.61
"2018-11-07 18:25:00",45,0.862,193.1,25.11,18.9,70.76,0,0.041,0,18.52
"2018-11-07 18:30:00",46,0.844,176.3,24.94,18.53,71.9,0,0,0,18.21
"2018-11-07 18:35:00",47,0.784,179.1,21.74,18.35,72.24,0,0,0,17.99
"2018-11-07 18:40:00",48,1.128,166.2,35.64,18.21,71.36,0,0,0,17.82
"2018-11-07 18:45:00",49,1.693,176.2,26.36,18.28,69.75,0,0,0,17.85
"2018-11-07 18:50:00",50,0.775,186.9,27.54,18.25,70.16,0,0,0,17.9
"2018-11-07 18:55:00",51,1.41,193.9,29.66,18.23,69.66,0,0,0,17.9
"2018-11-07 19:00:00",52,1.034,182.5,27.39,18.23,71.03,0,0,0,17.94
"2018-11-07 19:05:00",53,1.102,187.1,21.24,18.08,72.05,0,0,0,17.81
"2018-11-07 19:10:00",54,1.066,163.8,33.51,17.94,73.14,0,0,0,17.67
"2018-11-07 19:15:00",55,0.963,157,38.4,17.9,72.81,0,0,0,17.7
"2018-11-07 19:20:00",56,2.11,174.4,42.37,17.52,84,0,0,0,17.46
"2018-11-07 19:25:00",57,1.343,171.8,39.35,16.74,86.3,0,0,0,16.77
"2018-11-07 19:30:00",58,0.944,153.6,29.07,16.44,87.3,0,0,0,16.38
"2018-11-07 19:35:00",59,0.982,182.6,30.73,16.35,87.8,0,0,0,16.2
"2018-11-07 19:40:00",60,0.988,192.3,25.01,16.23,88.9,0,0,0,16.06
"2018-11-07 19:45:00",61,1.156,187.2,33.45,16.11,89.4,0,0,0,15.94
"2018-11-07 19:50:00",62,0.958,190.8,31.91,16.02,89.6,0,0,0,15.86
"2018-11-07 19:55:00",63,1.069,195.9,17.4,16.09,88.4,0,0,0,15.87
"2018-11-07 20:00:00",64,0.831,196.6,16.29,16.16,87.2,0,0,0,15.88
"2018-11-07 20:05:00",65,1.243,198,22.53,16.31,86.1,0,0,0,15.98
"2018-11-07 20:10:00",66,1.303,197.4,24.94,16.4,85.3,0,0,0,16.04
"2018-11-07 20:15:00",67,1.123,199.7,19.01,16.49,85,0,0,0,16.11
"2018-11-07 20:20:00",68,0.94,200.8,22.68,16.59,84.5,0,0,0,16.19
"2018-11-07 20:25:00",69,1.253,196.4,25.07,16.73,83.7,0,0,0,16.3
"2018-11-07 20:30:00",70,1.278,202.1,31.51,16.75,83.7,0,0,0,16.38
"2018-11-07 20:35:00",71,1.848,193.2,24.59,16.86,83,0,0,0,16.5
"2018-11-07 20:40:00",72,1.553,186.7,30.07,16.9,83.9,0,0,0,16.6
"2018-11-07 20:45:00",73,1.593,196.5,27.22,16.87,83.9,0,0,0,16.6
"2018-11-07 20:50:00",74,1.399,179.2,31.07,16.86,83.3,0,0,0,16.61
"2018-11-07 20:55:00",75,1.323,192.7,19.39,16.86,83.2,0,0,0,16.59
"2018-11-07 21:00:00",76,1.303,195.8,21.77,16.72,83.2,0,0,0,16.44
"2018-11-07 21:05:00",77,1.316,189.1,21.7,16.67,82.8,0,0,0,16.35
"2018-11-07 21:10:00",78,1.407,184.9,26.41,16.63,82.6,0,0,0,16.29
"2018-11-07 21:15:00",79,1.675,188.2,23.98,16.62,81.8,0,0,0,16.24
"2018-11-07 21:20:00",80,1.38,191.1,32.04,16.56,81.3,0,0,0,16.16
"2018-11-07 21:25:00",81,1.49,193.8,28.64,16.51,80.1,0,0,0,16.08
"2018-11-07 21:30:00",82,1.57,195.4,27.74,16.53,80.4,0,0,0,16.1
"2018-11-07 21:35:00",83,1.559,201.3,22.08,16.39,80.5,0,0,0,15.96
"2018-11-07 21:40:00",84,1.953,204.5,23.93,16.42,80.3,0,0,0,15.98
"2018-11-07 21:45:00",85,1.907,197.2,25.88,16.38,80.1,0,0,0,16.01
"2018-11-07 21:50:00",86,1.923,189.9,38.06,16.45,79.72,0,0,0,16.1
"2018-11-07 21:55:00",87,1.815,193.6,30.85,16.56,79.55,0,0,0,16.24
"2018-11-07 22:00:00",88,1.432,186.8,35.92,16.53,80.1,0,0,0,16.23
"2018-11-07 22:05:00",89,1.865,196.6,23.36,16.42,80.2,0,0,0,16.08
"2018-11-07 22:10:00",90,1.6,190.1,24.07,16.27,81.2,0,0,0,15.92
"2018-11-07 22:15:00",91,1.342,193.5,30.01,16.04,82.2,0,0,0,15.72
"2018-11-07 22:20:00",92,1.521,186.6,20.53,15.83,83.2,0,0,0,15.52
"2018-11-07 22:25:00",93,0.885,187.2,29.15,15.69,84.2,0,0,0,15.33
"2018-11-07 22:30:00",94,1.561,186,26.65,15.7,83.5,0,0,0,15.32
"2018-11-07 22:35:00",95,1.271,176.5,35.29,15.89,83.8,0,0,0,15.6
"2018-11-07 22:40:00",96,1.593,182.8,23.45,16.01,82.9,0,0,0,15.82
"2018-11-07 22:45:00",97,1.311,195.6,28.08,16.14,82.6,0,0,0,15.97
"2018-11-07 22:50:00",98,1.293,195.5,32.52,16.17,83.1,0,0,0,16.01
"2018-11-07 22:55:00",99,1.61,183.3,28.92,16.08,83.8,0,0,0,15.9
"2018-11-07 23:00:00",100,1.413,184.8,33.49,15.94,84.9,0,0,0,15.77
"2018-11-07 23:05:00",101,1.325,179.6,28.42,15.75,85.9,0,0,0,15.54
"2018-11-07 23:10:00",102,1.068,172.7,36.36,15.58,86.7,0,0,0,15.31
"2018-11-07 23:15:00",103,1.07,184.6,31.89,15.45,87.4,0,0,0,15.16
"2018-11-07 23:20:00",104,1.39,171.6,31.07,15.36,87.4,0,0,0,15.05
"2018-11-07 23:25:00",105,1.374,190.2,36.35,15.44,87.4,0,0,0,15.11
"2018-11-07 23:30:00",106,1.443,177.8,29.05,15.57,87.1,0,0,0,15.35
"2018-11-07 23:35:00",107,1.218,183.7,38.16,15.75,86.9,0,0,0,15.58
"2018-11-07 23:40:00",108,1.122,175.2,30.54,15.8,86.9,0,0,0,15.62
"2018-11-07 23:45:00",109,0.861,175.8,34.01,15.75,87.4,0,0,0,15.54
"2018-11-07 23:50:00",110,1.143,183.6,20.76,15.77,87,0,0,0,15.54
"2018-11-07 23:55:00",111,1.424,168.8,33.57,16.08,85.7,0,0,0,15.82
"2018-11-08 00:00:00",112,1.031,180.9,33.63,16.26,84.8,0,0,0,15.99
"2018-11-08 00:05:00",113,1.612,180.7,34.09,16.35,84,0,0,0,16.09
"2018-11-08 00:10:00",114,2.033,184.9,25.1,16.33,84.7,0,0,0,16.1
"2018-11-08 00:15:00",115,1.69,180.9,25.11,16.22,85.5,0,0,0,16.02
"2018-11-08 00:20:00",116,1.723,193.7,30.71,16.06,85.9,0,0,0,15.86
"2018-11-08 00:25:00",117,1.093,195,18.5,15.87,86.3,0,0,0,15.63
"2018-11-08 00:30:00",118,1.055,193.1,28.32,15.65,86.6,0,0,0,15.37
"2018-11-08 00:35:00",119,1.043,187.7,24.53,15.54,86.9,0,0,0,15.2
"2018-11-08 00:40:00",120,1.21,187,23.79,15.46,86.9,0,0,0,15.08
"2018-11-08 00:45:00",121,0.847,188.2,24.25,15.3,87.5,0,0,0,14.95
"2018-11-08 00:50:00",122,1.055,184.1,20.65,15.16,87.8,0,0,0,14.79
"2018-11-08 00:55:00",123,1.432,197.2,24.85,15.17,87.8,0,0,0,14.76
"2018-11-08 01:00:00",124,1.254,201.9,21.76,15.1,87.8,0,0,0,14.72
"2018-11-08 01:05:00",125,1.098,191.3,25.81,14.96,88.3,0,0,0,14.62
"2018-11-08 01:10:00",126,1.398,188.9,40.93,14.87,88.5,0,0,0,14.53
"2018-11-08 01:15:00",127,1.23,202.2,24.27,14.81,88.6,0,0,0,14.45
"2018-11-08 01:20:00",128,1.452,192.1,21.52,14.81,88.7,0,0,0,14.39
"2018-11-08 01:25:00",129,1.136,199.3,24.39,14.72,89,0,0,0,14.35
"2018-11-08 01:30:00",130,1.063,198.6,26.83,14.57,89.5,0,0,0,14.23
"2018-11-08 01:35:00",131,0.943,190.6,24.09,14.43,89.8,0,0,0,14.09
"2018-11-08 01:40:00",132,1.47,194.4,34.13,14.47,89,0,0,0,14.06
"2018-11-08 01:45:00",133,1.455,194.9,19.51,14.42,88.8,0,0,0,14.04
"2018-11-08 01:50:00",134,1.421,195.3,18.75,14.42,88.8,0,0,0,14.02
"2018-11-08 01:55:00",135,1.271,206.9,18.46,14.32,88.9,0,0,0,13.94
"2018-11-08 02:00:00",136,1.108,205,26.59,14.24,89.5,0,0,0,13.88
"2018-11-08 02:05:00",137,0.932,190.9,17.96,14.08,89.9,0,0,0,13.74
"2018-11-08 02:10:00",138,1.37,202.2,23.9,14,89.8,0,0,0,13.65
"2018-11-08 02:15:00",139,0.844,198.5,14.53,13.91,90.3,0,0,0,13.57
"2018-11-08 02:20:00",140,0.807,198,20.56,13.76,90.6,0,0,0,13.39
"2018-11-08 02:25:00",141,1.203,210.1,24.5,13.73,90.4,0,0,0,13.33
"2018-11-08 02:30:00",142,0.845,204.9,26.8,13.69,90.6,0,0,0,13.33
"2018-11-08 02:35:00",143,1.015,199.2,26.93,13.58,90.9,0,0,0,13.22
"2018-11-08 02:40:00",144,1.438,202.6,28.05,13.55,90.6,0,0,0,13.2
"2018-11-08 02:45:00",145,1.227,200.3,29.73,13.51,90.8,0,0,0,13.17
"2018-11-08 02:50:00",146,1.66,196.1,21.14,13.52,90.4,0,0,0,13.17
"2018-11-08 02:55:00",147,1.275,198.4,26.1,13.47,90.6,0,0,0,13.15
"2018-11-08 03:00:00",148,1.503,200.9,34.69,13.43,90.4,0,0,0,13.11
"2018-11-08 03:05:00",149,1.48,194.8,28.61,13.41,90.3,0,0,0,13.1
"2018-11-08 03:10:00",150,1.552,196.3,25.12,13.45,89.8,0,0,0,13.12
"2018-11-08 03:15:00",151,1.327,186.2,24.49,13.45,89.7,0,0,0,13.07
"2018-11-08 03:20:00",152,1.203,179.4,32.47,13.35,90,0,0,0,13
"2018-11-08 03:25:00",153,1.163,181.3,34.48,13.34,89.6,0,0,0,12.95
"2018-11-08 03:30:00",154,1.318,181.3,33.56,13.36,89.9,0,0,0,12.98
"2018-11-08 03:35:00",155,1.443,171.5,31.1,13.35,89.2,0,0,0,13.01
"2018-11-08 03:40:00",156,1.522,175.8,29.17,13.46,88.7,0,0,0,13.06
"2018-11-08 03:45:00",157,1.383,182.5,30,13.48,87.9,0,0,0,13.06
"2018-11-08 03:50:00",158,1.396,182.7,26.88,13.57,87.2,0,0,0,13.06
"2018-11-08 03:55:00",159,1.181,192.1,18.48,13.62,87,0,0,0,13.14
"2018-11-08 04:00:00",160,1.249,195.6,25.92,13.66,86,0,0,0,13.13
"2018-11-08 04:05:00",161,1.272,185.4,30.2,13.72,86.2,0,0,0,13.14
"2018-11-08 04:10:00",162,1.365,201.4,21.55,13.66,86,0,0,0,13.14
"2018-11-08 04:15:00",163,1.072,187.8,34.51,13.63,86.3,0,0,0,13.13
"2018-11-08 04:20:00",164,1.308,180.1,33.08,13.53,86.5,0,0,0,13.08
"2018-11-08 04:25:00",165,1.183,188.1,20.88,13.5,86.4,0,0,0,13.04
"2018-11-08 04:30:00",166,1.273,194.4,27.43,13.55,85.9,0,0,0,13.05
"2018-11-08 04:35:00",167,1.378,184.6,34.75,13.63,85,0,0,0,13.11
"2018-11-08 04:40:00",168,0.962,189.2,32.34,13.69,84.9,0,0,0,13.14
"2018-11-08 04:45:00",169,1.248,192.1,21.91,13.66,84.3,0,0.064,0,13.12
"2018-11-08 04:50:00",170,1.105,190.4,21.31,13.75,83.4,0,0.108,0,13.18
"2018-11-08 04:55:00",171,1.357,199.6,25.5,13.93,82.1,0.329,0.254,0,13.25
"2018-11-08 05:00:00",172,1.022,195.2,24.99,14,82.4,2.49,0.437,0,13.32
"2018-11-08 05:05:00",173,1.303,190.1,22.77,13.98,82,7.351,0.711,0,13.31
"2018-11-08 05:10:00",174,1.325,190.6,31.44,14.02,82,16.25,1.043,0,13.42
"2018-11-08 05:15:00",175,1.33,193,17.39,14,81.9,27.36,1.328,0,13.46
"2018-11-08 05:20:00",176,1.24,194.9,19.09,14.04,81.5,39.15,1.734,0,13.61
"2018-11-08 05:25:00",177,1.16,186.6,24.06,14.19,80.8,53.19,2.211,0,13.94
"2018-11-08 05:30:00",178,1.225,190.3,27.58,14.35,80.3,69.31,2.736,0,14.3
"2018-11-08 05:35:00",179,0.833,187,24.54,14.53,78.98,86.5,3.316,0,14.73
"2018-11-08 05:40:00",180,1.008,176.2,27.08,14.75,78.93,104.1,3.942,0,15.21
"2018-11-08 05:45:00",181,1.448,184.9,27.34,14.96,77.43,122.9,4.602,0,15.56
"2018-11-08 05:50:00",182,1.252,180.5,36.05,15.25,76.5,143.4,5.296,0,15.95
"2018-11-08 05:55:00",183,1.333,201.4,41.75,15.48,76.29,163,6.041,0,16.31
"2018-11-08 06:00:00",184,1.47,201.7,21.19,15.68,75.44,184.5,6.823,0,16.62
"2018-11-08 06:05:00",185,1.134,188.8,35.15,15.95,74.8,206.8,7.666,0,17.02
"2018-11-08 06:10:00",186,1.041,204.6,23.11,16.28,73.58,226.1,8.48,0,17.6
"2018-11-08 06:15:00",187,1.835,197.2,23.98,16.24,73.9,247.3,9.34,0,17.72
"2018-11-08 06:20:00",188,1.588,197.3,23.4,16.42,73.82,267.8,10.22,0,17.79
"2018-11-08 06:25:00",189,2.005,196.6,29.31,16.57,73.07,288.9,11.11,0,17.94
"2018-11-08 06:30:00",190,1.775,194.8,35.76,16.84,71.97,310,12.02,0,18.12
"2018-11-08 06:35:00",191,2.055,186.6,24.19,17.06,70.86,332.9,12.99,0,18.45
"2018-11-08 06:40:00",192,1.878,182.3,32.8,17.22,70.26,354.2,13.96,0,18.76
"2018-11-08 06:45:00",193,1.99,191.9,33.06,17.52,68.62,376.3,14.92,0,19.04
"2018-11-08 06:50:00",194,2.403,188.7,30.92,17.68,67.92,396.4,15.88,0,19.16
"2018-11-08 06:55:00",195,2.385,190.8,25,17.67,68.52,417.4,16.87,0,19.11
"2018-11-08 07:00:00",196,1.695,193.5,38.88,18.31,65.55,436.8,17.87,0,19.65
"2018-11-08 07:05:00",197,1.865,197.5,28.58,18.54,64.96,459.2,18.93,0,19.97
"2018-11-08 07:10:00",198,2.173,185.5,32.45,18.66,64.61,483.2,20,0,20.02
"2018-11-08 07:15:00",199,2.632,193.8,38.14,19.02,62.17,502.9,21.06,0,20.13
"2018-11-08 07:20:00",200,2.265,183,34.9,19.06,63.63,524,22.12,0,20.1
"2018-11-08 07:25:00",201,2.228,180.9,29.27,19.45,61.73,545.6,23.21,0,20.35
"2018-11-08 07:30:00",202,2.202,184,39.23,19.82,60.58,565.5,24.29,0,20.64
"2018-11-08 07:35:00",203,2.925,187.4,24.24,19.64,59.7,588.3,25.38,0,20.6
"2018-11-08 07:40:00",204,2.775,196.5,42.98,19.79,57.27,606.8,26.4,0,20.69
"2018-11-08 07:45:00",205,2.225,201.8,35.76,20.14,58.54,625,27.42,0,20.99
"2018-11-08 07:50:00",206,2.655,190.8,25.66,20.36,58.07,644,28.43,0,21.3
"2018-11-08 07:55:00",207,2.935,188.9,25.76,20.49,55.23,664.3,29.47,0,21.49
"2018-11-08 08:00:00",208,2.355,175.2,33.76,20.84,53.48,680.9,30.15,0,21.74
"2018-11-08 08:05:00",209,2.37,183.2,47.26,21.21,49.4,700.4,31.5,0,22.05
"2018-11-08 08:10:00",210,2.9,179.8,35.27,21.27,47.71,721.5,32.52,0,22.17
"2018-11-08 08:15:00",211,2.868,186,26.38,21.26,46.68,740.6,33.47,0,22.32
"2018-11-08 08:20:00",212,2.45,167.3,34.11,21.34,45.38,756.4,34.3,0,22.47
"2018-11-08 08:25:00",213,2.522,158.9,40.14,21.49,45.25,776.9,35.13,0,22.61
"2018-11-08 08:30:00",214,2.24,154,49.18,21.78,43.27,793,35.88,0,22.88
"2018-11-08 08:35:00",215,2.17,165.9,42.1,22.05,43.54,807,36.49,0,23.15
"2018-11-08 08:40:00",216,2.522,178.7,34.81,22.28,42.72,821,37.01,0,23.4
"2018-11-08 08:45:00",217,2.193,156.9,38.45,22.26,43.34,837,37.51,0,23.61
"2018-11-08 08:50:00",218,2.268,164.9,42.31,22.44,43.19,854,38.06,0,23.73
"2018-11-08 08:55:00",219,2.075,188.7,45.35,22.83,43.75,869,38.66,0,24.14
"2018-11-08 09:00:00",220,2.37,171.7,36.63,22.98,43.1,886,39.33,0,24.5
"2018-11-08 09:05:00",221,1.767,153.2,41.29,22.82,42.67,899,40.04,0,24.41
"2018-11-08 09:10:00",222,2.053,181.2,36.26,22.95,41.24,907,40.59,0,24.56
"2018-11-08 09:15:00",223,2.21,187.5,41.26,22.86,43.59,920,41.27,0,24.66
"2018-11-08 09:20:00",224,2.16,158.1,45.25,22.93,43.25,930,41.99,0,24.78
"2018-11-08 09:25:00",225,2.168,157.2,40.7,22.8,40.33,941,42.73,0,24.66
"2018-11-08 09:30:00",226,1.703,162.4,43.21,23.4,41.12,959,43.74,0,25.14
"2018-11-08 09:35:00",227,2.298,167.1,44.47,23.23,40.79,971,44.5,0,25.18
"2018-11-08 09:40:00",228,2.123,184.7,32.8,23.39,40.29,979,45.24,0,25.39
"2018-11-08 09:45:00",229,1.715,165.3,40.67,23.53,43.65,989,46.15,0,25.62
"2018-11-08 09:50:00",230,2.19,152.5,38.31,23.8,39.46,1002,47.08,0,25.9
"2018-11-08 09:55:00",231,1.63,163.6,40.69,23.32,40.15,1013,47.98,0,25.58
"2018-11-08 10:00:00",232,2.138,162.4,40.12,23.49,40.4,1021,48.74,0,25.55
"2018-11-08 10:05:00",233,1.476,145.3,38.19,23.77,40.09,1029,49.43,0,25.98
"2018-11-08 10:10:00",234,2.305,183.5,37.98,23.85,41.17,1038,49.21,0,26.16
"2018-11-08 10:15:00",235,1.28,144.2,37.19,23.52,41.45,1045,50.68,0,25.87
