"TOA5","Science Center AWS","CR1000","84923","CR1000.Std.31.02","CPU:Vasi_Science Centre AWS.CR1","64103","Hourly"
"TIMESTAMP","RECORD","BattV_Min","BP_kPa","WS_ms_S_WVT","WindDir_D1_WVT","WindDir_SD1_WVT","AirTC_Avg","RH","SlrW_Avg","CUV5_W_Avg","Rain_mm_Tot","T107_C_Min","T107_C_Avg","VW_Avg"
"TS","RN","Volts","kPa","meters/second","Deg","Deg","Deg C","%","W/m^2","W/m^2","mm","Deg C","Deg C",""
"","","Min","Smp","WVc","WVc","WVc","Avg","Smp","Avg","Avg","Tot","Min","Avg","Avg"
"2018-11-07 15:00:00",0,12.67,101.536,3.286,154.7,40.05,21.77,60.33,432.6,23.11,0.762,22.31,22.61,0.001
"2018-11-07 16:00:00",1,12.64,101.5653,3.065,157.4,38.65,21.69,60.36,411.4,19.24,0,21.41,22.59,0.077
"2018-11-07 17:00:00",2,12.61,101.5714,2.801,150.4,35.53,21,63.55,266.2,10.81,0,20.81,21.3,0.077
"2018-11-07 18:00:00",3,12.49,101.6253,2.167,150.8,34.38,20.16,64.24,60.41,3.637,0,19.1,19.96,0.077
"2018-11-07 19:00:00",4,12.46,101.7445,1.224,173,33.11,18.65,71.03,0.682,0.122,0,17.79,18.31,0.076
"2018-11-07 20:00:00",5,12.41,101.8266,1.126,180.2,33.65,16.8,87.2,0,0,0,15.84,16.63,0.076
"2018-11-07 21:00:00",6,12.41,101.8756,1.346,195,25.91,16.69,83.2,0,0,0,15.91,16.36,0.076
"2018-11-07 22:00:00",7,12.37,101.9418,1.619,193.1,28.98,16.52,80.1,0,0,0,15.92,16.14,0.076
"2018-11-07 23:00:00",8,12.36,101.9433,1.439,188.3,28.79,16.01,84.9,0,0,0,15.24,15.75,0.075
"2018-11-08 00:00:00",9,12.37,101.9127,1.206,178.7,32.71,15.71,84.8,0,0,0,15.02,15.47,0.075
"2018-11-08 01:00:00",10,12.36,101.8592,1.337,189.4,26.13,15.68,87.8,0,0,0,14.68,15.38,0.075
"2018-11-08 02:00:00",11,12.35,101.8163,1.254,196.8,26.56,14.59,89.5,0,0,0,13.8,14.22,0.075
"2018-11-08 03:00:00",12,12.34,101.8116,1.177,200.2,25.42,13.69,90.4,0,0,0,13.09,13.34,0.075
"2018-11-08 04:00:00",13,12.33,101.8116,1.351,185.1,29.63,13.46,86,0,0,0,12.93,13.06,0.075
"2018-11-08 05:00:00",14,12.32,101.8279,1.212,190.9,28.34,13.69,82.4,0.235,0.072,0,12.99,13.14,0.074
"2018-11-08 06:00:00",15,12.32,101.8874,1.244,189.9,28.18,14.6,75.44,84.7,3.315,0,13.26,14.7,0.074
"2018-11-08 07:00:00",16,12.39,101.9466,1.815,192.7,30.48,16.98,65.55,321.7,12.61,0,16.76,18.36,0.074
"2018-11-08 08:00:00",17,12.46,101.9303,2.436,188.6,33.68,19.65,53.48,574.1,24.74,0,19.76,20.67,0.073
"2018-11-08 09:00:00",18,12.52,101.9232,2.412,171.6,41.15,21.93,43.1,796.8,35.82,0,21.92,23.09,0.074
"2018-11-08 10:00:00",19,12.61,101.8721,2.013,166.4,42.09,23.21,40.4,961,44.17,0,24.27,25.12,0.073
"2018-11-08 11:00:00",20,12.75,101.7914,1.855,165.4,47.53,24.05,40.72,1078,51.96,0,25.71,26.45,0.073
"2018-11-08 12:00:00",21,12.77,101.7004,1.738,132.3,47.51,24.3,42.95,932,47.66,0,23.85,26.45,0.073
"2018-11-08 13:00:00",22,12.86,101.6273,1.645,133.4,44.3,24.75,49.16,985,48.03,0,25.18,27.18,0.073
"2018-11-08 14:00:00",23,12.93,101.507,2.242,107.1,42.23,23.79,48.8,787.4,39.45,0,24.02,25.72,0.072
"2018-11-08 15:00:00",24,12.99,101.4805,2.201,114.5,42.31,23.75,50.85,799.3,37.36,0,25.06,25.89,0.072
"2018-11-08 16:00:00",25,12.97,101.4337,2.375,93.7,34.89,23.01,58.55,581.8,25.69,0,23.33,24.42,0.072
"2018-11-08 17:00:00",26,12.82,101.4093,2.372,85.9,28.87,21.82,63.47,332.3,13.28,0,20.78,22.25,0.072
"2018-11-08 18:00:00",27,12.73,101.444,1.356,85.3,24.9,20.16,68.86,47.85,3.719,0,18.79,19.81,0.071
"2018-11-08 19:00:00",28,12.7,101.4757,0.217,101.2,16.55,17.94,74.3,0.721,0.144,0,16.62,17.4,0.071
"2018-11-08 20:00:00",29,12.67,101.5086,0.013,141.2,3.118,16.82,78.34,0,0,0,15.03,15.71,0.071
"2018-11-08 21:00:00",30,12.62,101.5658,0.059,175.2,4.297,15.84,88.2,0,0,0,13.82,14.63,0.071
"2018-11-08 22:00:00",31,12.61,101.6068,0.003,243.2,0.582,13.52,94.8,0,0,0,13.14,13.43,0.07
"2018-11-08 23:00:00",32,12.59,101.5586,0.049,214,1.871,13.38,94.9,0,0,0,12.75,13.13,0.07
"2018-11-09 00:00:00",33,12.61,101.5178,0.002,216.3,0.001,12.79,95.9,0,0,0,12.47,12.67,0.07
"2018-11-09 01:00:00",34,12.58,101.4933,0.008,209.3,0.87,12.58,97.8,0,0,0,12.22,12.37,0.07
"2018-11-09 02:00:00",35,12.59,101.4606,0.019,214.9,1.508,12.58,98,0,0,0,12.07,12.31,0.07
"2018-11-09 03:00:00",36,12.57,101.4525,0.006,219,2.833,12.11,97.8,0,0,0,11.63,12.01,0.07
"2018-11-09 04:00:00",37,12.56,101.4525,0.085,206.3,7.426,12.57,94.6,0,0,0,11.49,12.14,0.07
"2018-11-09 05:00:00",38,12.57,101.4443,0,0,0,11.57,98.5,0.331,0.073,0,11.5,11.74,0.07
"2018-11-09 06:00:00",39,12.57,101.5259,0.001,58.08,0,13.19,89.5,90.7,3.088,0,11.51,14.06,0.07
"2018-11-09 07:00:00",40,12.69,101.5857,0.521,226.8,36.29,19.1,71.5,301.8,11.87,0,18.02,20.4,0.07
"2018-11-09 08:00:00",41,12.84,101.5808,0.962,310.1,46.49,21.5,58.46,546.2,23.68,0,21.76,22.64,0.07
"2018-11-09 09:00:00",42,12.99,101.597,1.594,333,32.99,22.25,59.39,421.3,21.56,0,23.23,23.83,0.07
"2018-11-09 10:00:00",43,13.15,101.5643,1.159,344.5,37.34,22.81,55.57,448.3,23.83,0,23.76,24.63,0.069
"2018-11-09 11:00:00",44,13.18,101.5072,0.93,350.8,37.36,23.46,55.35,429.7,23.44,0,24.37,25.3,0.069
"2018-11-09 12:00:00",45,13.34,101.4794,1.645,33.59,58.57,24.18,55.9,651.7,33.87,0,24.79,26.59,0.069
"2018-11-09 13:00:00",46,13.35,101.4575,2.177,73.47,27.06,24.15,52.47,748.3,37.98,0,24.93,26.31,0.069
"2018-11-09 14:00:00",47,13.39,101.4067,2.715,65.96,25.28,24.37,56.56,857,41.53,0,25.33,27.01,0.068
"2018-11-09 15:00:00",48,13.35,101.393,2.513,74.51,27.53,23.56,59.51,478.4,26.31,0,23.67,25.04,0.068
"2018-11-09 16:00:00",49,13.35,101.4149,2.749,68.91,22.98,23.85,59.08,571.8,24.58,0,24.68,25.45,0.068
"2018-11-09 17:00:00",50,13.09,101.4501,2.3,68.12,23.5,23.28,59.55,319.9,12.87,0,22.24,23.73,0.068
"2018-11-09 18:00:00",51,12.93,101.5075,2.161,69.44,20.04,21.62,69.03,52.09,3.565,0,20.18,21.26,0.068
"2018-11-09 19:00:00",52,12.91,101.5498,0.608,78.74,13.99,19.53,78.2,0.854,0.142,0,17.65,18.81,0.067
"2018-11-09 20:00:00",53,12.87,101.6308,0.022,127.5,5.148,18.16,81.2,0,0,0,16.06,16.73,0.067
"2018-11-09 21:00:00",54,12.86,101.6471,0.014,146,3.263,17.83,83.8,0,0,0,15.5,15.94,0.067
"2018-11-09 22:00:00",55,12.84,101.6654,0.044,186.6,1.631,17.18,83.4,0,0,0,14.83,15.2,0.067
"2018-11-09 23:00:00",56,12.83,101.6771,0.022,227.2,2.936,16.08,88.5,0.162,0,0,14.69,15.35,0.067
"2018-11-10 00:00:00",57,12.82,101.639,0.021,228.7,5.682,17.07,87.9,0.086,0,0,16.68,17.16,0.067
"2018-11-10 01:00:00",58,12.82,101.59,0.057,193.5,10.91,17.28,86.6,0,0,0,16.93,17.01,0.067
"2018-11-10 02:00:00",59,12.81,101.5656,0.144,196.3,6.52,17.22,86.1,0,0,0,16.56,16.7,0.067
"2018-11-10 03:00:00",60,12.79,101.5574,0.628,191.7,14.11,17.58,84.7,0,0,0,16.78,17.22,0.066
"2018-11-10 04:00:00",61,12.79,101.5248,0.164,185.9,15.39,16.79,91.4,0,0,0,14.83,16.33,0.066
"2018-11-10 05:00:00",62,12.79,101.5494,0.136,212.5,19.51,15.47,93.8,0.547,0.077,0,14.17,14.68,0.066
"2018-11-10 06:00:00",63,12.75,101.5886,0.134,229.3,17.6,16.02,85.5,70.66,3.053,0,14.74,16.03,0.066
"2018-11-10 07:00:00",64,13,101.5973,0.614,233,48.53,20.36,64.65,335.1,12.55,0,18.59,21.7,0.066
"2018-11-10 08:00:00",65,13.33,101.585,1.175,59.67,43.97,23.27,60.01,577,24.21,0,23.5,24.78,0.066
"2018-11-10 09:00:00",66,13.43,101.5623,1.267,353.7,47.35,23.25,59.76,502.2,25.25,0,23.6,25.1,0.066
"2018-11-10 10:00:00",67,13.48,101.5035,1.148,37.8,37.2,24.06,58.34,542,28.42,0,23.43,25.71,0.066
"2018-11-10 11:00:00",68,13.71,101.4087,2.209,45.23,29.35,24.54,51.03,693.2,36.1,0,24.91,26.58,0.066
"2018-11-10 12:00:00",69,14.04,101.3273,2.868,31.27,30.37,25.56,48.38,1104,53.58,0,27.54,28.55,0.065
"2018-11-10 13:00:00",70,13.92,101.2346,3.252,32.27,34.16,25.59,53.08,1024,49.48,0,27.52,28.52,0.065
"2018-11-10 14:00:00",71,14.8,101.1456,3.427,37.05,24.92,25.74,50.73,955,45.76,0,27.8,28.54,0.065
"2018-11-10 15:00:00",72,13.7,101.0392,3.502,28.4,29.32,25.07,53.81,790.5,36.35,0,26.43,27.42,0.065
"2018-11-10 16:00:00",73,13.72,101.0009,3.357,18.77,31.89,24.4,54.61,576.3,24.94,0,25.06,26.06,0.064
"2018-11-10 17:00:00",74,13.29,100.9934,3.39,19.62,31.96,23.39,57.98,335.1,13.35,0,22.49,24,0.064
"2018-11-10 18:00:00",75,13.04,101.025,2.814,18.71,29.13,21.9,61.54,51.45,3.825,0,20.84,21.64,0.064
"2018-11-10 19:00:00",76,12.99,101.0547,1.712,17.15,23.96,20.36,68.44,0.824,0.16,0,19.25,19.92,0.063
"2018-11-10 20:00:00",77,12.93,101.0993,1.021,22.17,21.66,19.18,74.37,0,0,0,18.21,18.6,0.063
"2018-11-10 21:00:00",78,12.94,101.1494,0.726,339.1,36.13,18.4,84,0,0,0,15.75,17.52,0.063
"2018-11-10 22:00:00",79,12.91,101.1576,0.079,336.5,11.14,16.97,87.1,0,0,0,15.36,15.77,0.063
"2018-11-10 23:00:00",80,12.91,101.154,0.039,277.1,3.018,16.76,89.4,0,0,0,14.86,15.2,0.063
"2018-11-11 00:00:00",81,12.9,101.1005,0.398,273.3,15.04,16.23,91.3,0,0,0,14.78,15.13,0.063
"2018-11-11 01:00:00",82,12.88,101.0521,0.523,282.8,16.48,15.46,92.7,0,0,0,14.91,15.04,0.063
"2018-11-11 02:00:00",83,12.87,101.0603,0.201,271.1,23.3,15.44,92.5,0,0,0,14.61,14.87,0.063
"2018-11-11 03:00:00",84,12.86,101.0789,0.061,250.4,13.99,15.36,93.1,0,0,0,14.02,14.45,0.062
"2018-11-11 04:00:00",85,12.83,101.0918,0,0,0,13.99,97.9,0,0,0,13.34,13.6,0.062
"2018-11-11 05:00:00",86,12.85,101.1341,0,0,0,13.56,99,0.803,0.077,0,13.13,13.33,0.062
"2018-11-11 06:00:00",87,12.84,101.2424,0,0,0,14.83,94.9,51.93,2.985,0,13.83,15.2,0.062
"2018-11-11 07:00:00",88,12.99,101.3188,0.801,309.5,17.9,18.67,79.47,249.7,11.36,0,17.64,19.65,0.062
"2018-11-11 08:00:00",89,13.45,101.3116,1.879,325.6,29.69,22.74,67.94,504.1,22.31,0,22.69,24.19,0.062
"2018-11-11 09:00:00",90,13.89,101.3196,2.14,343.2,31.59,23.86,62.82,582.5,28.03,0,24.23,25.66,0.062
"2018-11-11 10:00:00",91,13.95,101.3196,2.034,1.823,31.78,24.18,63.09,432.3,22.88,0,24.75,25.91,0.062
"2018-11-11 11:00:00",92,14.04,101.3278,2.043,11.44,30.46,24.79,64.54,418.4,22.71,0,25.64,26.3,0.062
"2018-11-11 12:00:00",93,14.19,101.3169,2.712,35.65,29.6,25.28,62.26,630.2,32.74,0,26.46,27.33,0.062
"2018-11-11 13:00:00",94,14.18,101.3098,2.653,43.1,26.97,25.47,64.04,636.1,32.58,0,27.13,27.67,0.061
"2018-11-11 14:00:00",95,13.99,101.2784,3.008,46.25,25.63,25.85,66.57,855,40.45,0,27.63,28.61,0.061
"2018-11-11 15:00:00",96,13.9,101.2608,3.115,43.39,27.78,25.58,63.2,718.9,33.57,0,25.92,27.82,0.06
"2018-11-11 16:00:00",97,13.92,101.2685,2.929,46.38,23.36,25.55,62.74,581.3,24.87,0,26.15,27.18,0.06
"2018-11-11 17:00:00",98,13.39,101.3014,2.709,41.55,24.21,24.7,62.69,327.8,13.18,0,23.6,25.23,0.06
"2018-11-11 18:00:00",99,13.05,101.3483,2.152,41.65,19.29,23.01,74.93,56.67,3.831,0,21.44,22.62,0.059
"2018-11-11 19:00:00",100,12.99,101.411,1.234,45.77,15.58,21.13,82,1.229,0.17,0,19.49,20.48,0.059
"2018-11-11 20:00:00",101,12.95,101.5185,0.766,56.72,11.01,19.92,80.8,0,0,0,18.31,18.89,0.059
"2018-11-11 21:00:00",102,12.93,101.5982,0.053,63.74,3.606,18.86,84.6,0,0,0,15.91,17.01,0.059
"2018-11-11 22:00:00",103,12.91,101.639,0,0,0,18.43,83.1,0,0,0,15.84,16.23,0.059
"2018-11-11 23:00:00",104,12.88,101.6634,0.009,152,0.711,18.43,83.2,0,0,0,16.19,16.9,0.059
"2018-11-12 00:00:00",105,12.85,101.6308,0,0,0,17.65,87.9,0,0,0,16.08,16.62,0.059
"2018-11-12 01:00:00",106,12.87,101.5818,0,0,0,17.06,90.9,0,0,0,15.59,16.17,0.059
"2018-11-12 02:00:00",107,12.86,101.5519,0,0,0,17.43,88.3,0,0,0,14.82,15.22,0.058
"2018-11-12 03:00:00",108,12.86,101.5349,0,0,0,17.06,94.3,0.049,0,0,15.24,15.75,0.058
"2018-11-12 04:00:00",109,12.85,101.5656,0.054,223.5,25.72,16.66,97.6,0.121,0,0,15.37,16.54,0.058
"2018-11-12 05:00:00",110,12.83,101.6227,0.104,257.8,9.13,17.42,94.3,0.36,0.075,0,16.84,17.39,0.058
"2018-11-12 06:00:00",111,12.85,101.6798,0.263,224.2,17.01,17.82,89,52.28,2.502,0,16.96,17.82,0.058
"2018-11-12 07:00:00",112,12.96,101.7146,0.21,234.7,16.98,19.55,82.6,142.7,9.34,0,18.74,19.83,0.058
"2018-11-12 08:00:00",113,13.29,101.7112,1.14,341.3,54.86,23.37,67.16,527.6,23.3,0,21.32,24.44,0.058
"2018-11-12 09:00:00",114,13.68,101.7162,2.333,5.399,35.23,24.59,60.53,748,34.44,0,25.33,26.57,0.058
"2018-11-12 10:00:00",115,13.96,101.6682,2.559,22.86,32.81,25.26,61.48,811,39.93,0,25.47,27.86,0.058
"2018-11-12 11:00:00",116,13.97,101.6006,2.866,34.08,32.96,26.37,51.77,1041,51.06,0,27.68,29.35,0.057
"2018-11-12 12:00:00",117,13.97,101.5555,3.303,14.39,31.26,26.64,57.49,958,48.36,0,28.06,29.32,0.057
"2018-11-12 13:00:00",118,14.04,101.5199,3.55,37.85,29.68,26.71,52.16,939,46.61,0,27.6,29.22,0.056
"2018-11-12 14:00:00",119,13.95,101.4568,3.723,37.64,27.82,26.67,55.34,913,43.85,0,28.35,29.19,0.056
"2018-11-12 15:00:00",120,14.07,101.3599,3.958,38.34,27.23,26.19,55.58,786.9,35.95,0,27.66,28.38,0.055
"2018-11-12 16:00:00",121,13.93,101.2928,3.976,34.53,27.42,25.52,60.21,571.8,25.03,0,26.27,27.06,0.055
"2018-11-12 17:00:00",122,13.48,101.3113,3.654,29.51,26.2,24.52,65.87,333.3,13.47,0,23.72,25.13,0.055
"2018-11-12 18:00:00",123,13.05,101.3338,3.041,27.24,28.07,22.98,69.97,58.49,3.946,0,21.99,22.78,0.054
"2018-11-12 19:00:00",124,13,101.3773,1.842,27.92,24.43,21.63,76.72,0.623,0.187,0,20.51,21.21,0.054
"2018-11-12 20:00:00",125,12.97,101.4778,0.888,24.48,19.04,20.63,79,0,0,0,19.76,20.08,0.054
"2018-11-12 21:00:00",126,12.93,101.5524,0.336,22.83,11.85,19.96,84.4,0,0,0,18.77,19.35,0.053
"2018-11-12 22:00:00",127,12.91,101.5653,0,0,0,19.27,89.7,0,0,0,17.28,17.87,0.053
"2018-11-12 23:00:00",128,12.88,101.5329,0.018,301.8,3.028,18.95,89.3,0,0,0,17.31,17.62,0.053
"2018-11-13 00:00:00",129,12.88,101.435,0.192,283.6,11.24,18.06,90,0,0,0,16.93,17.29,0.053
"2018-11-13 01:00:00",130,12.86,101.3371,0.225,312.3,13.54,18.7,87.8,0,0,0,17.79,18.36,0.053
"2018-11-13 02:00:00",131,12.83,101.2943,0.489,305.7,24.37,19.25,90.4,0,0,0,19.16,19.24,0.053
"2018-11-13 03:00:00",132,12.86,101.3062,0.397,304.5,13.63,19.46,87.4,0,0,0,19.34,19.49,0.053
"2018-11-13 04:00:00",133,12.86,101.3314,0.717,307.1,18.9,19.86,86.6,0,0,0,19.69,19.77,0.053
"2018-11-13 05:00:00",134,12.85,101.3622,1.021,348.1,24.28,20.26,81.1,0.287,0.031,0,19.82,20.08,0.053
"2018-11-13 06:00:00",135,12.85,101.4138,1.509,9.27,22.37,20.86,79.79,16.4,0.994,0,20.26,20.72,0.052
"2018-11-13 07:00:00",136,12.86,101.4183,1.688,353.1,22.63,21.26,73.46,102.5,5.588,0,20.81,21.49,0.052
"2018-11-13 08:00:00",137,13.4,101.3977,2.375,359.8,24.37,22.34,70.31,203.6,10.97,0,22.29,22.92,0.052
"2018-11-13 09:00:00",138,14.03,101.4012,2.711,3.542,27.33,23.36,67.83,352.4,18.5,0,23.76,24.42,0.052
"2018-11-13 10:00:00",139,13.96,101.3441,2.688,14.14,27.54,24.03,61.93,396.7,21.19,0,23.95,25.14,0.051
"2018-11-13 11:00:00",140,13.96,101.3033,3.364,11.01,27.14,24.42,63.62,365.2,20.06,0,24.59,25.49,0.051
"2018-11-13 12:00:00",141,14.06,101.2218,3.349,13.44,34.5,24.83,61.73,398.6,21.65,0,25.06,25.93,0.051
"2018-11-13 13:00:00",142,14.2,101.1484,3.54,24.25,31.56,24.94,60.93,493.2,25.77,0,25.59,26.19,0.051
"2018-11-13 14:00:00",143,14.09,101.0393,3.762,23.68,29.97,25.7,56.76,702.6,34.51,0,26.64,27.49,0.05
"2018-11-13 15:00:00",144,14.18,100.9985,4.106,12.75,29.02,25.72,59.47,782.8,35.44,0,26.86,27.66,0.05
"2018-11-13 16:00:00",145,14.07,100.9498,3.662,20.12,31.4,25.37,59.41,568.1,24.5,0,26.35,26.81,0.05
"2018-11-13 17:00:00",146,13.52,100.9688,3.288,22.13,27.83,24.37,63.16,328.8,13.18,0,23.63,24.96,0.049
"2018-11-13 18:00:00",147,13.06,100.9977,2.572,27.68,26.18,22.88,72.88,64.62,3.959,0,21.89,22.69,0.049
"2018-11-13 19:00:00",148,13.01,101.0429,1.549,29.94,20.83,21.42,78.13,1.148,0.198,0,20.43,21.02,0.049
"2018-11-13 20:00:00",149,12.9,101.1181,0.914,14.32,17.93,20.48,82.2,0,0,0,19.61,19.97,0.048
"2018-11-13 21:00:00",150,12.95,101.1348,0.783,24.83,17.33,20.06,80.9,0,0,0,19.18,19.41,0.048
"2018-11-13 22:00:00",151,12.93,101.2298,0.488,12.28,16.83,20.21,83,0,0,0,18.82,19.36,0.048
"2018-11-13 23:00:00",152,12.91,101.2392,0.139,239.6,16.68,19.08,90.4,0,0,0,17.17,17.69,0.048
"2018-11-14 00:00:00",153,12.89,101.1657,0.02,235.5,3.931,17.49,94.9,0,0,0,15.91,16.96,0.048
"2018-11-14 01:00:00",154,12.83,101.0768,0,0,0,15.98,97.7,0,0,0,15.06,15.39,0.048
"2018-11-14 02:00:00",155,12.86,101.0719,0.035,270.3,3.933,16.18,96.6,0,0,0,14.94,15.25,0.048
"2018-11-14 03:00:00",156,12.84,101.0441,0.032,272.1,1.812,16.7,96.4,0,0,0,15.61,15.72,0.048
"2018-11-14 04:00:00",157,12.79,101.0678,0.504,282.5,19.77,18.07,92.3,0,0,0,15.87,17.4,0.048
"2018-11-14 05:00:00",158,12.79,101.1413,0.103,293.3,6.885,18.64,92.4,0.747,0.093,0,17.99,18.45,0.047
"2018-11-14 06:00:00",159,12.83,101.1739,0.114,307.7,11.7,18.77,88.9,44.59,2.319,0,17.59,18.47,0.047
"2018-11-14 07:00:00",160,12.88,101.2389,0.446,326,18.06,19.98,92.5,50.54,2.607,0,19.87,20.19,0.047
"2018-11-14 08:00:00",161,12.96,101.231,1.661,317.8,23.54,20.89,87.6,171.3,9.67,0,20.63,21.48,0.047
"2018-11-14 09:00:00",162,13.79,101.2577,1.985,314.5,23.72,21.77,85.3,253.6,14.39,0,22.59,22.88,0.047
"2018-11-14 10:00:00",163,14.06,101.2299,1.832,313.1,28.49,22.83,77.14,426.8,23.54,0,22.92,24.5,0.047
"2018-11-14 11:00:00",164,14.1,101.1625,1.88,347,31.36,24.76,64.36,576.3,30.66,0,26.23,27.12,0.047
"2018-11-14 12:00:00",165,14.09,101.0733,2.187,2.843,28.66,25.81,55.57,522.8,28.66,0,26.31,27.73,0.047
"2018-11-14 13:00:00",166,14.12,100.9998,2.378,6.776,31.04,26.88,54.51,669.7,34.99,0,27.76,28.95,0.046
"2018-11-14 14:00:00",167,14,100.9277,2.677,9.09,33.9,27.49,51.47,690.4,36.43,0,28.19,29.49,0.046
"2018-11-14 15:00:00",168,13.94,100.8886,3.084,20.62,31.48,27.78,50.21,780.7,36.35,0,29.26,29.9,0.046
"2018-11-14 16:00:00",169,14.03,100.8598,2.905,17.21,28.15,27.22,55.05,587.7,25.97,0,27.88,28.78,0.045
"2018-11-14 17:00:00",170,13.46,100.8367,2.925,24.47,28.18,25.92,62.25,344.8,14.06,0,24.88,26.45,0.045
"2018-11-14 18:00:00",171,13.03,100.8637,2.002,21.73,22.73,24.05,76.01,65.51,4.222,0,22.57,23.72,0.044
"2018-11-14 19:00:00",172,13,100.9203,1.389,32.67,20.12,21.88,85.6,1.399,0.219,0,20.52,21.46,0.044
"2018-11-14 20:00:00",173,12.98,100.9564,0.615,29.04,15.84,20.45,92,0,0,0,19.13,19.92,0.044
"2018-11-14 21:00:00",174,12.94,101.0097,0.32,38.98,14.42,19.62,94,0,0,0,17.34,18.58,0.044
"2018-11-14 22:00:00",175,12.92,101.0678,0.001,0.072,0,18.62,96.9,0,0,0,16.66,17.01,0.044
"2018-11-14 23:00:00",176,12.91,101.027,0.037,3.814,3.478,18.52,96.8,0,0,0,16.52,16.94,0.043
"2018-11-15 00:00:00",177,12.89,101.0433,0.209,284.5,23.26,18.93,96.3,0,0,0,17.02,17.6,0.043
"2018-11-15 01:00:00",178,12.87,101.0107,0.38,267.3,13.18,18.02,97.7,0,0,0,16.75,17.07,0.043
"2018-11-15 02:00:00",179,12.86,100.9781,0.255,254.7,14.96,17.2,99.1,0,0,0,16.14,16.77,0.043
"2018-11-15 03:00:00",180,12.84,100.9619,0.014,271.6,4.634,16.85,99.4,0,0,0,15.38,15.73,0.043
"2018-11-15 04:00:00",181,12.83,100.9373,0.169,268.9,12.43,17.02,99.9,0,0,0,15.45,16.15,0.043
"2018-11-15 05:00:00",182,12.83,100.9863,0.32,272.2,12.7,17.57,99.5,1.263,0.072,0,16.74,17.29,0.043
"2018-11-15 06:00:00",183,12.8,101.0189,0.173,294,9.5,18.22,97.1,37.59,2.235,0,17.63,18.33,0.043
"2018-11-15 07:00:00",184,13.02,101.0771,0.784,319.8,22.08,20.22,91.1,108.2,5.342,0,19.67,20.6,0.043
"2018-11-15 08:00:00",185,13.58,101.0389,1.675,331,26.54,22.54,72.63,328.4,15.72,0,21.61,23.51,0.043
"2018-11-15 09:00:00",186,14.09,101.0414,2.679,345.3,30.44,25.09,65.16,553.8,26.44,0,25.46,26.61,0.043
"2018-11-15 10:00:00",187,14.04,101.0012,2.571,350.2,32.68,25.48,67.54,369.4,18.76,0,26.07,26.76,0.042
"2018-11-15 11:00:00",188,14.06,100.9589,2.546,349.9,30.47,25.66,66.92,420,21.62,0,26.39,27.07,0.042
"2018-11-15 12:00:00",189,14.11,100.9023,3.007,15.86,29.76,26.3,65.66,649.8,31.26,0,26.21,28.05,0.042
"2018-11-15 13:00:00",190,14.07,100.8302,3.311,23.32,29.49,27.39,63.38,930,43.34,0,28.1,29.91,0.042
"2018-11-15 14:00:00",191,14.21,100.7495,3.536,21.41,29.81,27.91,62.02,935,41.25,0,29.8,30.34,0.041
"2018-11-15 15:00:00",192,14.18,100.7258,3.473,24.23,27.31,27.81,61.81,785,34.71,0,29.33,29.88,0.041
"2018-11-15 16:00:00",193,14.08,100.7193,3.415,39.15,26.22,27.3,63.15,574.1,24.57,0,27.96,28.86,0.041
"2018-11-15 17:00:00",194,13.54,100.7134,3.143,35.58,25.45,26,69.79,330.4,12.9,0,24.88,26.64,0.04
"2018-11-15 18:00:00",195,13.06,100.7179,2.528,31.1,23.76,24.12,77.5,67.83,3.994,0,22.91,23.91,0.04
"2018-11-15 19:00:00",196,13.02,100.7817,1.33,28.17,20.6,22.46,83.9,1.465,0.221,0,21.29,22.03,0.04
"2018-11-15 20:00:00",197,12.98,100.8599,0.759,10.38,14.35,21.34,88.5,0,0,0,20.41,20.81,0.04
"2018-11-15 21:00:00",198,12.96,100.9232,0.406,10.24,11.25,20.81,90.3,0,0,0,19.89,20.12,0.039
"2018-11-15 22:00:00",199,12.94,100.995,0.234,355.4,18.42,20.6,94.4,0,0,0,19.65,19.91,0.039
"2018-11-15 23:00:00",200,12.92,100.9795,0.402,272.6,15.37,20.2,96.5,0,0,0,19.46,19.68,0.039
"2018-11-16 00:00:00",201,12.88,100.9975,0.155,261.9,10.69,19.54,97.6,0,0,0,18.93,19.25,0.039
"2018-11-16 01:00:00",202,12.84,100.9459,0.152,257.4,19.52,19.69,98.1,0,0,0,19.12,19.43,0.039
"2018-11-16 02:00:00",203,12.87,100.9045,0,0,0,18.71,99.3,0,0,0,17.53,18.04,0.039
"2018-11-16 03:00:00",204,12.86,100.9454,0.03,282.4,3.13,18.95,99.8,0.012,0,0,17.48,18.09,0.039
"2018-11-16 04:00:00",205,12.85,100.9674,0.149,273,6.605,19.55,99.5,0,0,0,18.62,19.12,0.039
"2018-11-16 05:00:00",206,12.84,101.0182,0,0,0,19.14,100,0.932,0.082,0,17.7,18.41,0.039
"2018-11-16 06:00:00",207,12.84,101.1183,0.018,47.8,6.228,20.09,99.9,27.75,1.725,0,18.57,20.09,0.039
"2018-11-16 07:00:00",208,12.89,101.1729,0.463,338,17.29,22.37,94.2,126,6.804,0,21.54,23.02,0.039
"2018-11-16 08:00:00",209,13.48,101.1974,1.683,352.4,26.58,24.44,82,355.7,16.37,0,23.77,25.76,0.039
"2018-11-16 09:00:00",210,13.94,101.2043,2.248,3.122,27.29,25.79,74.65,366.2,18.97,0,26.15,27,0.039
"2018-11-16 10:00:00",211,14.01,101.1598,2.389,13.26,28,26.67,70.19,465.3,24.05,0,26.68,28.15,0.039
"2018-11-16 11:00:00",212,14.05,101.1055,2.539,18.42,25.92,27.51,63.49,584.5,29.36,0,27.59,29.05,0.039
"2018-11-16 12:00:00",213,14.13,101.0418,2.826,33.65,31.33,29.05,65.93,927,44.57,0,30.62,31.82,0.039
"2018-11-16 13:00:00",214,14.06,100.9603,3.331,34.3,29.73,29.13,66.32,1010,48.86,0,30.51,31.86,0.038
"2018-11-16 14:00:00",215,14.22,100.8706,3.368,35.04,31.04,28.86,69.53,940,43.76,0,30.83,31.6,0.038
"2018-11-16 15:00:00",216,14.18,100.8379,3.479,36.73,25.63,28.28,70.19,785.4,35.54,0,30.01,30.76,0.038
"2018-11-16 16:00:00",217,14.07,100.7899,3.477,43.76,24.07,27.67,73.94,576.1,25.08,0,28.5,29.44,0.038
"2018-11-16 17:00:00",218,13.65,100.804,3.076,35.18,24.89,26.53,79.87,347.3,13.49,0,25.96,27.43,0.037
"2018-11-16 18:00:00",219,13.08,100.798,2.718,34.21,24.73,24.78,86.4,79.29,4.153,0,23.91,24.81,0.037
"2018-11-16 19:00:00",220,13.02,100.8209,1.871,25.8,25.06,23.39,92.5,2.266,0.238,0,22.66,23.17,0.037
"2018-11-16 20:00:00",221,12.98,100.8551,1.594,15.52,24.87,22.82,94.8,0,0,0,22.44,22.54,0.037
"2018-11-16 21:00:00",222,12.96,100.9118,2.017,7.463,25.98,23.32,92,0,0,0,22.53,23.15,0.036
"2018-11-16 22:00:00",223,12.95,100.8841,2.718,358.8,23.91,23.76,90.2,0,0,0,23.6,23.68,0.036
"2018-11-16 23:00:00",224,12.94,100.8512,2.534,353.1,26.17,23.92,88.2,0,0,0,23.79,23.85,0.036
"2018-11-17 00:00:00",225,12.89,100.8283,2.177,349.2,26.59,23.58,90.9,0,0,0,22.54,23.37,0.036
"2018-11-17 01:00:00",226,12.91,100.7722,1.099,337.6,20.75,22.82,94.5,0,0,0,21.93,22.53,0.036
"2018-11-17 02:00:00",227,12.85,100.7411,0.191,321.3,10.47,21.43,98.5,0,0,0,20.04,20.95,0.036
"2018-11-17 03:00:00",228,12.85,100.7184,0.211,308.1,8.64,21.22,99.2,0,0,0,20.19,20.96,0.036
"2018-11-17 04:00:00",229,12.85,100.7021,0.277,335.8,11.72,21.31,99.4,0,0,0,21.15,21.25,0.036
"2018-11-17 05:00:00",230,12.85,100.7184,0.949,1.369,15.75,21.29,99.3,0.922,0.105,0,20.86,21.12,0.036
"2018-11-17 06:00:00",231,12.85,100.7334,1.552,4.379,19.53,21.46,99.2,71.06,2.75,0,20.87,21.59,0.036
"2018-11-17 07:00:00",232,13.25,100.7096,2.289,359.7,25.64,23.17,81.6,301.7,11.21,0,22.36,24.53,0.036
"2018-11-17 08:00:00",233,13.55,100.698,2.645,351.9,29.22,27.14,64.17,527.5,21.23,0,26.67,28.39,0.036
"2018-11-17 09:00:00",234,13.89,100.683,2.932,352,28.14,29.84,56.43,686.9,30.25,0,30.36,31.38,0.036
"2018-11-17 10:00:00",235,14.06,100.683,2.548,349.6,27.63,31.15,53.38,602.4,30.04,0,31.91,32.84,0.036
"2018-11-17 11:00:00",236,14.02,100.683,1.973,20.35,39.48,31.2,68.09,364.4,21.49,0,30.71,32.29,0.036
"2018-11-17 12:00:00",237,14.16,100.6993,2.484,61.23,20.05,29.59,65.96,729.8,35.72,0,30.07,31.85,0.036
"2018-11-17 13:00:00",238,14.08,100.7727,2.368,114.5,41,29.95,65.61,963,44.86,0,31.33,32.69,0.035
"2018-11-17 14:00:00",239,13.94,100.7332,2.604,124.5,39.26,27.87,71.72,682.1,31.78,0,27.83,30.06,0.035
"2018-11-17 15:00:00",240,14.09,100.7157,2.879,138.4,35.7,27.94,67.91,749.7,33.19,0,29.21,30.08,0.035
"2018-11-17 16:00:00",241,14.11,100.7621,3.297,139.2,31.95,26.91,69.93,545.4,23.02,0,27.29,28.37,0.035
"2018-11-17 17:00:00",242,13.56,100.828,3.286,143.4,34.49,25.68,72.49,288.7,12.02,0,25.02,26.41,0.035
"2018-11-17 18:00:00",243,13.06,100.8876,2.444,147.7,36.49,24.47,77,57.51,3.026,0,24.3,24.64,0.035
"2018-11-17 19:00:00",244,13,100.9664,2.256,153.1,34.03,23.76,80.1,0.983,0.125,0,23.23,23.79,0.034
"2018-11-17 20:00:00",245,12.98,101.0662,2.132,156.6,36.8,23.07,79.87,0,0,0,22.83,23,0.034
"2018-11-17 21:00:00",246,12.96,101.1489,2.185,165.3,39.17,22.61,81.3,0,0,0,22.29,22.59,0.034
"2018-11-17 22:00:00",247,12.94,101.1812,1.732,170.2,40.03,22.16,80.4,0,0,0,21.67,22.12,0.034
"2018-11-17 23:00:00",248,12.91,101.1413,1.673,178.5,33.24,21.45,83.6,0,0,0,21.06,21.29,0.034
"2018-11-18 00:00:00",249,12.9,101.1194,1.701,177.4,35.14,20.88,86.9,0,0,0,20.4,20.67,0.034
"2018-11-18 01:00:00",250,12.89,101.1121,1.631,178.5,33.83,20.58,89.1,0,0,0,20.18,20.39,0.034
"2018-11-18 02:00:00",251,12.88,101.117,1.448,191.1,30.08,20.23,91.2,0,0,0,19.72,20.03,0.034
"2018-11-18 03:00:00",252,12.86,101.1119,0.736,186,22.87,19.61,93.5,0,0,0,19.07,19.37,0.034
"2018-11-18 04:00:00",253,12.84,101.1273,0.838,192.5,20.98,19.75,89.4,0,0,0,18.99,19.51,0.034
"2018-11-18 05:00:00",254,12.83,101.1689,1.166,186.8,27.77,20.57,87.9,0.52,0.056,0,20.26,20.51,0.034
"2018-11-18 06:00:00",255,12.8,101.2345,1.335,186.6,28.2,20.73,92,14.33,0.911,0,20.43,20.8,0.034
"2018-11-18 07:00:00",256,12.87,101.2471,1.277,185.3,30.41,21.46,81.3,162.5,8.14,0,20.45,21.97,0.034
"2018-11-18 08:00:00",257,13.73,101.2952,1.801,162.1,39.74,23.51,76.43,397.4,18.63,0,23.32,24.82,0.034
"2018-11-18 09:00:00",258,14.16,101.2949,1.987,167.4,40.07,24.55,71.34,480,23.94,0,25.23,26.19,0.034
"2018-11-18 10:00:00",259,13.98,101.2686,2.064,160.8,39.91,25.33,61.56,578.3,28.2,0,25.51,27.06,0.034
"2018-11-18 11:00:00",260,14.1,101.2603,2.151,134.4,39.3,26.67,59.08,752.8,37.08,0,27.51,28.97,0.034
"2018-11-18 12:00:00",261,14.11,101.2335,2.149,137.5,38.06,26.97,60.44,834,42.82,0,28.52,29.55,0.034
"2018-11-18 13:00:00",262,14.17,101.1938,2.269,133.8,38.08,26.42,65.09,676.9,34.99,0,27.27,28.81,0.034
"2018-11-18 14:00:00",263,14.21,101.1628,2.304,134.9,35.99,25.66,63.19,549,28.99,0,26.75,27.57,0.034
"2018-11-18 15:00:00",264,14.17,101.1213,2.136,134.3,33.82,25.23,66.43,428,22.56,0,26.21,26.85,0.034
"2018-11-18 16:00:00",265,14.1,101.0586,2.067,129.4,37.98,24.29,70.65,255.7,13.6,0,24.4,25.4,0.033
"2018-11-18 17:00:00",266,13.9,101.1407,1.774,123.1,36.08,23.82,66.98,167.5,8.21,0,24.35,24.65,0.033
"2018-11-18 18:00:00",267,13.05,101.2422,1.372,127.5,34.17,23.19,71.85,30.81,1.849,0,23.11,23.52,0.033
"2018-11-18 19:00:00",268,13.01,101.3523,1.167,136.6,28.48,22.7,76.28,0.876,0.085,0,22.66,22.81,0.033
"2018-11-18 20:00:00",269,12.99,101.507,1.357,143.6,27.46,22.55,84.5,0,0,0,21.69,22.58,0.033
"2018-11-18 21:00:00",270,12.96,101.5281,1.183,162.3,33.6,20.16,93.6,0,0,0,19.99,20.26,0.033
"2018-11-18 22:00:00",271,12.94,101.5446,1.425,128,36.3,20.82,88.6,0,0,0,20.07,20.71,0.033
"2018-11-18 23:00:00",272,12.93,101.5108,0.585,121.7,39.7,21.11,86.6,0,0,0,20.81,20.94,0.032
"2018-11-19 00:00:00",273,12.91,101.5286,1.043,209.1,25.01,20.14,92.8,0,0,0,19.53,20.2,0.033
"2018-11-19 01:00:00",274,12.86,101.4365,1.209,196.8,24.91,19.23,94.6,0,0,0,19.28,19.38,0.033
"2018-11-19 02:00:00",275,12.87,101.3399,1.146,191.9,25.91,18.95,96.9,0,0,0,19.05,19.13,0.032
"2018-11-19 03:00:00",276,12.85,101.2845,0.747,91.2,69.2,18.89,98.5,0,0,0,19.05,19.1,0.032
"2018-11-19 04:00:00",277,12.82,101.391,1.08,202,25.72,19.1,98.5,0,0,0.508,19.16,19.27,0.032
"2018-11-19 05:00:00",278,12.77,101.4469,0.544,193.3,18.39,18.87,99.3,0.15,0.033,0.254,19.05,19.13,0.032
"2018-11-19 06:00:00",279,12.84,101.4635,0.138,154,23.87,18.95,99.2,19.52,1.672,0.254,19.08,19.33,0.032
"2018-11-19 07:00:00",280,12.84,101.4677,0.012,89.8,5.574,19.55,94.2,74.49,4.807,0,19.41,20.13,0.032
"2018-11-19 08:00:00",281,13.19,101.4511,0.202,266.5,27.53,20.71,90.3,144.6,9.08,0,20.92,21.4,0.032
"2018-11-19 09:00:00",282,13.54,101.4482,0.453,105.8,51.47,21.5,96.3,193.8,12.08,0.254,21.02,22.34,0.032
"2018-11-19 10:00:00",283,13.6,101.418,1.218,104,43.56,20.65,91.4,254.7,16.28,0,21.02,21.54,0.032
"2018-11-19 11:00:00",284,14.23,101.3497,1.245,48.69,24.31,22.08,78.2,310.8,18.77,0,22.03,23.03,0.032
"2018-11-19 12:00:00",285,14.18,101.2625,1.56,51.8,26.43,23.82,73.36,449.6,25.29,0,24.06,25.1,0.033
"2018-11-19 13:00:00",286,13.95,101.1568,2.197,61.61,21.62,23.16,71.57,191.2,11.79,0,23.25,23.82,0.032
"2018-11-19 14:00:00",287,14.18,101.0668,2.399,47.95,25.91,24.26,71.07,436.6,23.82,0,24.16,25.61,0.032
"2018-11-19 15:00:00",288,14.11,100.9608,2.437,47.88,25.45,24.03,69.23,349.9,19.01,0,24.21,25.16,0.032
"2018-11-19 16:00:00",289,14.09,100.8768,2.736,38.45,26.61,25.01,64.73,569.5,25.58,0,25.62,26.61,0.032
"2018-11-19 17:00:00",290,13.59,100.8954,2.568,30.13,28.97,24.34,70.52,319.2,13.64,0,23.45,25.12,0.032
"2018-11-19 18:00:00",291,13.07,100.915,1.68,21.41,25.5,22.67,78.19,38.72,2.93,0,21.99,22.74,0.032
"2018-11-19 19:00:00",292,13.02,101.0591,0.735,4.925,21.99,21.92,81.1,1.513,0.18,0,21.65,21.73,0.032
"2018-11-19 20:00:00",293,12.99,100.6946,1.251,15.85,21.38,20.88,87,0,0,0.254,20.36,20.78,0.032
"2018-11-19 21:00:00",294,12.98,100.8888,2.543,9.14,35.74,21.56,82.3,0,0,0,20.69,21.18,0.032
"2018-11-19 22:00:00",295,12.94,101.0184,0.686,324.9,23.64,21.87,84.1,0,0,0,21.32,21.47,0.032
"2018-11-19 23:00:00",296,12.93,100.7003,0.448,352.6,14.76,21.35,88.7,0,0,0,20.6,21.16,0.032
"2018-11-20 00:00:00",297,12.91,100.8566,2.055,8.08,43.5,21.2,85.8,0,0,0,20.59,20.91,0.032
"2018-11-20 01:00:00",298,12.89,100.7906,0.132,301.5,30.39,21.35,88.2,0,0,0,20.69,21.01,0.032
"2018-11-20 02:00:00",299,12.88,100.6718,0.386,329.8,12.71,20.68,91.4,0,0,0,20.24,20.39,0.032
"2018-11-20 03:00:00",300,12.83,100.4853,2.061,329.9,28.32,20.67,90.5,0,0,0,20.25,20.43,0.032
"2018-11-20 04:00:00",301,12.83,100.3674,2.862,357.5,27.98,21.14,88.3,0,0,0,20.52,20.91,0.032
"2018-11-20 05:00:00",302,12.83,100.5208,2.162,341.2,34.27,21.6,89.4,0.104,0.025,0,21.23,21.45,0.032
"2018-11-20 06:00:00",303,12.84,100.5043,2.155,352.9,27.94,21.44,88.8,20.27,1.189,0,21.15,21.27,0.032
"2018-11-20 07:00:00",304,12.86,100.5041,2.586,355.5,25.17,21.97,84.7,120,6.156,0,21.44,22.1,0.032
"2018-11-20 08:00:00",305,13.48,100.4959,3.297,357.8,30.63,24.19,73.96,461.2,20.06,0,22.94,25.15,0.032
"2018-11-20 09:00:00",306,13.81,100.4186,4.001,349.7,32.72,26.57,66.22,628.2,28.91,0,26.83,28.05,0.032
"2018-11-20 10:00:00",307,14.09,100.2929,4.232,348.3,32.21,28.49,59.51,845,39.78,0,28.66,30.48,0.032
"2018-11-20 11:00:00",308,14.1,100.21,4.324,349.6,31.74,30.41,52.97,1018,47.81,0,31.64,33,0.032
"2018-11-20 12:00:00",309,14.11,100.1774,3.746,340.9,33.33,31.35,49.84,895,44.15,0,32.36,33.74,0.032
"2018-11-20 13:00:00",310,14.15,99.99798,3.549,343,38.39,32.83,47.96,976,46.47,0,34.88,35.72,0.032
"2018-11-20 14:00:00",311,14.18,99.88381,3.862,16.85,31.06,31.75,64.84,890,41.07,0,32.33,34.27,0.032
"2018-11-20 15:00:00",312,14.14,99.81857,4.301,13.54,26.83,29.56,69.51,663.1,29.79,0,30.47,31.44,0.032
"2018-11-20 16:00:00",313,14.03,99.76105,3.431,16.05,30.73,28.2,73.31,385.4,18.13,0,28.79,29.45,0.032
"2018-11-20 17:00:00",314,13.48,99.79305,2.947,15.06,30.99,27.92,75.15,243.3,10.58,0,27.56,28.6,0.032
"2018-11-20 18:00:00",315,13.06,99.78619,2.52,10.39,25.68,26.39,80.3,42.85,2.645,0,25.74,26.51,0.032
"2018-11-20 19:00:00",316,13.02,99.83627,2.495,8.72,26.72,25.2,85.4,1.762,0.173,0,24.59,25.08,0.032
"2018-11-20 20:00:00",317,12.97,99.93756,2.502,3.328,27.22,24.55,89.8,0,0,0,24.14,24.36,0.032
"2018-11-20 21:00:00",318,12.98,100.003,1.882,357.8,24.27,24.33,91.7,0,0,0,24.04,24.17,0.031
"2018-11-20 22:00:00",319,12.96,100.0758,1.527,349.2,22.92,24.24,92.8,0,0,0,23.96,24.08,0.031
"2018-11-20 23:00:00",320,12.95,100.2141,1.125,191.2,37.95,24.33,91.1,0,0,0,24.02,24.2,0.031
"2018-11-21 00:00:00",321,12.94,100.3607,1.302,175.7,32.59,24.72,80.9,0.002,0,0,24.09,24.53,0.031
"2018-11-21 01:00:00",322,12.92,100.2122,1.734,160.9,37.59,25.15,70.63,0,0,0,23.7,24.85,0.031
"2018-11-21 02:00:00",323,12.9,100.1364,0.412,154.4,21.04,23.59,78.55,0,0,0,22.51,22.99,0.031
"2018-11-21 03:00:00",324,12.88,100.015,0.589,143.6,18.73,22.79,85.1,0,0,0,21.65,22.38,0.031
"2018-11-21 04:00:00",325,12.87,100.0068,0.318,93.8,23.9,22.5,85.3,0,0,0,21.64,21.89,0.031
"2018-11-21 05:00:00",326,12.86,100.1137,0.34,193.7,55.36,21.93,88.4,0.24,0.055,0,20.62,21.06,0.031
"2018-11-21 06:00:00",327,12.85,100.3658,1.637,205.4,28.1,22.1,85.4,50.94,2.736,0,21.03,21.88,0.031
"2018-11-21 07:00:00",328,13.09,100.3969,1.851,190,39.8,22.73,78.44,131.5,6.41,0,22.68,23.12,0.031
"2018-11-21 08:00:00",329,13.5,100.5558,1.709,187.5,35.26,23.63,78.5,176.6,9.41,0,23.85,24.22,0.031
"2018-11-21 09:00:00",330,13.43,100.3829,1.524,159.1,37.59,23.45,78.62,186.7,10.83,0,23.56,24.01,0.031
"2018-11-21 10:00:00",331,14.19,100.3409,1.751,170.4,41.33,25.01,67,526.1,27.53,0,24.85,26.52,0.031
"2018-11-21 11:00:00",332,14.12,100.2428,1.84,167.1,42.37,28.5,56.57,959,46.27,0,29.66,31.21,0.031
"2018-11-21 12:00:00",333,14.02,100.1692,1.65,147,48.39,30.12,61.05,994,48.59,0,31.58,33.14,0.031
"2018-11-21 13:00:00",334,14.02,100.1448,2.346,129.9,35.99,28.87,62.64,803,42.22,0,30,31.53,0.031
"2018-11-21 14:00:00",335,14.08,100.1285,2.571,128,40.1,27.79,73.43,776.5,38.29,0,26.96,30.46,0.031
"2018-11-21 15:00:00",336,13.55,100.1858,2.807,141.7,36.73,24.15,82.4,208.4,11.86,0,23.62,25.31,0.031
"2018-11-21 16:00:00",337,13.47,100.1651,3.134,143.4,34.1,23.15,78.7,164.1,8.92,0,23.46,23.84,0.031
"2018-11-21 17:00:00",338,13.3,100.2801,2.935,157.7,37.93,22.68,84.1,108.6,5.2,0,22.1,23.42,0.031
"2018-11-21 18:00:00",339,13.02,100.424,2.986,150.6,40.85,20.86,85,5.137,0.567,0,20.43,20.98,0.031
"2018-11-21 19:00:00",340,12.99,100.5655,2.932,162.6,39.68,20.55,75.32,0,0.045,0,20.51,20.69,0.031
"2018-11-21 20:00:00",341,12.98,100.663,2.579,167.9,40.08,20.53,80.3,0,0,0,20.39,20.68,0.031
"2018-11-21 21:00:00",342,12.96,100.8271,2.186,162.8,40.91,20.19,83.4,0,0,0,20.06,20.34,0.031
"2018-11-21 22:00:00",343,12.94,100.9102,2.251,169,41.41,19.11,95,0,0,0,18.28,19.22,0.03
"2018-11-21 23:00:00",344,12.88,100.8801,1.272,174.7,37.03,18.44,88.8,0,0,0,18.32,18.48,0.031
"2018-11-22 00:00:00",345,12.86,100.8638,1.371,179.7,33.03,18.26,88.2,0,0,0.508,17.72,18.09,0.03
"2018-11-22 01:00:00",346,12.85,100.8394,1.336,186.6,31.71,18.41,79.87,0,0,0,17.92,18.12,0.03
"2018-11-22 02:00:00",347,12.87,100.8394,1.305,183.5,36.1,18.72,78.1,0,0,0,18.22,18.36,0.03
"2018-11-22 03:00:00",348,12.85,100.8394,1.238,187.3,31.81,18.91,75.91,0,0,0,18.46,18.58,0.03
"2018-11-22 04:00:00",349,12.81,100.872,1.187,189.6,28.5,18.97,77.01,0,0,0,18.57,18.66,0.03
"2018-11-22 05:00:00",350,12.82,100.9128,1.306,184.1,35.22,18.78,79.59,1.074,0.127,0,17.89,18.47,0.03
"2018-11-22 06:00:00",351,12.82,100.9536,1.573,192.3,32.13,18.53,74.27,59.72,3.2,0,17.8,18.28,0.03
"2018-11-22 07:00:00",352,13.08,100.9617,2.221,187.5,36.32,20.44,65.24,313.9,12.88,0,19.28,21.56,0.03
"2018-11-22 08:00:00",353,13.5,100.9857,2.785,175.1,38.77,22.43,56.4,560.9,24.7,0,23.17,23.88,0.03
"2018-11-22 09:00:00",354,13.57,101.0088,2.725,167.1,39.61,24.3,48.71,776.7,36.16,0,24.72,25.78,0.03
"2018-11-22 10:00:00",355,13.78,101.0078,2.535,154,38.26,25.61,50.71,907,44.06,0,26.75,27.72,0.03
"2018-11-22 11:00:00",356,14.16,100.9647,2.555,133,37.06,26.34,48.08,1075,51.99,0,28.64,29.4,0.03
"2018-11-22 12:00:00",357,14.16,100.9596,2.569,128.7,37.53,26.71,50.02,1035,52.11,0,28.43,29.66,0.03
"2018-11-22 13:00:00",358,14.17,100.9175,2.721,124.2,42.17,26.78,48.37,1072,52.96,0,28.67,30.03,0.03
"2018-11-22 14:00:00",359,14.18,100.8671,2.922,125.9,37.57,26.5,53.89,995,47.43,0,28.48,29.68,0.031
"2018-11-22 15:00:00",360,14.19,100.8528,2.714,120.3,41.05,25.79,61.31,818,37.58,0,27.57,28.57,0.03
"2018-11-22 16:00:00",361,14.12,100.8361,2.69,131.7,38.73,25.13,62.05,603.5,26.66,0,26.5,27.26,0.031
"2018-11-22 17:00:00",362,13.66,100.8628,2.768,135.6,36.87,23.77,67.58,314.7,14.13,0,23.45,25.02,0.03
"2018-11-22 18:00:00",363,13.09,100.9105,2.637,137.1,32.81,22.76,72.16,100,4.942,0,22.1,22.88,0.03
"2018-11-22 19:00:00",364,12.98,101.0029,1.963,144.9,32.26,21.78,74.45,3.405,0.347,0,21.4,21.69,0.03
"2018-11-22 20:00:00",365,12.99,101.1097,1.699,141.2,33.86,21.76,69.36,0,0,0,21.35,21.57,0.03
"2018-11-22 21:00:00",366,12.96,101.2188,0.975,146.4,28.16,21.49,73.27,0,0,0,20.46,21.2,0.03
"2018-11-22 22:00:00",367,12.95,101.3166,0.91,147.5,28.04,21.33,74.81,0,0,0,20.47,21.05,0.03
"2018-11-22 23:00:00",368,12.9,101.3378,0.668,164,30.58,19.94,95,0,0,0.254,19.14,20.09,0.03
"2018-11-23 00:00:00",369,12.91,101.3042,0.475,180.5,22.76,18.78,89.6,0,0,0,18.82,18.98,0.03
"2018-11-23 01:00:00",370,12.9,101.2626,0.782,190.4,19.66,18.93,91.4,0,0,0,18.75,18.87,0.03
"2018-11-23 02:00:00",371,12.88,101.2062,0.75,191.3,22.42,18.79,92.6,0,0,0,18.71,18.77,0.03
"2018-11-23 03:00:00",372,12.87,101.2302,0.539,202.4,32.81,18.74,90.2,0,0,0,18.74,18.79,0.03
"2018-11-23 04:00:00",373,12.86,101.247,0.684,205.9,20.28,18.76,90.3,0,0,0,18.66,18.77,0.03
"2018-11-23 05:00:00",374,12.81,101.3044,0.759,204.7,26.79,18.49,90.6,0.191,0.035,0,18.46,18.55,0.03
"2018-11-23 06:00:00",375,12.83,101.3371,0.989,187.6,25.15,18.52,89.3,27.85,1.682,0,18.49,18.62,0.029
"2018-11-23 07:00:00",376,12.87,101.3742,0.959,186.2,25.18,19,84.6,86.8,4.803,0,18.82,19.31,0.029
"2018-11-23 08:00:00",377,13.43,101.3788,1.326,180.4,33.6,20.43,78.53,234.7,12.7,0,20.38,21.25,0.03
"2018-11-23 09:00:00",378,13.99,101.3688,1.465,172.4,43.18,22.3,69.33,534.2,27.3,0,22.36,24.13,0.03
"2018-11-23 10:00:00",379,14.11,101.3424,1.276,149.5,43.74,23.81,68.99,566.7,29.06,0,25.1,26.16,0.03
"2018-11-23 11:00:00",380,14.15,101.2993,1.615,105,38.39,24.26,68.97,601.1,31.13,0,24.93,26.72,0.029
"2018-11-23 12:00:00",381,14.22,101.2274,1.697,100.4,36.48,24.49,64.56,593.1,31.91,0,25.83,26.75,0.03
"2018-11-23 13:00:00",382,14.2,101.2031,2.163,90,34.46,24.7,70.58,613,32.23,0,25.21,27.57,0.03
"2018-11-23 14:00:00",383,14.18,101.1483,1.81,98.3,34.47,23.69,62.63,461.8,23.31,0,24.35,25.62,0.03
"2018-11-23 15:00:00",384,13.95,101.1239,2.312,76.3,26.69,23.72,67.29,318.7,17.84,0,24.02,25.61,0.03
"2018-11-23 16:00:00",385,14.07,101.0994,2.389,68.98,23.14,23.53,66.09,288.5,14.97,0,24.03,24.99,0.03
"2018-11-23 17:00:00",386,13.93,101.0915,2.425,62.32,20.57,23.54,66.49,238,10.14,0,23.98,24.57,0.03
"2018-11-23 18:00:00",387,13.19,101.1446,2.167,56.94,21.26,22.91,72.95,98.3,4.64,0,22.17,23.09,0.03
"2018-11-23 19:00:00",388,13.03,101.1815,0.639,51.51,11.55,21.47,78.83,4.682,0.312,0,20.93,21.31,0.029
"2018-11-23 20:00:00",389,13,101.2227,0.315,33.28,16.34,21.31,78.78,0,0,0,20.99,21.26,0.029
"2018-11-23 21:00:00",390,12.99,101.247,0.331,12.14,11.86,21.56,78.16,0,0,0,21.51,21.57,0.029
"2018-11-23 22:00:00",391,12.98,101.288,0.105,19.78,6.154,21.32,81.9,0,0,0,20.98,21.18,0.029
"2018-11-23 23:00:00",392,12.96,101.2484,0.049,40.4,5.579,21.21,83.1,0,0,0,20.83,21.04,0.029
"2018-11-24 00:00:00",393,12.93,101.2238,0.137,359.6,8.84,21.39,84.6,0,0,0,21.31,21.42,0.029
"2018-11-24 01:00:00",394,12.92,101.153,0,0,0,20.49,89,0,0,0,19.72,20.67,0.029
"2018-11-24 02:00:00",395,12.9,101.1506,0.004,261.3,2.743,20.02,87.6,0,0,0,19.53,19.86,0.029
"2018-11-24 03:00:00",396,12.83,101.1196,0.035,287.5,5.438,20.26,87.6,0,0,0,20.01,20.13,0.029
"2018-11-24 04:00:00",397,12.83,101.1511,0.045,301.3,5.094,20,89.7,0,0,0,19.6,19.88,0.029
"2018-11-24 05:00:00",398,12.8,101.1824,0.004,302.7,1.438,19.69,90.1,1.709,0.097,0,19.48,19.63,0.029
"2018-11-24 06:00:00",399,12.79,101.2086,0.483,331.9,18.93,20.69,84.5,65.98,2.749,0,19.78,20.86,0.029
"2018-11-24 07:00:00",400,13.03,101.2115,1.482,344,23.51,22.52,77.52,144.8,6.607,0,22.55,23.31,0.029
"2018-11-24 08:00:00",401,13.5,101.1975,2.301,346.1,29.23,24.09,70.67,380,18.49,0,23.71,25.33,0.029
"2018-11-24 09:00:00",402,13.94,101.1803,2.809,344.4,30.83,25.27,67.99,486.5,23.9,0,26.27,27.06,0.029
"2018-11-24 10:00:00",403,14.06,101.1464,2.805,345.6,31.4,25.78,65.5,474.7,25.25,0,26.78,27.62,0.029
"2018-11-24 11:00:00",404,14.04,101.0782,2.544,352.9,31.99,26.21,61.9,431,23.52,0,27,27.8,0.029
"2018-11-24 12:00:00",405,14.09,100.9921,3.184,2.443,28.4,27.4,58.94,657.1,34.53,0,28.34,29.64,0.029
"2018-11-24 13:00:00",406,14.18,100.9012,3.73,12.8,32.08,27.76,61.13,759.1,38.14,0,28.42,30.12,0.029
"2018-11-24 14:00:00",407,14.13,100.8209,4.37,16.53,32.39,27.55,58.9,763.6,37.65,0,28.71,29.61,0.029
"2018-11-24 15:00:00",408,14.18,100.7386,4.546,19.71,30.92,27.3,61.51,735.7,33.49,0,27.98,29.28,0.029
"2018-11-24 16:00:00",409,14.08,100.7372,4.34,18.54,31.92,26.29,66.51,444.1,20.5,0,25.85,27.54,0.029
"2018-11-24 17:00:00",410,13.55,100.7732,3.606,16.53,30.46,24.68,73.93,144.9,7.875,0,24.5,25.18,0.029
"2018-11-24 18:00:00",411,13,100.7923,3.43,15,29.36,23.95,78.05,32.54,1.879,0,23.71,24.05,0.029
"2018-11-24 19:00:00",412,12.95,100.8357,2.489,23.26,26.89,23.52,81.5,1.593,0.164,0,23.27,23.48,0.029
"2018-11-24 20:00:00",413,12.94,100.9264,3.036,15.94,30.58,23.42,81.9,0,0,0,23.23,23.31,0.029
"2018-11-24 21:00:00",414,12.94,101.0013,2.128,2.937,25.51,23.43,84.5,0,0,0,23.03,23.21,0.029
"2018-11-24 22:00:00",415,12.89,100.9923,2.36,7.965,24.33,23.18,85.3,0,0,0,22.77,22.95,0.029
"2018-11-24 23:00:00",416,12.89,100.961,1.942,8.91,27.68,22.9,88.7,0,0,0,22.38,22.61,0.029
"2018-11-25 00:00:00",417,12.86,100.9527,0.979,349.1,24.08,22.57,91,0,0,0,22.14,22.26,0.029
"2018-11-25 01:00:00",418,12.84,100.9039,0.973,355.8,20.2,22.49,90.9,0,0,0,22.2,22.29,0.028
"2018-11-25 02:00:00",419,12.81,100.9123,1.231,351.4,22.59,22.51,93.3,0,0,0,21.82,22.22,0.029
"2018-11-25 03:00:00",420,12.8,100.8634,0.928,15.38,21.43,22.22,93.5,0,0,0,21.75,21.99,0.029
"2018-11-25 04:00:00",421,12.8,100.8707,1.354,9.26,20.26,22.73,91.8,0,0,0,22.04,22.54,0.029
"2018-11-25 05:00:00",422,12.81,100.8944,1.707,12.58,24.32,23.01,92.1,1.028,0.096,0,22.7,22.85,0.028
"2018-11-25 06:00:00",423,12.83,100.9186,2.183,9.71,23.51,23.25,88.6,51.68,2.468,0,22.79,23.17,0.029
"2018-11-25 07:00:00",424,12.92,100.9541,3.189,8.38,28.61,24.13,82.3,128.8,7.075,0,23.8,24.38,0.028
"2018-11-25 08:00:00",425,13.38,100.9363,3.44,13.66,28.73,25.1,80.7,272.7,13.16,0,24.81,25.84,0.028
"2018-11-25 09:00:00",426,13.63,100.9118,3.603,5.728,31.01,26.11,76.4,393.5,20.11,0,26.37,27.24,0.028
"2018-11-25 10:00:00",427,13.97,100.8362,3.51,2.427,31.28,27.76,64.13,697.3,34.67,0,27.4,29.7,0.029
"2018-11-25 11:00:00",428,14.04,100.7238,3.464,16.22,33.59,29.68,66.9,965,47.48,0,31.2,32.56,0.029
"2018-11-25 12:00:00",429,14.12,100.6096,4.048,27.89,33.22,30.05,64.67,1058,52.22,0,32.31,32.97,0.029
"2018-11-25 13:00:00",430,14.21,100.4954,4.189,23.38,32,30.52,61.78,1032,50.12,0,32.54,33.25,0.029
"2018-11-25 14:00:00",431,14.23,100.3813,4.341,19.91,32.62,30.94,61.56,932,43.05,0,32.91,33.5,0.029
"2018-11-25 15:00:00",432,14.21,100.2997,4.405,19.01,36.06,30.41,62.46,797.5,35.61,0,32.05,32.6,0.029
"2018-11-25 16:00:00",433,14.11,100.2545,4.598,10.29,34.91,29.13,68.7,424.6,19.75,0,28.82,30.35,0.029
"2018-11-25 17:00:00",434,13.94,100.2328,3.433,19.96,32.21,26.99,79.03,169.8,8.49,0,26.58,27.54,0.029
"2018-11-25 18:00:00",435,13.15,100.2919,3,20.58,28.38,25.77,82.9,76.62,3.587,0,25.43,26,0.029
"2018-11-25 19:00:00",436,13.03,100.3926,2.648,25.05,29.27,24.94,88.8,2.708,0.293,0,24.45,24.86,0.029
"2018-11-25 20:00:00",437,13.01,100.5087,2.67,12.54,27.67,24.45,90.6,0,0,0,24.09,24.3,0.028
"2018-11-25 21:00:00",438,12.96,100.6315,2.436,2.59,26.96,24.28,89.4,0,0,0,23.98,24.1,0.028
"2018-11-25 22:00:00",439,12.99,100.6909,0.731,333.6,22.37,24.03,90.5,0,0,0,23.32,23.78,0.028
"2018-11-25 23:00:00",440,12.98,100.6348,0,0,0,23.05,94.4,0,0,0,21.8,22.59,0.028
"2018-11-26 00:00:00",441,12.91,100.6839,0.12,197,0.274,21.9,96.2,0,0,0,20.75,21.22,0.028
"2018-11-26 01:00:00",442,12.93,100.6105,0.738,181.7,20.42,21.95,97.3,0,0,0,20.75,21.58,0.028
"2018-11-26 02:00:00",443,12.93,100.5232,0.07,197.7,6.66,21.56,98.3,0,0,0,20.29,20.99,0.028
"2018-11-26 03:00:00",444,12.9,100.4169,0.129,359.3,6.184,21.01,99.2,0,0,0,19.9,20.19,0.028
"2018-11-26 04:00:00",445,12.91,100.3378,1.155,1.491,20.63,21.39,97.6,0,0,0,20.7,21.18,0.028
"2018-11-26 05:00:00",446,12.9,100.3418,2.209,354.4,24.73,22.35,94.2,0.323,0.089,0,21.5,22.04,0.028
"2018-11-26 06:00:00",447,12.9,100.414,2.424,353.7,27.23,23.5,87.7,79.72,2.777,0,22.59,23.46,0.028
"2018-11-26 07:00:00",448,13.26,100.4714,2.406,352.6,29.86,25.58,77.87,290.5,12.18,0,25.03,26.69,0.028
"2018-11-26 08:00:00",449,13.48,100.478,2.593,347.8,31.98,27.64,66.64,511.2,22.58,0,28.29,29.22,0.028
"2018-11-26 09:00:00",450,13.58,100.471,2.816,344.1,29.15,29.76,61.34,733.8,34.27,0,30.42,31.78,0.028
"2018-11-26 10:00:00",451,13.9,100.4057,2.409,336.8,32.23,32.01,51.11,838,40.76,0,32.8,34.73,0.028
"2018-11-26 11:00:00",452,14,100.3486,2.935,24.85,31.49,32.97,56.98,991,48.29,0,35.64,36.48,0.028
"2018-11-26 12:00:00",453,14.11,100.2752,3.588,25.3,28.61,32,60.81,1055,52.01,0,34.18,35.1,0.028
"2018-11-26 13:00:00",454,14.17,100.1855,3.877,14.19,33.43,32.07,60.33,1007,49.09,0,34.09,35.11,0.029
"2018-11-26 14:00:00",455,14.17,100.1285,3.885,15.72,31.12,31.8,57.36,865,41.01,0,33.82,34.47,0.029
"2018-11-26 15:00:00",456,14.12,100.0958,3.533,27.34,30.55,32.4,58.93,782.4,35.38,0,33.69,34.94,0.028
"2018-11-26 16:00:00",457,14.02,100.0227,3.636,20.23,29.31,30.27,63.63,458.8,21.1,0,30.71,31.7,0.029
"2018-11-26 17:00:00",458,13.29,100.0367,3.015,14.02,30.98,27.84,79.57,129.3,7.451,0,26.88,28.48,0.028
"2018-11-26 18:00:00",459,13.02,100.1129,2.254,25.31,27.82,25.8,86.2,12.79,0.881,0,25.48,26.04,0.028
"2018-11-26 19:00:00",460,13,100.2221,2.103,32.22,26.27,25.1,90,0,0.009,0,25.02,25.2,0.028
"2018-11-26 20:00:00",461,12.98,100.3369,1.4,27.19,24.71,24.95,91.3,0,0,0,24.93,24.97,0.028
"2018-11-26 21:00:00",462,12.97,100.5335,0.572,297.1,38.2,25.01,92.8,0,0,0,24.88,25.09,0.028
"2018-11-26 22:00:00",463,12.96,100.5595,0.06,163,14.67,24.25,96.6,0,0,0,24.14,24.46,0.028
"2018-11-26 23:00:00",464,12.94,100.5196,0.286,89.2,15.16,23.85,97.7,0,0,0,23.76,23.95,0.028
"2018-11-27 00:00:00",465,12.94,100.4952,0.766,16.58,34.25,23.84,95.4,0,0,0,23.74,23.76,0.028
"2018-11-27 01:00:00",466,12.92,100.3965,1.632,3.427,21.07,23.84,95,0,0,0.254,23.62,23.67,0.028
"2018-11-27 02:00:00",467,12.9,100.3733,1.194,357.3,26.07,23.76,96.3,0,0,0,23.43,23.57,0.028
"2018-11-27 03:00:00",468,12.81,100.3984,0.044,19.19,5.032,23.17,97.7,0,0,0,22.18,22.96,0.028
"2018-11-27 04:00:00",469,12.88,100.4228,0.006,191.8,0.015,22.22,99,0,0,0,21.51,21.9,0.028
"2018-11-27 05:00:00",470,12.88,100.4159,0,0,0,22.08,99.7,0.609,0.098,0,21.47,21.78,0.028
"2018-11-27 06:00:00",471,12.88,100.4391,0.466,7.805,15.1,23,99,64.69,2.809,0,22.22,23.18,0.028
"2018-11-27 07:00:00",472,13.27,100.4269,1.817,359.2,23.15,24.41,93.5,113.1,6.067,0,24.41,24.74,0.028
"2018-11-27 08:00:00",473,13.38,100.4306,1.673,2.81,23.52,25.4,88.7,140.7,8.44,0,25.13,25.71,0.027
"2018-11-27 09:00:00",474,13.57,100.3804,2.132,355.4,30.1,27.02,77.2,399,20.52,0,26.48,28.16,0.027
"2018-11-27 10:00:00",475,14.04,100.3097,2.425,349.8,30.22,29.04,67.38,726.5,35.92,0,29.67,31.44,0.027
"2018-11-27 11:00:00",476,14.01,100.21,2.321,347.5,37.14,31.6,57.2,989,48.3,0,32.93,34.97,0.028
"2018-11-27 12:00:00",477,14.11,100.0877,2.528,0.481,35.46,33.44,58.11,1037,51.05,0,36.49,37.09,0.028
"2018-11-27 13:00:00",478,14.17,99.98167,3.156,27.61,30.59,33.21,60.69,1008,49.4,0,36.16,36.77,0.028
"2018-11-27 14:00:00",479,14.18,99.85119,3.344,33,26.27,33.48,60.32,915,43.73,0,35.78,36.65,0.028
"2018-11-27 15:00:00",480,14.17,99.77779,3.581,25.07,31.78,32.27,65.03,766.6,35.06,0,33.24,34.82,0.028
"2018-11-27 16:00:00",481,13.93,99.69624,3.756,22,31.18,30.64,70.77,529.8,23.29,0,30.73,32.4,0.028
"2018-11-27 17:00:00",482,13.49,99.69423,3.531,16.27,33.43,27.99,80.1,183.8,9.4,0,27.46,28.8,0.028
"2018-11-27 18:00:00",483,13.06,99.71352,3.123,13.22,29.78,26.64,82.9,49.89,2.793,0,26.6,26.91,0.028
"2018-11-27 19:00:00",484,13.01,99.72154,3.096,8.82,30.43,26.16,85,3.187,0.301,0,25.91,26.17,0.028
"2018-11-27 20:00:00",485,13,99.75622,2.963,0.148,27.81,25.97,86.2,0,0,0,25.72,25.89,0.028
"2018-11-27 21:00:00",486,12.99,99.89419,2.143,350.1,26.35,25.71,86.4,0,0,0,25.26,25.55,0.028
"2018-11-27 22:00:00",487,12.97,99.91432,2.199,350.8,27.25,25.54,86.7,0,0,0,24.98,25.27,0.027
"2018-11-27 23:00:00",488,12.96,99.89899,0.478,341.3,21.52,24.57,90.7,0,0,0,23.69,24.23,0.027
"2018-11-28 00:00:00",489,12.94,99.78654,0.362,338.7,15.17,23.79,93,0,0,0,23.17,23.41,0.027
"2018-11-28 01:00:00",490,12.92,99.7539,0.458,323.5,13.83,23.36,93.9,0,0,0,23.01,23.08,0.027
"2018-11-28 02:00:00",491,12.9,99.89259,0.597,190.5,30.27,23.23,95.1,0,0,0,22.65,22.98,0.027
"2018-11-28 03:00:00",492,12.89,99.96601,1.101,171.2,32.66,23.71,92.6,0,0,0,23.18,23.49,0.027
"2018-11-28 04:00:00",493,12.88,100.0721,1.319,168.6,37.54,23.96,90.5,0,0,0,23.54,23.71,0.027
"2018-11-28 05:00:00",494,12.87,100.1119,1.715,160.8,38.8,23.78,88,0.803,0.038,0,23.51,23.64,0.027
"2018-11-28 06:00:00",495,12.86,100.1699,1.659,147.3,36.1,22.97,96.5,11.27,0.901,0.254,22.34,23.02,0.027
"2018-11-28 07:00:00",496,12.9,100.2916,2.108,156.5,40.64,22.6,93,136.7,6.641,0,22.38,22.92,0.027
"2018-11-28 08:00:00",497,13.28,100.3657,2.226,163.1,40.09,22.31,89.5,116.5,6.776,0,22.42,22.65,0.027
"2018-11-28 09:00:00",498,13.4,100.3729,2.512,171.2,40.2,22.35,81.6,235.5,13.74,0,22.27,23.01,0.027
"2018-11-28 10:00:00",499,14.05,100.3982,2.754,167.6,41.23,23.73,74.6,471.6,25.97,0,24.05,25.09,0.027
"2018-11-28 11:00:00",500,14.17,100.4388,2.997,157.6,38.22,24.21,73.07,447.6,25.98,0,24.83,25.69,0.027
"2018-11-28 12:00:00",501,14.22,100.5273,3.377,148.6,37.81,25.33,64.53,686.3,37.89,0,25.11,27.19,0.027
"2018-11-28 13:00:00",502,14.01,100.6589,3.524,159.5,42.11,24.16,74.11,406,23.21,0,23.18,25.76,0.027
"2018-11-28 14:00:00",503,14.08,100.6544,3.396,157.6,43.72,22.42,75.46,228.2,14.25,0,22.87,23.35,0.027
"2018-11-28 15:00:00",504,14.05,100.7231,3.237,161.5,39.55,21.59,78.25,233.4,14,0,21.59,22.63,0.027
"2018-11-28 16:00:00",505,13.86,100.809,3.348,164.9,40.6,19.87,81.8,124,7.954,0,19.91,20.44,0.027
"2018-11-28 17:00:00",506,13.23,100.8832,2.929,160.6,41.88,19.4,81.5,64.81,4.187,0,18.92,19.66,0.027
"2018-11-28 18:00:00",507,13.01,101.0351,2.78,173,43.26,18.77,85.6,26.43,2.013,0,18.19,18.86,0.027
"2018-11-28 19:00:00",508,12.99,101.076,2.805,169.6,45.02,18.71,85.8,0.052,0.117,0,18.19,18.64,0.027
"2018-11-28 20:00:00",509,12.98,101.2392,2.676,163.6,42.56,18.62,93.4,0,0,0,17.72,18.57,0.027
"2018-11-28 21:00:00",510,12.96,101.3697,2.165,173.4,39.73,17.29,93.6,0,0,0.254,17.28,17.42,0.027
"2018-11-28 22:00:00",511,12.94,101.4594,1.618,171.7,42.87,17.52,90.2,0,0,0,17.29,17.47,0.027
"2018-11-28 23:00:00",512,12.93,101.4594,1.266,178.8,41.26,17.08,95.1,0,0,1.016,16.97,17.12,0.027
"2018-11-29 00:00:00",513,12.91,101.4758,1.567,166.2,38.86,16.94,96.4,0,0,0.508,16.89,17.06,0.027
"2018-11-29 01:00:00",514,12.88,101.5166,1.16,170.7,37.01,16.99,95.6,0,0,0.508,16.9,17.08,0.027
"2018-11-29 02:00:00",515,12.86,101.5084,0.897,185.4,29.06,16.95,91.2,0,0,0,16.9,16.97,0.027
"2018-11-29 03:00:00",516,12.83,101.5247,1.091,191.8,26.14,17.05,89.1,0,0,0,16.88,16.96,0.027
"2018-11-29 04:00:00",517,12.82,101.5737,1.133,195.3,25.37,17.1,85.9,0,0,0,16.87,16.97,0.027
"2018-11-29 05:00:00",518,12.82,101.6553,1.336,193.3,31.43,17.24,84.2,0.307,0.037,0,16.99,17.06,0.027
"2018-11-29 06:00:00",519,12.81,101.6716,1.502,189.8,31.01,17.05,83.7,20.89,1.337,0,16.75,17.01,0.027
"2018-11-29 07:00:00",520,12.87,101.7205,1.773,181.3,34.81,17.95,80.8,105.1,5.71,0,17.55,18.08,0.027
"2018-11-29 08:00:00",521,13.62,101.6754,2.298,174.2,39.4,19.62,69.84,361,18.59,0,18.9,20.36,0.027
"2018-11-29 09:00:00",522,13.73,101.7032,2.585,155.3,41.23,22.23,68.95,665.9,32.36,0,22.61,23.75,0.027
"2018-11-29 10:00:00",523,14.12,101.6867,2.517,153.2,42.02,22.83,57.07,659.8,34.26,0,22.62,24.52,0.027
"2018-11-29 11:00:00",524,14.04,101.6867,2.279,150.1,41.07,23.16,66.96,458,27.06,0,23.1,24.79,0.027
"2018-11-29 12:00:00",525,14.03,101.6627,2.011,138.3,37.88,22.64,64.78,350.4,20,0,23.28,24.02,0.027
"2018-11-29 13:00:00",526,14.11,101.6215,2.461,143.3,37.07,23.31,59.09,483.2,26.68,0,23.6,24.78,0.027
"2018-11-29 14:00:00",527,14.14,101.5813,2.418,137.8,36.95,23.09,62.03,325.3,18.56,0,23.35,24.32,0.028
"2018-11-29 15:00:00",528,14.21,101.5806,2.335,133.8,38.89,23.41,59.74,424.3,23.45,0,24.28,24.95,0.027
"2018-11-29 16:00:00",529,14.16,101.5751,2.071,131.4,38.59,22.7,58.6,224,13.04,0,23.26,23.71,0.027
"2018-11-29 17:00:00",530,13.99,101.6002,1.87,127.8,39.64,22.86,58.71,240.2,12.41,0,23.33,23.78,0.028
"2018-11-29 18:00:00",531,13.17,101.6365,1.794,120.9,37.92,22.23,62.99,119,4.832,0,21.22,22.4,0.027
"2018-11-29 19:00:00",532,13.02,101.6992,1.061,120.4,35.84,20.72,65.88,4.349,0.507,0,19.99,20.42,0.028
"2018-11-29 20:00:00",533,13,101.7496,0.646,130.9,26.22,19.88,68.46,0,0,0,18.53,19.33,0.027
"2018-11-29 21:00:00",534,12.98,101.7858,0.22,151,16.43,18.28,79.17,0,0,0,15.25,17.14,0.027
"2018-11-29 22:00:00",535,12.92,101.7836,0.064,212.2,4.704,16.28,78.47,0,0,0,14.43,14.7,0.027
"2018-11-29 23:00:00",536,12.94,101.758,0.035,215.2,3.952,15.77,86.9,0,0,0,13.67,14.12,0.027
"2018-11-30 00:00:00",537,12.92,101.6889,0.011,205,3.435,14.81,88.7,0,0,0,13.02,13.43,0.027
"2018-11-30 01:00:00",538,12.87,101.6483,0.02,228.2,1.527,13.71,86.3,0,0,0,12.28,12.6,0.027
"2018-11-30 02:00:00",539,12.87,101.6239,0.005,85.7,6.763,13.84,89.6,0,0,0,12.59,12.93,0.027
"2018-11-30 03:00:00",540,12.85,101.6239,0.301,188.2,13.83,14.8,81.4,0,0,0,12.74,13.14,0.027
"2018-11-30 04:00:00",541,12.83,101.6402,0.63,175.8,22.91,14.88,86.3,0,0,0,13.41,13.8,0.027
"2018-11-30 05:00:00",542,12.8,101.6551,0.807,186.8,18.58,15.25,82,1.205,0.165,0,13.68,14.13,0.027
"2018-11-30 06:00:00",543,12.8,101.689,0.585,191.4,18.72,17.34,69.96,101.7,4.021,0,14.7,17.31,0.027
"2018-11-30 07:00:00",544,12.97,101.6958,1.147,211.9,32.59,20.21,64.52,328.4,13.58,0,20.04,22.17,0.027
"2018-11-30 08:00:00",545,13.41,101.6785,0.945,183.2,57.02,23.18,56.24,576.5,25.7,0,23.65,25.7,0.027
"2018-11-30 09:00:00",546,13.56,101.6513,1.115,42.09,62.1,24.91,54.23,772.7,34.82,0,26.1,27.22,0.027
"2018-11-30 10:00:00",547,14.03,101.5843,2.292,49.44,37.67,25.23,56.92,998,46.68,0,27.19,29.03,0.027
"2018-11-30 11:00:00",548,14.06,101.4952,2.251,50.65,34.65,24.8,60.43,555,29.89,0,25.94,27.6,0.028
"2018-11-30 12:00:00",549,14.19,101.4012,2.628,45.79,27.2,24.96,55.34,626.5,34.66,0,25.99,27.44,0.028
"2018-11-30 13:00:00",550,14.18,101.3086,3.508,49.32,27.54,25.87,53.79,956,48.07,0,27.16,29.32,0.028
"2018-11-30 14:00:00",551,14.16,101.2586,3.798,45.69,25.78,25.99,54.37,998,47.76,0,28.83,29.63,0.028
"2018-11-30 15:00:00",552,14.28,101.18,3.655,35.48,30.12,25.85,54.02,846,38.63,0,27.96,28.95,0.028
"2018-11-30 16:00:00",553,14.13,101.1291,3.775,38.97,28.45,25.26,53.15,637.6,28.06,0,26.69,27.53,0.028
"2018-11-30 17:00:00",554,13.62,101.1157,3.67,40.49,25.29,24.6,55.32,399.1,16.27,0,24.3,25.99,0.028
"2018-11-30 18:00:00",555,13.06,101.1534,3.139,31.67,28.46,23.23,60.2,128.5,5.874,0,22.3,23.12,0.028
"2018-11-30 19:00:00",556,12.99,101.157,2.226,21.84,26.68,21.82,66.09,5.259,0.552,0,20.88,21.55,0.028
"2018-11-30 20:00:00",557,12.96,101.1766,1.599,17.84,22.44,20.82,70.9,0,0,0,20.2,20.46,0.028
"2018-11-30 21:00:00",558,12.96,101.1843,1.756,10.06,24.07,20.75,72.59,0,0,0,20.18,20.34,0.028
"2018-11-30 22:00:00",559,12.96,101.1523,1.803,12.18,25.75,20.67,70.5,0,0,0,19.97,20.19,0.027
"2018-11-30 23:00:00",560,12.94,101.16,1.6,14.54,24.31,20.51,72.27,0,0,0,19.79,20.02,0.027
"2018-12-01 00:00:00",561,12.93,101.2146,0.448,0.514,27.68,19.56,82.7,0,0,0,16.32,18.55,0.027
"2018-12-01 01:00:00",562,12.91,101.1494,0.23,253.6,15.93,17.07,87.3,0,0,0,15.73,16.21,0.027
"2018-12-01 02:00:00",563,12.88,101.144,0.202,257.4,18.66,16.24,88.2,0,0,0,15.16,15.57,0.027
"2018-12-01 03:00:00",564,12.83,101.132,0.328,239.4,21.9,16.16,87.5,0,0,0,15.67,15.81,0.027
"2018-12-01 04:00:00",565,12.78,101.1586,0.156,239.5,18.43,16.77,84.9,0.244,0,0,15.59,16.4,0.027
"2018-12-01 05:00:00",566,12.81,101.162,0.018,11.81,6.396,15.94,92.2,2.145,0.147,0,14.85,15.39,0.027
"2018-12-01 06:00:00",567,12.81,101.2066,0.293,313.4,13.77,16.93,85.2,44.62,2.253,0,15.42,17.11,0.027
"2018-12-01 07:00:00",568,12.97,101.1171,1.905,329.6,26.54,20.86,66.5,300.4,12.65,0,18.87,22.09,0.027
"2018-12-01 08:00:00",569,13.59,101.0098,3.081,334.8,32.28,23.53,62.83,519.5,21.97,0,24.24,25.34,0.027
"2018-12-01 09:00:00",570,13.69,100.9518,3.634,349.8,33.71,25.46,53.6,690.1,31.67,0,25.72,27.23,0.027
"2018-12-01 10:00:00",571,14.05,100.7791,4.242,347.7,35.47,26.86,45.24,923,43.43,0,28.23,29.37,0.027
"2018-12-01 11:00:00",572,14.14,100.6742,4.762,0.857,35.07,28.11,44.73,953,46.33,0,29.78,30.74,0.027
"2018-12-01 12:00:00",573,14.24,100.5978,4.485,3.275,34.17,28.64,49.46,1005,49.08,0,30.52,31.44,0.028
"2018-12-01 13:00:00",574,14.2,100.487,4.513,25.91,34.97,27.17,55.15,675.3,35.81,0,27.13,29.3,0.028
"2018-12-01 14:00:00",575,14.23,100.3876,4.896,23.28,32.25,26.53,52.9,750.5,37,0,26.53,28.43,0.028
"2018-12-01 15:00:00",576,14.27,100.2827,5.032,14.06,35.38,27.24,55.18,807,37,0,28.67,29.44,0.028
"2018-12-01 16:00:00",577,14.09,100.1656,5.066,11.81,35.69,26.68,57.07,599.9,26.53,0,27.7,28.33,0.028
"2018-12-01 17:00:00",578,13.76,100.1613,4.266,16.77,33.75,25.32,66.53,246,11.92,0,24.88,26.1,0.028
"2018-12-01 18:00:00",579,13.13,100.1493,3.879,18.97,28.94,24.04,74,72.29,3.748,0,23.75,24.23,0.028
"2018-12-01 19:00:00",580,13.01,100.1694,3.617,13.01,29.8,23.46,77.62,6.6,0.42,0,23.06,23.37,0.027
"2018-12-01 20:00:00",581,13,100.2172,3.229,6.139,28.99,23.28,79.5,0,0,0,22.97,23.1,0.027
"2018-12-01 21:00:00",582,12.95,100.3084,3.375,6.762,30.16,23.31,78.77,0,0,0,23.04,23.16,0.027
"2018-12-01 22:00:00",583,12.95,100.3981,2.866,9.61,27.2,23.43,79.96,0,0,0,23.16,23.31,0.027
"2018-12-01 23:00:00",584,12.95,100.9611,1.852,121.6,92.1,23.19,93.3,0,0,0.762,21.81,23.12,0.027
"2018-12-02 00:00:00",585,12.88,100.6202,2.242,134,57.51,21.31,98.3,0.003,0.004,6.096,21.19,21.34,0.027
"2018-12-02 01:00:00",586,12.9,100.4331,3.706,43.28,25.8,21.22,96.3,0.001,0,0.508,21.08,21.18,0.032
"2018-12-02 02:00:00",587,12.92,100.4587,3.276,14.47,32.38,21.45,93.9,0,0,0,21.11,21.18,0.047
"2018-12-02 03:00:00",588,12.91,100.3922,2.404,8.75,27.45,21.75,94.2,0,0,0,21.26,21.46,0.051
"2018-12-02 04:00:00",589,12.9,100.3109,2.339,0.595,25.97,21.53,93.4,0,0,0,21.05,21.22,0.053
"2018-12-02 05:00:00",590,12.88,100.3685,1.386,340.9,25.56,21.22,93.9,0.813,0.14,0,20.7,20.88,0.055
"2018-12-02 06:00:00",591,12.88,100.3944,1.54,322.4,25.35,21.37,94.1,66.12,3.246,0,20.78,21.3,0.056
"2018-12-02 07:00:00",592,13.05,100.3803,2.685,323.8,30.1,22.61,83.1,284.2,11.3,0,22.07,23.28,0.056
"2018-12-02 08:00:00",593,13.55,100.398,3.124,322.5,33.82,24.15,74.96,502.5,20.69,0,24.21,25.33,0.057
"2018-12-02 09:00:00",594,13.98,100.4854,1.266,309.1,38.65,25.42,71.98,472.6,22.89,0,25.3,26.67,0.057
"2018-12-02 10:00:00",595,14.12,100.4617,0.72,165.4,68.12,26.74,65.45,547,26.78,0,27.54,28.46,0.058
"2018-12-02 11:00:00",596,14.16,100.3979,2.105,79.25,31.75,26.69,68.16,607.7,29.95,0,27.44,28.56,0.058
"2018-12-02 12:00:00",597,14.21,100.3311,2.546,71.65,25.94,26.74,68.47,791.3,38.28,0,28.1,29.23,0.058
"2018-12-02 13:00:00",598,14.2,100.2822,2.722,59.96,27.3,27.08,65.04,851,40.75,0,27.8,29.96,0.058
"2018-12-02 14:00:00",599,14.18,100.23,2.549,56.05,30.01,27.37,63.87,816,37.73,0,28.62,30.18,0.057
"2018-12-02 15:00:00",600,14.15,100.1642,2.811,48.62,24.76,27.27,67.45,707.7,32.16,0,28.69,29.77,0.057
"2018-12-02 16:00:00",601,14.16,100.1675,2.644,45.48,28.68,26.57,63.73,513.7,22.77,0,27.66,28.52,0.057
"2018-12-02 17:00:00",602,13.93,100.1269,2.411,46.71,24.59,26.07,71.3,293.1,12.36,0,25.4,27.26,0.056
"2018-12-02 18:00:00",603,13.16,100.2198,1.867,52.62,20.06,24.49,81.7,69.16,3.658,0,24.12,24.76,0.056
"2018-12-02 19:00:00",604,13.04,100.2826,0.695,57.65,11.83,23.56,87,2.773,0.264,0,23.27,23.64,0.056
"2018-12-02 20:00:00",605,13.01,100.2923,0.086,69.13,6.547,22.9,91.4,0,0,0,22.78,22.99,0.056
"2018-12-02 21:00:00",606,13,100.3991,0.021,204.9,2.338,22.3,94.2,0,0,0,21.8,22.39,0.055
"2018-12-02 22:00:00",607,12.99,100.4245,0.083,219.2,12.62,21.72,96.9,0,0,0,21.3,21.74,0.055
"2018-12-02 23:00:00",608,12.98,100.419,0.019,232.1,5.887,21.47,97.1,0,0,0,21.55,21.63,0.055
"2018-12-03 00:00:00",609,12.98,100.3708,0,0,0,21.12,98.1,0,0,0,20.9,21.38,0.055
"2018-12-03 01:00:00",610,12.94,100.3366,0,0,0,20.89,98.7,0,0,0,21.1,21.23,0.055
"2018-12-03 02:00:00",611,12.92,100.2708,0,0,0,21.28,98.7,0,0,0,21.53,21.68,0.054
"2018-12-03 03:00:00",612,12.9,100.2028,0,0,0,21.38,98.7,0,0,0,21.71,21.76,0.054
"2018-12-03 04:00:00",613,12.88,100.2036,0,0,0,21.31,98.9,0,0,0,21.54,21.61,0.054
"2018-12-03 05:00:00",614,12.86,100.2045,0,0,0,20.9,99.2,1.237,0.147,0,20.32,20.9,0.054
"2018-12-03 06:00:00",615,12.84,100.2618,0.239,345.3,9.61,21.27,98.1,86,3.439,0,20.33,21.68,0.054
"2018-12-03 07:00:00",616,13.03,100.3008,1.486,359,22.79,23.82,83.6,287.7,11.4,0,23.38,25.3,0.054
"2018-12-03 08:00:00",617,13.58,100.2913,2.306,358,28.25,25.63,75.4,451.8,19.29,0,25.88,27.21,0.054
"2018-12-03 09:00:00",618,13.86,100.2581,2.6,2.199,30.09,27.22,65.32,624.5,29.14,0,27.66,28.78,0.054
"2018-12-03 10:00:00",619,13.99,100.2029,3.06,16.96,31.88,28.58,61.03,872,40.68,0,29.37,30.81,0.054
"2018-12-03 11:00:00",620,14.06,100.1203,3.598,28.26,26.84,29.23,53.08,1033,46.03,0,31.13,31.89,0.053
"2018-12-03 12:00:00",621,14.19,100.0632,3.57,23.21,29.66,29.94,54.77,1079,51.92,0,32.07,32.57,0.053
"2018-12-03 13:00:00",622,14.24,99.96734,3.963,22.34,29.21,29.63,56.34,1056,50.34,0,31.7,32.21,0.053
"2018-12-03 14:00:00",623,14.24,99.86861,3.966,23.48,32.34,29.36,55.03,952,44.24,0,31.27,31.84,0.052
"2018-12-03 15:00:00",624,14.22,99.78667,4.006,38.82,26.78,28.58,64.02,788,35.9,0,30.35,31.05,0.052
"2018-12-03 16:00:00",625,14.14,99.75592,3.75,35.25,27.72,28.06,66.19,613.7,25.92,0,29.17,30.05,0.051
"2018-12-03 17:00:00",626,13.74,99.75791,3.406,37.31,26.64,26.68,78.99,304.7,12.69,0,25.97,27.83,0.051
"2018-12-03 18:00:00",627,13.1,99.77021,3.083,32.4,29.45,24.93,85.7,88.8,3.99,0,24.74,25.29,0.051
"2018-12-03 19:00:00",628,13.01,99.80665,2.851,15.11,31.48,24.29,87.7,16.14,0.417,0,24.02,24.34,0.05
"2018-12-03 20:00:00",629,12.98,99.94054,2.254,20.7,26.05,23.93,88.4,0,0,0,23.71,23.82,0.05
"2018-12-03 21:00:00",630,12.99,100.022,1.389,24.2,26.43,24.08,88.7,0,0,0,23.86,24.13,0.05
"2018-12-03 22:00:00",631,12.94,100.0693,0.993,25.98,22.63,24.05,89.3,0,0,0,23.97,24.11,0.049
"2018-12-03 23:00:00",632,12.95,100.1492,1.029,38.54,31.86,24.14,89.7,0,0,0,24.17,24.21,0.049
"2018-12-04 00:00:00",633,12.92,100.2656,0.176,167.2,18.09,23.73,96,0,0,0.254,23.74,23.95,0.049
"2018-12-04 01:00:00",634,12.91,100.2671,0.75,166.3,31.31,23.32,97.5,0,0,0,23.36,23.47,0.049
"2018-12-04 02:00:00",635,12.89,100.2998,0.443,118.8,39.51,23.33,97.4,0,0,0,23.38,23.45,0.049
"2018-12-04 03:00:00",636,12.84,100.1569,2.52,98.1,52.97,20.67,95.3,0.047,0,2.794,19.8,20.79,0.049
"2018-12-04 04:00:00",637,12.82,100.148,2.056,36.92,27.97,21.33,95.6,0.174,0,0,20.15,21.1,0.049
"2018-12-04 05:00:00",638,12.83,100.2849,1.546,9.73,58.35,21.65,96.8,0.655,0.047,0,21.27,21.5,0.049
"2018-12-04 06:00:00",639,12.84,100.3499,0.952,188,22.31,21.63,98,31.77,2.231,0,21.63,21.75,0.049
"2018-12-04 07:00:00",640,12.88,100.4636,0.781,174.1,31.93,22.06,95.5,104,5.701,0,21.7,22.34,0.049
"2018-12-04 08:00:00",641,13.12,100.4871,0.746,150.5,28.16,22.57,94.4,78.4,4.486,0,22.58,22.75,0.05
"2018-12-04 09:00:00",642,13.11,100.4555,0.961,144.4,25.89,22.17,97.9,92.5,6.154,0.254,22.41,22.5,0.05
"2018-12-04 10:00:00",643,13.52,100.4306,0.961,136.5,30.01,22.75,94.8,184.2,11.99,0,22.59,23.31,0.05
"2018-12-04 11:00:00",644,13.68,100.3735,1.44,85.9,30.31,24.19,89.9,337.3,20.44,0,23.95,25.17,0.05
"2018-12-04 12:00:00",645,13.96,100.3327,1.425,79.07,31.74,25.02,84.1,360.2,21.19,0,24.97,26.21,0.051
"2018-12-04 13:00:00",646,14.09,100.2312,1.991,54.51,26.75,26.46,81.9,503.4,27.39,0,27.19,28.28,0.051
"2018-12-04 14:00:00",647,14.07,100.1602,2.375,66.9,23.4,26.01,85.7,369.2,20.52,0,26.8,27.51,0.051
"2018-12-04 15:00:00",648,14.16,100.104,2.119,70.53,25.54,26.18,77.78,380.1,20.65,0,27.18,27.61,0.051
"2018-12-04 16:00:00",649,14.05,100.0219,2.434,48.99,21.89,26.39,84.5,269.5,14.07,0,26.45,27.54,0.051
"2018-12-04 17:00:00",650,13.87,100.0472,2.444,46.44,31.44,25.41,87,155.2,7.87,0,25.75,26.01,0.051
"2018-12-04 18:00:00",651,13.4,99.90041,3.085,40.8,27.43,25.12,88.7,115.1,5.057,0,24.7,25.4,0.051
"2018-12-04 19:00:00",652,13.03,100.0916,2.086,29.59,28.29,24.33,92,9.52,0.574,0,23.86,24.19,0.051
"2018-12-04 20:00:00",653,13.01,100.2061,1.613,1.284,24.11,24.48,91.2,0,0,0,24.22,24.35,0.051
"2018-12-04 21:00:00",654,12.98,100.247,1.337,3.032,26.31,24.24,92.8,0,0,0,23.81,23.97,0.051
"2018-12-04 22:00:00",655,13,100.29,0.236,338,20.24,23.86,95.9,0,0,0,23.31,23.57,0.051
"2018-12-04 23:00:00",656,12.96,100.283,0,0,0,23.48,96.8,0,0,0,23.3,23.47,0.051
"2018-12-05 00:00:00",657,12.96,100.2104,0.009,187.7,2.077,23.11,98.3,0,0,0,22.53,22.99,0.051
"2018-12-05 01:00:00",658,12.94,100.2026,0.029,179.3,2.901,22.97,98.9,0,0,0,22.46,22.86,0.051
"2018-12-05 02:00:00",659,12.93,100.1681,0.022,181.9,2.689,23.22,98.9,0,0,0,23.25,23.31,0.051
"2018-12-05 03:00:00",660,12.9,100.1107,0.063,78.87,9.21,23.33,99.1,0,0,0,23.3,23.4,0.051
"2018-12-05 04:00:00",661,12.88,100.1205,0.182,45.1,9.08,23.64,98.6,0,0,0,23.48,23.61,0.051
"2018-12-05 05:00:00",662,12.86,100.1689,0.167,43.69,11.52,23.44,99,1.304,0.119,0,23.18,23.3,0.051
"2018-12-05 06:00:00",663,12.85,100.2735,0.021,138.8,1.37,23.63,97.8,64.06,2.822,0,23.27,23.73,0.051
"2018-12-05 07:00:00",664,13.14,100.3491,0.048,270,25.95,25.17,89.4,144.8,6.456,0,24.76,25.66,0.051
"2018-12-05 08:00:00",665,13.53,100.3975,0.278,123.7,41.46,26.53,83.3,245.2,12.73,0,26.53,27.49,0.051
"2018-12-05 09:00:00",666,13.81,100.3895,0.675,145.6,49.72,28.57,76.24,561,25.86,0,28.26,30.08,0.051
"2018-12-05 10:00:00",667,14.02,100.4302,1.358,108.6,44.6,29.73,77.13,744.4,35.26,0,29.67,31.74,0.051
"2018-12-05 11:00:00",668,14.1,100.4383,1.883,98.1,38.69,29.33,73.12,675.6,33.25,0,30.41,31.42,0.05
"2018-12-05 12:00:00",669,14.13,100.422,1.873,99.3,37.22,29.52,69.68,638.8,32.07,0,30.59,31.64,0.05
"2018-12-05 13:00:00",670,14.12,100.4221,1.886,119.3,37.87,29.03,76.3,619.8,31.95,0,29.98,31.12,0.05
"2018-12-05 14:00:00",671,14.13,100.3408,1.902,126.4,37.44,28.11,79.07,567.7,28.21,0,29.12,30.29,0.05
"2018-12-05 15:00:00",672,14.05,100.2985,1.844,119.6,38.81,27.8,79.63,494.1,25.54,0,28.8,29.69,0.049
"2018-12-05 16:00:00",673,14.13,100.2825,2.477,139.7,33.03,26.83,82.7,389.1,18.03,0,27.37,28.41,0.049
"2018-12-05 17:00:00",674,13.65,100.3152,1.771,145.9,36.37,26.68,82.3,239.4,10.38,0,26.89,27.75,0.049
"2018-12-05 18:00:00",675,13.4,100.4143,1.464,145.7,36.25,25.81,86.1,122.4,4.884,0,25.91,26.25,0.048
"2018-12-05 19:00:00",676,13.01,100.4824,1.801,144.6,34.96,24.78,90.5,9.5,0.441,0,24.45,24.97,0.048
"2018-12-05 20:00:00",677,12.97,100.5821,1.775,146.8,40.56,24.51,89.3,0,0,0,24.45,24.55,0.048
"2018-12-05 21:00:00",678,12.99,100.6646,1.704,147.6,39.47,24.24,88.8,0,0,0,24.08,24.26,0.048
"2018-12-05 22:00:00",679,12.98,100.7721,1.178,173.8,35,24.05,90.3,0,0,0,24.07,24.11,0.048
"2018-12-05 23:00:00",680,12.97,100.7881,1.281,190.9,30.54,23.89,91.4,0,0,0,23.66,23.96,0.048
"2018-12-06 00:00:00",681,12.95,100.7244,1.307,188.1,27.3,23.42,91.7,0,0,0,23.46,23.51,0.047
"2018-12-06 01:00:00",682,12.93,100.7565,1.224,181.9,29.54,23.32,91.6,0,0,0,23.31,23.38,0.047
"2018-12-06 02:00:00",683,12.88,100.7246,1.062,180.5,32.71,23.18,92.7,0,0,0,22.97,23.18,0.047
"2018-12-06 03:00:00",684,12.86,100.692,0.835,153.8,31.32,22.91,94.3,0,0,0,22.59,22.83,0.047
"2018-12-06 04:00:00",685,12.86,100.6594,1.02,174.2,29.77,22.65,94.7,0,0,0,22.47,22.57,0.047
"2018-12-06 05:00:00",686,12.86,100.692,0.786,180.9,29.28,22.7,94,0.916,0.096,0,22.51,22.68,0.047
"2018-12-06 06:00:00",687,12.85,100.7647,0.883,197.1,20.71,23.07,92.2,21.32,1.331,0,22.89,23.24,0.047
"2018-12-06 07:00:00",688,12.85,100.8205,0.908,204.4,22.82,23.42,91.4,57.94,3.263,0,23.44,23.77,0.047
"2018-12-06 08:00:00",689,12.94,100.7991,0.873,199.5,30.25,24.13,86.3,191.9,9.97,0,24.04,24.97,0.047
"2018-12-06 09:00:00",690,13.63,100.7895,0.556,265.1,66.64,25.56,85.7,250.6,13.45,0,26.42,27.02,0.046
"2018-12-06 10:00:00",691,13.84,100.6843,0.985,90,63.43,28.11,72.32,736.6,36.03,0,26.96,30.37,0.046
"2018-12-06 11:00:00",692,14.03,100.6263,1.908,62.35,42.39,29.18,69.59,667.5,32.61,0,30.56,31.74,0.046
