"TOA5","Science Centre AWS","CR1000","88296","CR1000.Std.31.08","CPU:Vasi_Science Centre AWS.CR1","64103","Hourly"
"TIMESTAMP","RECORD","BattV_Min","BP_kPa","WS_ms_S_WVT","WindDir_D1_WVT","WindDir_SD1_WVT","AirTC_Avg","RH","SlrW_Avg","CUV5_W_Avg","Rain_mm_Tot","T107_C_Min","T107_C_Avg","VW_Avg"
"TS","RN","Volts","kPa","meters/second","Deg","Deg","Deg C","%","W/m^2","W/m^2","mm","Deg C","Deg C",""
"","","Min","Smp","WVc","WVc","WVc","Avg","Smp","Avg","Avg","Tot","Min","Avg","Avg"
"2021-12-07 15:00:00",13058,14.08,101.1405,1.542,141.9,32.43,26.53,80.4,358.8,21.06,0,27.92,28.81,0.067
"2021-12-07 16:00:00",13059,14.04,101.1648,1.254,143.6,33.25,26.17,79.65,261.8,15.02,0,27.58,28.16,0.067
"2021-12-07 17:00:00",13060,13.36,101.1892,0.763,149.3,25.85,25.46,84.2,111.6,6.474,0,26.42,27.08,0.066
"2021-12-07 18:00:00",13061,12.96,101.2866,0.39,120,23.82,24.66,92.9,24.6,1.563,0,25.07,26.2,0.066
"2021-12-07 19:00:00",13062,12.93,101.2636,0.101,146.9,7.76,22.81,97.2,0.018,0.123,0.254,24.02,24.37,0.066
"2021-12-07 20:00:00",13063,12.92,101.2708,0.285,149.9,12.82,22.73,98.4,0,0,0,23.67,23.85,0.066
"2021-12-07 21:00:00",13064,12.92,101.3134,0.096,158.3,5.339,22.7,98.4,0,0,0,23.54,23.68,0.066
"2021-12-07 22:00:00",13065,12.91,101.3474,0.02,163,3.397,22.52,98.7,0,0,0,23.47,23.57,0.066
"2021-12-07 23:00:00",13066,12.9,101.2994,0.001,171.9,0.001,22.33,98.9,0,0,0,23.39,23.5,0.066
"2021-12-08 00:00:00",13067,12.89,101.2814,0.048,167.4,0.558,22.21,98.7,0,0,0,23.01,23.23,0.065
"2021-12-08 01:00:00",13068,12.87,101.272,0.033,166.6,0.347,22.59,97.3,0,0,0,23.05,23.36,0.065
"2021-12-08 02:00:00",13069,12.84,101.281,0.002,166.3,0.001,22.69,97.3,0,0,0,23.35,23.47,0.065
"2021-12-08 03:00:00",13070,12.86,101.2407,0.172,176.7,3.708,22.43,98.3,0,0,0,22.96,23.13,0.065
"2021-12-08 04:00:00",13071,12.85,101.267,0.04,177.8,2.102,22.16,99.3,0,0,0.508,22.97,23.06,0.065
"2021-12-08 05:00:00",13072,12.84,101.2993,0,0,0,21.96,99.6,0.011,0.012,0,22.94,23.02,0.065
"2021-12-08 06:00:00",13073,12.82,101.3626,0.149,184.2,0.072,22.01,100,8.8,0.653,0.254,22.77,22.85,0.065
"2021-12-08 07:00:00",13074,12.82,101.3788,0.204,183,2.156,22.55,98.3,175.5,8.29,0,22.92,23.63,0.065
"2021-12-08 08:00:00",13075,13.58,101.3758,0.298,179.4,4.485,24.5,87.7,409.9,21.33,0,25.06,26.25,0.065
"2021-12-08 09:00:00",13076,13.93,101.3677,0.27,178,4.516,25.7,81.6,345.4,18.55,0,26.65,27.46,0.065
"2021-12-08 10:00:00",13077,14.12,101.3092,0.767,170.1,4.428,27.45,68.92,752.4,38.41,0,27.44,29.95,0.065
"2021-12-08 11:00:00",13078,14.13,101.2611,1.234,165.6,1.09,28.36,67.84,894,45.81,0,31.66,32.92,0.065
"2021-12-08 12:00:00",13079,14.11,101.2293,1.314,165.8,5.828,29.1,64.96,917,47.77,0,33.21,33.87,0.064
"2021-12-08 13:00:00",13080,14.12,101.1398,1.634,161.7,2.185,28.8,69.6,851,45.15,0,32.03,33.53,0.064
"2021-12-08 14:00:00",13081,14.16,101.0916,2,154.3,4.665,28.17,71.71,713,37.55,0,32.18,33.33,0.064
"2021-12-08 15:00:00",13082,14.21,101.0673,2.095,149.5,0.351,27.57,72.71,624.5,31.72,0,30.67,32.6,0.063
"2021-12-08 16:00:00",13083,14.18,101.0025,1.944,148.7,0.458,26.26,80.9,286.5,15.54,0,28.86,29.76,0.063
"2021-12-08 17:00:00",13084,13.56,100.9863,1.713,147.8,0.448,25.33,87.4,130.4,7.38,0,27.2,27.94,0.063
"2021-12-08 18:00:00",13085,13.27,100.9944,1.245,147.3,0.162,25.08,88.3,74.43,3.102,0,26.68,26.94,0.063
"2021-12-08 19:00:00",13086,12.96,100.9701,0.873,147.3,0.072,24.68,91.2,16.76,0.508,0,25.62,26.26,0.063
"2021-12-08 20:00:00",13087,12.95,101.0038,0.41,147.3,0.035,24.06,95.1,0,0,0,25.22,25.41,0.063
"2021-12-08 21:00:00",13088,12.94,101.0699,0.451,147.3,0.036,23.79,96.4,0,0,0,24.86,25.01,0.062
"2021-12-08 22:00:00",13089,12.93,101.1179,0.005,147.4,0,23.78,97,0,0,0,24.81,25.02,0.062
"2021-12-08 23:00:00",13090,12.93,101.0931,0,0,0,23.57,98.2,0,0,0,24.57,24.82,0.062
"2021-12-09 00:00:00",13091,12.92,101.1082,0.003,147.4,0,23.38,98.8,0,0,0,24.49,24.57,0.062
"2021-12-09 01:00:00",13092,12.89,101.0439,0,0,0,23.36,99,0,0,0,24.49,24.59,0.062
"2021-12-09 02:00:00",13093,12.89,101.0107,0,0,0,23.33,98.9,0,0,0,24.4,24.51,0.062
"2021-12-09 03:00:00",13094,12.87,100.9475,0,0,0,23,99.4,0,0,0,23.7,24.17,0.062
"2021-12-09 04:00:00",13095,12.86,100.9555,0.032,147.4,0.011,22.78,99.8,0,0,0,23.54,23.7,0.062
"2021-12-09 05:00:00",13096,12.85,100.9871,0.121,147.4,0.024,22.77,99.6,0.998,0.071,0,23.62,23.7,0.062
"2021-12-09 06:00:00",13097,12.83,101.0272,0.553,147.5,0.043,23.46,95.3,77.35,2.804,0,23.63,24.12,0.062
"2021-12-09 07:00:00",13098,13.01,100.9701,1.095,147.6,0.119,25.36,85.2,316.4,12.72,0,24.81,26.28,0.062
"2021-12-09 08:00:00",13099,13.45,101.001,1.724,199.3,32.41,27.53,77.94,537.9,24.16,0,28.35,29.26,0.062
"2021-12-09 09:00:00",13100,13.61,100.9603,1.991,64.13,0.126,29.17,71.3,714.6,34.4,0,30.06,31.29,0.061
"2021-12-09 10:00:00",13101,13.9,100.8758,2.136,54.82,19.07,30.86,58.17,901,44.01,0,31.89,33.3,0.061
"2021-12-09 11:00:00",13102,13.92,100.8107,2.742,357.6,28.43,32.48,53.74,1011,50.26,0,34.9,35.71,0.061
"2021-12-09 12:00:00",13103,13.92,100.7313,2.689,350.3,32.32,33.3,49.22,1078,53.74,0,35.53,36.66,0.06
"2021-12-09 13:00:00",13104,13.89,100.6909,2.643,9.22,33.43,33.52,63.73,1041,51.48,0,37.17,38.02,0.06
"2021-12-09 14:00:00",13105,14.11,100.6276,3.294,31.19,25.97,32.52,64.12,923,45.15,0,35.53,37.15,0.059
"2021-12-09 15:00:00",13106,14.07,100.5887,3.225,29.24,24.14,30.58,66.18,531.7,28.04,0,31.78,33.75,0.059
"2021-12-09 16:00:00",13107,14,100.5724,2.69,31.26,25.42,28.36,74.51,197.4,11.61,0,28.97,30.39,0.058
"2021-12-09 17:00:00",13108,13.58,100.5238,2.426,32.86,21.91,27.41,71.54,160.7,9.46,0,28.55,28.86,0.058
"2021-12-09 18:00:00",13109,12.98,100.5156,2.686,30.11,26.12,27.13,79.07,105.6,5.819,0,26.88,27.91,0.058
"2021-12-09 19:00:00",13110,12.92,100.5563,2.044,25.95,20.27,25.61,86.5,4.388,0.569,0,25.91,26.28,0.058
"2021-12-09 20:00:00",13111,12.89,100.5806,1.774,22.25,23.82,25.3,90.3,0,0,0,25.75,25.84,0.058
"2021-12-09 21:00:00",13112,12.91,100.6703,1.971,24.43,23.4,25.31,92,0,0,0,25.69,25.75,0.057
"2021-12-09 22:00:00",13113,12.89,100.751,0.636,20.78,15.74,25.24,94.8,0,0,0,25.69,25.87,0.057
"2021-12-09 23:00:00",13114,12.89,100.736,0.21,0.571,12.72,24.62,96.1,0,0,0,25.24,25.47,0.057
"2021-12-10 00:00:00",13115,12.88,100.6782,1.203,9.71,23.14,24.4,97.7,0,0,0,24.81,25.04,0.057
"2021-12-10 01:00:00",13116,12.86,100.7274,0.585,358.7,17.92,24.13,98.1,0,0,0.254,24.73,24.81,0.057
"2021-12-10 02:00:00",13117,12.84,100.639,0.31,3.068,9.53,23.72,98.5,0,0,0.254,24.4,24.63,0.057
"2021-12-10 03:00:00",13118,12.82,100.6879,0.887,349.4,22.57,23.57,99,0,0,1.016,23.97,24.17,0.057
"2021-12-10 04:00:00",13119,12.81,100.6383,0.16,319.6,1.035,23.41,97.1,0,0,0,23.92,24,0.057
"2021-12-10 05:00:00",13120,12.79,100.7205,0.096,323.3,0.177,23.08,98.9,1.124,0.128,0,23.22,23.56,0.056
"2021-12-10 06:00:00",13121,12.79,100.8022,0,0,0,23.04,99.4,52.54,3.074,0,23.29,23.68,0.056
"2021-12-10 07:00:00",13122,13.04,100.8403,0.006,323.1,0,24.87,95.7,144.8,6.503,0,24.72,25.64,0.056
"2021-12-10 08:00:00",13123,13.46,100.8484,0.339,323.2,0.086,26.39,84.3,346.2,16.29,0,26.27,27.64,0.056
"2021-12-10 09:00:00",13124,13.8,100.824,0.819,323.5,0.085,27.78,79.58,471.6,23.94,0,29,29.55,0.056
"2021-12-10 10:00:00",13125,14.07,100.766,1.204,323.4,0.13,29.42,71.75,682.4,34.1,0,30.44,31.89,0.056
"2021-12-10 11:00:00",13126,13.99,100.6613,1.709,331.7,21.76,30.04,74.97,613.1,33.27,0,32.34,32.87,0.056
"2021-12-10 12:00:00",13127,14.07,100.6105,2.522,42.83,23.67,30.52,76.08,902,46.31,0,33.33,34.51,0.056
"2021-12-10 13:00:00",13128,14.08,100.5552,2.911,46.79,24.46,31.16,73.45,1026,51.48,0,35.53,36.13,0.056
"2021-12-10 14:00:00",13129,14.13,100.4901,3.429,48.85,24.21,30.33,77.58,912,45.16,0,33.95,35.63,0.055
"2021-12-10 15:00:00",13130,14.06,100.4751,3.244,52.3,25.97,28.63,85.6,456.4,23.9,0,30.18,32.4,0.055
"2021-12-10 16:00:00",13131,13.03,100.4264,2.753,48.17,22.03,26.75,90.8,80.1,5.018,0,27.61,28.76,0.054
"2021-12-10 17:00:00",13132,12.95,100.5075,2.392,40.65,23.55,26.1,91.1,30.55,1.841,0,27.24,27.38,0.054
"2021-12-10 18:00:00",13133,12.95,100.4751,2.706,42.01,21.65,26.44,90.8,104.5,3.841,0,27.22,27.66,0.054
"2021-12-10 19:00:00",13134,12.92,100.4994,2.712,45.18,22.81,26.04,92.8,18.38,0.623,0,26.56,26.97,0.054
"2021-12-10 20:00:00",13135,12.92,100.5725,2.498,35.73,25.73,25.78,92.4,0,0,0,26.22,26.39,0.054
"2021-12-10 21:00:00",13136,12.89,100.6698,1.64,27.85,20.56,25.76,91.7,0,0,0,26.18,26.27,0.054
"2021-12-10 22:00:00",13137,12.91,100.6861,1.566,20.85,21.81,25.63,91.5,0,0,0,25.9,25.98,0.054
"2021-12-10 23:00:00",13138,12.89,100.6699,1.044,17.58,18.58,25.58,92.8,0,0,0,25.69,25.97,0.054
"2021-12-11 00:00:00",13139,12.88,100.6536,0.337,8.7,13.29,24.9,96,0,0,0,25.16,25.44,0.053
"2021-12-11 01:00:00",13140,12.86,100.6219,0.011,21.17,3.074,24.36,97.6,0,0,0,24.83,25.21,0.053
"2021-12-11 02:00:00",13141,12.83,100.551,0.001,351.9,0,23.74,99.1,0,0,0,24.3,24.52,0.053
"2021-12-11 03:00:00",13142,12.83,100.5331,0.056,18.67,3.12,23.51,99.8,0,0,0,24.15,24.31,0.053
"2021-12-11 04:00:00",13143,12.8,100.566,0.165,23.18,4.542,23.56,100,0,0,0,24.1,24.2,0.053
"2021-12-11 05:00:00",13144,12.79,100.5811,0.198,28.98,5.557,23.57,100,1.494,0.131,0,24.02,24.1,0.053
"2021-12-11 06:00:00",13145,12.78,100.605,0.902,26.19,12.5,24.17,97.4,72.08,3.211,0,24.1,24.58,0.053
"2021-12-11 07:00:00",13146,13.06,100.6374,1.835,25.5,18.72,25.97,90.1,207,8.8,0,25.44,26.44,0.053
"2021-12-11 08:00:00",13147,13.43,100.6211,1.6,8.14,24.26,27.06,85.1,263.1,12.8,0,27.15,28.26,0.053
"2021-12-11 09:00:00",13148,13.66,100.5806,1.66,352.8,28.63,28.5,80.4,431.6,21.51,0,29.06,30.12,0.053
"2021-12-11 10:00:00",13149,13.89,100.5059,2.103,345.8,33.44,30.54,70.07,841,40.89,0,30.87,32.98,0.053
"2021-12-11 11:00:00",13150,14.08,100.4313,2.73,26.93,29.14,32.15,71.34,1019,50.06,0,35.04,36,0.052
"2021-12-11 12:00:00",13151,14.14,100.3606,3.056,30.02,26.77,31.74,72.64,1050,52.17,0,35.57,35.95,0.052
"2021-12-11 13:00:00",13152,14.18,100.2641,3.261,35.77,25.24,31.83,70.61,1036,51.35,0,36.07,36.67,0.051
"2021-12-11 14:00:00",13153,14.17,100.1818,3.276,30.51,27.28,31.94,71.64,949,46.11,0,36.09,36.96,0.051
"2021-12-11 15:00:00",13154,14.12,100.1655,3.252,30.52,25.38,31.58,72.09,807,38.27,0,35.59,36.02,0.05
"2021-12-11 16:00:00",13155,14.13,100.1099,2.949,29.98,23.12,30.79,75.63,580.1,26.67,0,33.33,34.71,0.05
"2021-12-11 17:00:00",13156,13.95,100.1423,2.491,27.72,20.6,29.36,81.6,271.1,13.3,0,30.67,31.88,0.049
"2021-12-11 18:00:00",13157,13.08,100.2073,2.364,34.55,20.11,27.49,88.7,114.5,5.695,0,28.18,29.19,0.049
"2021-12-11 19:00:00",13158,12.93,100.2567,2.033,27.52,19.17,26.19,93.8,8.07,0.669,0,26.67,27.25,0.049
"2021-12-11 20:00:00",13159,12.92,100.3383,1.539,15.98,17.09,25.73,94.5,0,0,0,26.32,26.48,0.049
"2021-12-11 21:00:00",13160,12.92,100.4594,1.234,15.97,17.47,25.5,95.2,0,0,0,26.07,26.19,0.048
"2021-12-11 22:00:00",13161,12.91,100.4751,0.869,6.76,15.57,25.5,94.9,0,0,0,26.1,26.18,0.048
"2021-12-11 23:00:00",13162,12.87,100.4426,1.353,15.6,22.4,25.42,95.8,0,0,0,25.78,25.99,0.048
"2021-12-12 00:00:00",13163,12.9,100.4184,1.461,14.31,21.11,25.2,96.1,0,0,0,25.45,25.64,0.048
"2021-12-12 01:00:00",13164,12.88,100.4023,0.86,26.69,14.05,24.95,97,0,0,0,25.37,25.42,0.048
"2021-12-12 02:00:00",13165,12.87,100.4028,0.637,21.42,11.95,24.81,98,0,0,0,25.33,25.39,0.048
"2021-12-12 03:00:00",13166,12.86,100.3863,0.426,20.46,8.95,24.78,99,0,0,0,25.3,25.35,0.048
"2021-12-12 04:00:00",13167,12.84,100.4265,0.535,14.52,9.5,25.05,99.2,0,0,0,25.46,25.58,0.048
"2021-12-12 05:00:00",13168,12.81,100.4508,0.877,15.61,17.95,24.93,99.9,0.904,0.121,0,25.29,25.42,0.048
"2021-12-12 06:00:00",13169,12.81,100.4994,0.692,14.41,19.9,25.11,98.7,78.04,3.279,0,25.28,25.73,0.048
"2021-12-12 07:00:00",13170,12.98,100.5481,1.124,12.16,20.28,27.25,85.9,282.5,11.68,0,26.71,28.39,0.048
"2021-12-12 08:00:00",13171,13.45,100.5637,1.709,5.944,26.23,30.07,77.08,505.1,22.3,0,30.25,31.92,0.047
"2021-12-12 09:00:00",13172,13.47,100.544,1.888,348.5,28.87,31.75,68,594,29.39,0,31.75,33.27,0.047
"2021-12-12 10:00:00",13173,13.85,100.4953,2.144,343.3,29.08,34.79,53.42,873,42.12,0,34.4,36.67,0.047
"2021-12-12 11:00:00",13174,14.02,100.4817,1.711,340.2,23.6,35.13,52.97,580.8,31.77,0,36.23,36.96,0.046
"2021-12-12 12:00:00",13175,14.04,100.4418,2.038,23.52,31.89,35.68,58.87,858,44.44,0,37.06,38.82,0.046
"2021-12-12 13:00:00",13176,14.04,100.402,1.87,37.13,19.75,35.62,53.86,695.3,37.03,0,38.72,39.38,0.045
"2021-12-12 14:00:00",13177,14.06,100.3858,1.779,13.25,28.39,35.04,65.68,554.3,30.09,0,36.41,38.34,0.045
"2021-12-12 15:00:00",13178,14.11,100.3696,1.99,45.47,18.84,33.02,61.13,530.2,27.52,0,36.03,36.68,0.044
"2021-12-12 16:00:00",13179,13.96,100.3371,1.86,32.02,20.86,31.55,68.04,315.9,16.74,0,32.71,34.64,0.043
"2021-12-12 17:00:00",13180,13.73,100.4183,1.828,36.85,19.56,29.14,75.29,128.3,7.189,0,30.13,31.19,0.043
"2021-12-12 18:00:00",13181,12.97,100.5075,1.545,29.55,16.9,27.87,81.3,59.49,3.39,0,28.55,29.41,0.043
"2021-12-12 19:00:00",13182,12.92,100.549,0.539,55.68,12.18,26.83,85.4,3.107,0.352,0,27.57,28.04,0.043
"2021-12-12 20:00:00",13183,12.92,100.6622,0.025,64.78,1.103,25.95,90.5,0,0,0,26.65,27.09,0.042
"2021-12-12 21:00:00",13184,12.91,100.8014,0,0,0,25.26,93.9,0,0,0,26.22,26.43,0.042
"2021-12-12 22:00:00",13185,12.9,100.9402,0.484,55.77,26.14,25.45,92.7,0,0,0,25.9,26.05,0.042
"2021-12-12 23:00:00",13186,12.89,100.9296,0.28,39.81,33.36,25.5,87.3,0,0,0,25.39,25.95,0.042
"2021-12-13 00:00:00",13187,12.84,100.8111,0.148,347.1,0.101,24.12,94.5,0,0,0,24.61,24.89,0.042
"2021-12-13 01:00:00",13188,12.87,100.7239,0,0,0,23.18,96.8,0,0,0,24.49,24.66,0.042
"2021-12-13 02:00:00",13189,12.85,100.6829,0.002,347.5,0,22.99,97.3,0,0,0,24.33,24.42,0.041
"2021-12-13 03:00:00",13190,12.83,100.6591,0,0,0,22.9,97.8,0,0,0,24.22,24.33,0.042
"2021-12-13 04:00:00",13191,12.82,100.603,0,0,0,22.89,98.5,0,0,0,24.13,24.25,0.041
"2021-12-13 05:00:00",13192,12.79,100.6425,0,0,0,22.88,99.1,0.113,0.038,0,23.95,24.1,0.041
"2021-12-13 06:00:00",13193,12.78,100.7406,0,0,0,23,99.4,13.77,0.989,0,23.96,24.17,0.041
"2021-12-13 07:00:00",13194,12.78,100.8178,0.01,347.5,0.004,23.66,97.2,60.58,3.8,0,24.31,24.65,0.041
"2021-12-13 08:00:00",13195,13.08,100.8646,0,0,0,25.62,92.4,126.1,8.01,0,25.46,26.38,0.041
"2021-12-13 09:00:00",13196,13.24,100.8322,0.168,347.5,0.016,25.79,93.8,132.5,8.68,0,26.54,26.85,0.041
"2021-12-13 10:00:00",13197,13.66,100.7672,0.586,354.8,7.377,27.41,83.9,443.8,25.75,0,27.09,29.03,0.041
"2021-12-13 11:00:00",13198,13.78,100.7266,0.275,6.544,4.695,28.2,82.4,249.7,15.18,0,29.72,30.23,0.041
"2021-12-13 12:00:00",13199,14.12,100.637,1.022,2.222,7.794,30.25,75.82,758,41.2,0,30.68,34.23,0.041
"2021-12-13 13:00:00",13200,14.01,100.5806,0.679,0.69,7.196,30.06,78.27,350.2,21.23,0,32.35,33.41,0.041
"2021-12-13 14:00:00",13201,14,100.5238,0.855,20.36,11.54,29.11,77.38,382.9,22.5,0,31.03,31.75,0.04
"2021-12-13 15:00:00",13202,13.96,100.4994,0.945,34.66,15.3,29.38,83.3,362.9,21.21,0,31.25,32.32,0.04
"2021-12-13 16:00:00",13203,13.34,100.5319,0.688,42.02,13.16,28.03,87.1,108.8,6.984,0,28.72,29.82,0.04
"2021-12-13 17:00:00",13204,12.98,100.5643,0.358,27.76,22.57,26.43,95.8,28.62,2.147,0.762,26.65,27.83,0.04
"2021-12-13 18:00:00",13205,12.95,100.5815,0.317,330.5,0.029,24.99,97.2,6.253,0.565,1.27,25.62,26.01,0.04
"2021-12-13 19:00:00",13206,12.93,100.5514,0.102,330.5,0.02,24.59,98.7,0.25,0.061,1.27,25.4,25.77,0.04
"2021-12-13 20:00:00",13207,12.9,100.4536,0.23,330.5,0.021,23.94,98.4,0,0,0.254,24.84,25.16,0.04
"2021-12-13 21:00:00",13208,12.9,100.3101,0.583,330.6,0.048,23.38,97.6,0,0,0,23.97,24.47,0.04
"2021-12-13 22:00:00",13209,12.9,100.2716,0.74,352.9,21.67,23.1,95.6,0,0,0,23.5,23.81,0.039
"2021-12-13 23:00:00",13210,12.86,100.4411,0.376,18.29,20.42,22.9,95.6,0,0,0,23.15,23.28,0.039
"2021-12-14 00:00:00",13211,12.86,100.5059,0.134,10.27,5.504,22.93,95.2,0,0,0,23.17,23.27,0.039
"2021-12-14 01:00:00",13212,12.85,100.4658,0.027,0.048,0.006,22.5,97.9,0,0,0.254,23.05,23.18,0.039
"2021-12-14 02:00:00",13213,12.8,100.303,0.095,7.407,3.756,22.37,97.2,0,0,0,22.99,23.27,0.039
"2021-12-14 03:00:00",13214,12.8,100.3664,0.596,357.2,8.71,22.84,94.7,0,0,0,22.6,22.83,0.039
"2021-12-14 04:00:00",13215,12.78,100.3846,0.583,353.4,4.575,22.61,94.1,0,0,0,22.43,22.5,0.039
"2021-12-14 05:00:00",13216,12.76,100.4244,0.493,353.7,8.09,22.76,91.7,0.181,0.042,0,22.41,22.46,0.039
"2021-12-14 06:00:00",13217,12.75,100.4407,0.523,354.7,7.398,22.66,92.4,26.76,1.515,0,22.51,22.68,0.039
"2021-12-14 07:00:00",13218,12.91,100.4624,0.88,350.8,6.685,23.34,90.9,96.5,5.616,0,22.97,23.24,0.039
"2021-12-14 08:00:00",13219,13.13,100.3777,1.347,342.1,12.2,24.88,81.5,323.6,16.71,0,23.54,25.07,0.039
"2021-12-14 09:00:00",13220,13.67,100.3858,2.024,325.7,19.21,26.9,72.69,529.1,27.43,0.254,26.22,27.23,0.039
"2021-12-14 10:00:00",13221,13.89,100.3851,2.645,322.6,25.92,29.8,65.4,924,45.79,0,29.37,31.05,0.039
"2021-12-14 11:00:00",13222,13.98,100.4573,1.874,323.1,28.48,31.44,56.3,1033,52.65,0,31.02,33.75,0.039
"2021-12-14 12:00:00",13223,14.04,100.4231,0.988,276.1,47.29,33.17,50.52,920,48.01,0,35.13,36.27,0.039
"2021-12-14 13:00:00",13224,14,100.4418,1.278,129.1,39.93,31.3,69.85,509.6,29.79,0,32.43,34.4,0.039
"2021-12-14 14:00:00",13225,14.16,100.4345,1.657,126,26.97,29.4,68.85,598.2,32.96,0,31.34,32.69,0.039
"2021-12-14 15:00:00",13226,14.11,100.4669,2.008,138.9,24.45,28.64,68.38,690.2,35.3,0,31.03,31.83,0.039
"2021-12-14 16:00:00",13227,13.97,100.4588,1.984,146.6,24.43,28.8,76.54,605.5,28.98,0,30.15,32.05,0.039
"2021-12-14 17:00:00",13228,13.89,100.4669,1.764,146.1,22.86,27.59,82.5,350.6,15.89,0,27.8,30.02,0.039
"2021-12-14 18:00:00",13229,13.5,100.5481,1.396,145.5,20.34,26.14,85.6,150.6,6.859,0,27.01,27.36,0.039
"2021-12-14 19:00:00",13230,12.95,100.6215,1.11,147.7,19.21,25.38,86.1,14.91,0.668,0,25.73,26.34,0.039
"2021-12-14 20:00:00",13231,12.93,100.6971,0.558,147.3,14.65,24.47,93,0,0,0,24.67,25.37,0.038
"2021-12-14 21:00:00",13232,12.92,100.7647,0.756,153.6,18.01,24.08,89.9,0,0,0,24.25,24.43,0.038
"2021-12-14 22:00:00",13233,12.91,100.8428,0.426,159.4,11.9,24.14,86.9,0,0,0,24.16,24.34,0.038
"2021-12-14 23:00:00",13234,12.9,100.8063,0.16,159.5,7.936,23.73,87.9,0,0,0,23.89,24.02,0.038
"2021-12-15 00:00:00",13235,12.9,100.74,0.042,164.7,3.556,23.17,91,0,0,0,23.37,23.71,0.038
"2021-12-15 01:00:00",13236,12.89,100.6944,0.011,179.3,1.416,22.12,93.8,0,0,0,22.57,22.92,0.038
"2021-12-15 02:00:00",13237,12.85,100.662,0.082,183.6,2.064,22,92.2,0,0,0,22.6,22.72,0.038
"2021-12-15 03:00:00",13238,12.83,100.6373,0.126,187,4.063,21.84,93.2,0,0,0,22.43,22.58,0.038
"2021-12-15 04:00:00",13239,12.82,100.5971,0.122,190.5,3.118,21.43,94.9,0,0,0,21.9,22.23,0.038
"2021-12-15 05:00:00",13240,12.8,100.6134,0.187,195.8,2.29,21.34,95,1.233,0.102,0,21.87,21.97,0.038
"2021-12-15 06:00:00",13241,12.79,100.6621,0.127,197.6,1.077,21.61,92.6,49.92,3.251,0,22.02,22.33,0.038
"2021-12-15 07:00:00",13242,12.88,100.7104,0.34,191.4,5.79,24.4,79.15,292.5,12.66,0,22.96,25.79,0.038
"2021-12-15 08:00:00",13243,13.27,100.7266,0.901,153.9,54.61,26.44,76.74,489.6,22.9,0,29.07,29.97,0.038
"2021-12-15 09:00:00",13244,13.63,100.6536,1.102,46.76,14.18,27.28,71.82,585.2,29.66,0,29.37,30.67,0.038
"2021-12-15 10:00:00",13245,13.85,100.6033,1.497,21.47,15.94,29.13,66.18,922,44.89,0,31.2,32.85,0.038
"2021-12-15 11:00:00",13246,14.05,100.5075,1.704,6.824,24.52,30.03,68.2,659.5,35.26,0,33.31,34.08,0.038
"2021-12-15 12:00:00",13247,14.03,100.3689,1.844,9.44,30.38,31.12,63.78,946,47.82,0,34.3,35.64,0.038
"2021-12-15 13:00:00",13248,14,100.2559,2.064,18.94,25.42,31.66,64.34,832,43.68,0,36.45,36.89,0.038
"2021-12-15 14:00:00",13249,14.05,100.1423,3.104,28.45,23.64,31.73,66.94,909,45.24,0,36.29,36.78,0.038
"2021-12-15 15:00:00",13250,13.96,100.0774,3.182,32.82,24.45,31.56,67.36,779.4,38.01,0,35.66,36.14,0.037
"2021-12-15 16:00:00",13251,14.06,100.0125,3.089,32.33,23.49,30.33,75.34,441.1,22.08,0,31.34,33.57,0.037
"2021-12-15 17:00:00",13252,13.92,99.99628,2.839,28.81,19.23,28.29,83.8,168.3,9.64,0,29.01,30.12,0.037
"2021-12-15 18:00:00",13253,13,99.96382,2.348,20.4,19.87,27.21,83.5,61.65,3.436,0,27.74,28.35,0.037
"2021-12-15 19:00:00",13254,12.94,99.94764,2.248,19.02,22.35,26.52,88.5,5.218,0.392,0,26.78,27.27,0.037
"2021-12-15 20:00:00",13255,12.93,100.0694,1.619,6.46,23.98,25.96,90.5,0,0,0,26.23,26.53,0.036
"2021-12-15 21:00:00",13256,12.92,100.0781,1.257,7.195,18.9,25.65,92.2,0,0,0,25.7,25.97,0.036
"2021-12-15 22:00:00",13257,12.91,100.1678,0.573,9.14,22.6,25.2,95,0,0,0,25.53,25.62,0.036
"2021-12-15 23:00:00",13258,12.87,100.1638,0.27,7.113,9.05,24.83,96.9,0,0,0,25.23,25.4,0.036
"2021-12-16 00:00:00",13259,12.89,100.1365,0.141,5.38,4.422,24.51,97.7,0,0,0,24.84,25.04,0.036
"2021-12-16 01:00:00",13260,12.88,100.0887,0.215,6.542,3.883,24.47,96.7,0,0,0,24.69,24.78,0.036
"2021-12-16 02:00:00",13261,12.86,100.1605,0.109,36.05,21.38,24.73,96,0,0,0,24.71,24.86,0.036
"2021-12-16 03:00:00",13262,12.85,100.2338,0.15,354.9,17.15,24.53,97.9,0.024,0,0,24.68,24.87,0.036
"2021-12-16 04:00:00",13263,12.83,100.3783,0.278,27.61,30.39,24.7,92.1,0.024,0,0,24.53,24.89,0.036
"2021-12-16 05:00:00",13264,12.81,100.4121,0.895,169.9,17.7,23.84,81.8,1.171,0.086,0,23.19,23.54,0.036
"2021-12-16 06:00:00",13265,12.81,100.3547,0.255,149.2,9.05,23.8,79.18,66.87,2.659,0,23.18,23.9,0.036
"2021-12-16 07:00:00",13266,12.99,100.3859,0.687,140.2,0.184,25.39,76.73,188.2,9.53,0,24.76,26.6,0.036
"2021-12-16 08:00:00",13267,13.27,100.4183,1.828,73.76,49.04,28.14,71.49,516.5,22.91,0,27.42,30.21,0.036
"2021-12-16 09:00:00",13268,13.5,100.4421,1.775,28.65,23.8,29.97,70.22,739.3,34.8,0,31.19,32.7,0.036
"2021-12-16 10:00:00",13269,13.63,100.4895,1.036,59.82,25.83,31.45,65.74,701.4,34.72,0,33.85,35.64,0.036
"2021-12-16 11:00:00",13270,13.94,100.5075,1.571,140.6,29.87,29.95,71.71,668.6,34.18,0,31.7,33.36,0.036
"2021-12-16 12:00:00",13271,14.06,100.4913,1.843,138.2,27.85,29.76,67.62,747,40.48,0,32.79,33.41,0.036
"2021-12-16 13:00:00",13272,14.07,100.5319,2.063,143.4,24.46,28.3,73.23,476.5,27.85,0,29.08,31.16,0.035
"2021-12-16 14:00:00",13273,13.86,100.4994,2.225,151.5,24.18,26.2,85.7,227.4,13.98,0,26.97,28.26,0.035
"2021-12-16 15:00:00",13274,13.27,100.4832,2.38,156.1,23.13,24.89,86.8,89.5,6.111,0,25.65,26.15,0.035
"2021-12-16 16:00:00",13275,13.01,100.5824,2.366,157.5,24.29,23.85,86.2,47.18,3.412,0,24.34,24.79,0.035
"2021-12-16 17:00:00",13276,12.93,100.6588,1.811,169.2,24.19,22.96,95,26.47,2.011,0,22.8,23.89,0.035
"2021-12-16 18:00:00",13277,12.91,100.6784,1.813,164.6,21.17,21.43,97.8,19.72,1.372,0.254,21.9,22.25,0.035
"2021-12-16 19:00:00",13278,12.89,100.7757,1.491,156.8,18.49,21.66,92.1,4.051,0.341,0,21.98,22.11,0.035
"2021-12-16 20:00:00",13279,12.9,100.9706,1.561,178,22.77,21.13,97.2,0,0,0.254,21.25,21.55,0.035
"2021-12-16 21:00:00",13280,12.89,101.1167,1.711,186,21.06,20.23,98.5,0,0,0.762,20.66,20.87,0.035
"2021-12-16 22:00:00",13281,12.87,101.1737,1.31,187.2,17.86,19.69,99.3,0,0,1.016,20.31,20.47,0.035
"2021-12-16 23:00:00",13282,12.85,101.2064,1.61,194.2,19.13,19.28,99.9,0,0,1.27,19.81,20.04,0.034
"2021-12-17 00:00:00",13283,12.81,101.2482,1.318,193.2,18.6,18.9,99.8,0,0,0.254,19.47,19.73,0.035
"2021-12-17 01:00:00",13284,12.82,101.2202,1.79,194.7,21.39,18.37,99.7,0,0,2.54,18.77,19.09,0.034
"2021-12-17 02:00:00",13285,12.78,101.247,1.81,184.3,20.42,17.94,99.3,0,0,0.254,18.39,18.62,0.035
"2021-12-17 03:00:00",13286,12.77,101.2305,2,190.3,23.57,17.75,99,0,0,0,18.19,18.31,0.036
"2021-12-17 04:00:00",13287,12.75,101.239,1.762,190.5,22.39,17.64,98.1,0,0,0,18.06,18.14,0.037
"2021-12-17 05:00:00",13288,12.72,101.2544,1.606,190.9,22.22,17.77,97.5,0.467,0.054,0,18.1,18.21,0.038
"2021-12-17 06:00:00",13289,12.73,101.3598,1.564,199.4,23.06,18.15,98.6,18.21,1.113,0,18.28,18.58,0.039
"2021-12-17 07:00:00",13290,12.73,101.5188,1.777,186.9,31.33,18.61,99,34.85,2.289,5.08,18.73,19.07,0.039
"2021-12-17 08:00:00",13291,12.74,101.5804,1.722,166.7,25.05,19.24,97.9,58.29,3.951,3.302,19.43,19.62,0.05
"2021-12-17 09:00:00",13292,12.91,101.596,1.731,177.2,26.08,19.42,97.8,159.5,10,0,19.43,19.8,0.075
"2021-12-17 10:00:00",13293,13.57,101.693,2.094,159.9,28.04,20.47,87.3,362.1,21.61,0.508,20.3,21.14,0.081
"2021-12-17 11:00:00",13294,13.79,101.695,2.396,149.8,28.68,21.02,84.5,487.6,28.87,0.254,20.72,22.02,0.085
"2021-12-17 12:00:00",13295,14.04,101.6898,2.279,156.6,28.74,20.96,81.1,489.4,29.22,0.254,21.21,22.15,0.087
"2021-12-17 13:00:00",13296,14.05,101.6765,2.47,149,29.25,22.27,92.5,590.6,33.21,0,22.16,23.57,0.087
"2021-12-17 14:00:00",13297,14.1,101.6287,2.255,146.8,24.85,21.66,71.51,324.1,19.79,0.254,22.12,22.53,0.086
"2021-12-17 15:00:00",13298,14.07,101.6392,2.428,154,28.99,21.02,79.42,425,24.27,0,20.78,22.26,0.085
"2021-12-17 16:00:00",13299,13.66,101.6928,1.676,158.8,25.49,19.6,95.9,226.5,12.79,1.27,20.16,21.13,0.085
"2021-12-17 17:00:00",13300,13.66,101.6767,1.332,172.1,19.06,19.07,89.1,162.8,8.47,0.254,19.79,20.11,0.085
"2021-12-17 18:00:00",13301,13.24,101.6929,1.89,160.3,23.02,19.35,84.4,90.6,4.782,0,19.33,19.79,0.088
"2021-12-17 19:00:00",13302,12.96,101.7471,0.887,158.4,13.8,18.4,91.5,8.18,0.518,1.016,18.61,18.97,0.088
"2021-12-17 20:00:00",13303,12.93,101.8389,0.824,198.2,30.47,18,95.5,0,0,0.254,18.33,18.48,0.089
"2021-12-17 21:00:00",13304,12.93,101.9368,0.474,192,15.75,17.58,93.2,0,0,1.524,17.9,18.32,0.089
"2021-12-17 22:00:00",13305,12.92,101.9858,0.911,209,20.6,17.03,98.2,0,0,2.794,17.44,17.72,0.091
"2021-12-17 23:00:00",13306,12.91,101.9452,0.957,199.9,16.79,16.7,99.1,0.004,0,1.27,17.37,17.46,0.096
"2021-12-18 00:00:00",13307,12.9,101.8559,0.561,200.5,15.11,16.45,99.5,0,0,0.254,17.22,17.36,0.098
"2021-12-18 01:00:00",13308,12.89,101.7828,0.531,221.5,15.33,15.98,99.3,0,0,0,16.54,16.9,0.096
"2021-12-18 02:00:00",13309,12.86,101.726,0.559,213.4,8.65,15.5,99.6,0,0,0,16.07,16.36,0.093
"2021-12-18 03:00:00",13310,12.85,101.6773,0.488,214.3,12.08,15.28,99.1,0,0,0,15.92,16.19,0.091
"2021-12-18 04:00:00",13311,12.83,101.6692,0.431,207.7,8.81,15,99.2,0,0,0,15.6,15.95,0.09
"2021-12-18 05:00:00",13312,12.81,101.7017,0.488,203.9,9.58,14.78,98,0.672,0.112,0,15.28,15.39,0.089
"2021-12-18 06:00:00",13313,12.8,101.7341,0.642,212.2,13.34,14.89,96.9,37.76,3.183,0,15.22,15.36,0.088
"2021-12-18 07:00:00",13314,12.9,101.787,0.724,204.3,15.55,17.16,91.7,254.1,10.65,0,15.87,17.91,0.087
"2021-12-18 08:00:00",13315,13.49,101.7661,0.846,195.5,20.97,18.5,85.4,344,16.49,0,18.49,19.53,0.086
"2021-12-18 09:00:00",13316,13.69,101.7582,1.503,179.6,31.63,20.46,83.4,516.9,26.72,0,21.3,22.24,0.085
"2021-12-18 10:00:00",13317,14.09,101.7575,1.534,178,33.23,21.08,77.39,580,30.87,0,21.38,22.97,0.085
"2021-12-18 11:00:00",13318,14.23,101.7501,1.721,154.6,29.42,21.09,83.8,530.8,30.43,0,22.28,23.55,0.084
"2021-12-18 12:00:00",13319,14.26,101.6518,1.707,149,32.64,22.16,65.88,665.2,36.9,0,22.58,24.9,0.083
"2021-12-18 13:00:00",13320,14.26,101.6112,1.726,143.8,32.57,23.17,64.05,591,33.88,0,25.27,25.96,0.082
"2021-12-18 14:00:00",13321,14.23,101.5706,1.664,145.8,28.35,22.72,79.51,450,25.84,0,22.94,25.26,0.081
"2021-12-18 15:00:00",13322,14.19,101.5381,1.565,139,31.05,22.58,61.75,424.1,24.2,0,23.1,24.39,0.081
"2021-12-18 16:00:00",13323,14.25,101.4732,1.42,123.9,31.17,23.28,58.23,441.7,22.71,0,25.24,25.78,0.08
"2021-12-18 17:00:00",13324,13.66,101.4831,1.38,97.5,21.68,22.42,69.71,205,11.48,0,23.07,24.82,0.079
"2021-12-18 18:00:00",13325,13.05,101.5021,1.005,96.4,16.46,21.31,71.51,62.99,3.704,0,21.89,22.49,0.079
"2021-12-18 19:00:00",13326,12.95,101.5058,0.152,117.1,9.09,20.41,74.29,8.54,0.601,0,20.57,21.46,0.078
"2021-12-18 20:00:00",13327,12.93,101.5549,0.042,133.2,0.028,19.06,78.23,0,0,0,19.31,19.68,0.078
"2021-12-18 21:00:00",13328,12.92,101.532,0,0,0,18.77,79.68,0,0,0,19.49,19.66,0.077
"2021-12-18 22:00:00",13329,12.9,101.5565,0,0,0,18.7,80.4,0,0,0,19.55,19.65,0.077
"2021-12-18 23:00:00",13330,12.89,101.5287,0,0,0,18.4,79.48,0,0,0,18.57,19.01,0.077
"2021-12-19 00:00:00",13331,12.88,101.4474,0.033,133.3,0.038,18.29,85.8,0,0,0,18.55,18.71,0.076
"2021-12-19 01:00:00",13332,12.87,101.3676,0.001,133.2,0,17.8,88.5,0,0,0,18.51,18.73,0.076
"2021-12-19 02:00:00",13333,12.86,101.2958,0.253,134.8,0.769,17.71,89.8,0,0,0,17.94,18.14,0.075
"2021-12-19 03:00:00",13334,12.84,101.2632,0.507,141.5,0.92,17.63,89.4,0,0,0,17.77,17.97,0.075
"2021-12-19 04:00:00",13335,12.81,101.2795,0.482,141.9,0.1,17.54,88.7,0,0,0,17.51,17.69,0.075
"2021-12-19 05:00:00",13336,12.8,101.2795,0.304,142,0.075,17.08,89.6,0.561,0.107,0,17.03,17.27,0.075
"2021-12-19 06:00:00",13337,12.79,101.3282,0.314,142,0.19,17.85,78.3,73.6,3.187,0,16.98,17.87,0.075
"2021-12-19 07:00:00",13338,12.92,101.3605,0.484,158.6,10.77,20.66,69.96,307.4,13,0,19.91,22.1,0.074
"2021-12-19 08:00:00",13339,13.26,101.3515,0.251,114.5,13.57,22.42,68.2,351.1,19.5,0,24.33,24.91,0.074
"2021-12-19 09:00:00",13340,13.67,101.3596,0.621,136.5,47.11,24.08,60.47,661.2,33.38,0,25.07,27.3,0.074
"2021-12-19 10:00:00",13341,13.94,101.3271,0.888,83.3,51.65,25.34,55.89,851,42.61,0,28.67,29.93,0.073
"2021-12-19 11:00:00",13342,14.13,101.2622,1.352,67.5,25.84,25.63,54.36,784.1,40.52,0,29.24,31.29,0.073
"2021-12-19 12:00:00",13343,14.17,101.2298,1.545,92.2,30.32,25.81,62.79,726.6,38.17,0,29.15,31.56,0.073
"2021-12-19 13:00:00",13344,14.16,101.173,1.915,84.9,24.36,25.39,56.99,758.3,42.61,0,28.69,29.84,0.072
"2021-12-19 14:00:00",13345,14.16,101.1161,2.233,65.69,26.3,26.04,59.4,852,45.2,0,29.68,32.22,0.072
"2021-12-19 15:00:00",13346,14.23,101.0918,2.28,67.61,18.41,24.83,65.86,444.7,25.1,0,27.49,29.25,0.072
"2021-12-19 16:00:00",13347,14.11,101.0593,1.984,58.42,17.59,23.97,64.05,260.9,15.15,0,26.38,27.08,0.071
"2021-12-19 17:00:00",13348,13.46,101.0513,1.497,50.47,19.94,23.47,68.88,134.7,8.29,0,24.97,25.75,0.071
"2021-12-19 18:00:00",13349,13.02,101.0884,0.697,35.2,12.13,22.45,82.3,55.84,3.473,0,23.34,24.38,0.071
"2021-12-19 19:00:00",13350,12.93,101.1568,0.037,28.64,2.594,21.11,91,6.864,0.738,0.254,22.51,23.02,0.071
"2021-12-19 20:00:00",13351,12.92,101.2303,0.011,4.955,0.006,20.47,92.4,0,0,0,21.87,22.19,0.07
"2021-12-19 21:00:00",13352,12.9,101.2384,0.002,5,0.004,20.22,95.5,0,0,0,21.6,21.81,0.07
"2021-12-19 22:00:00",13353,12.92,101.2709,0,0,0,19.75,95.3,0,0,0,21.25,21.36,0.07
"2021-12-19 23:00:00",13354,12.89,101.2303,0.005,5,0.005,19.65,95,0,0,0,20.65,20.95,0.07
"2021-12-20 00:00:00",13355,12.89,101.2141,0.015,4.985,0.009,19.57,93.7,0,0,0,20.5,20.59,0.07
"2021-12-20 01:00:00",13356,12.86,101.1735,0.016,4.954,0.003,19.44,94.5,0,0,0,20.31,20.41,0.07
"2021-12-20 02:00:00",13357,12.83,101.1167,0,0,0,19.31,95.4,0,0,0,20.5,20.63,0.07
"2021-12-20 03:00:00",13358,12.82,101.0612,0,0,0,18.83,97.5,0,0,0,20.04,20.46,0.069
"2021-12-20 04:00:00",13359,12.81,101.0858,0,0,0,18.47,98.5,0,0,0,19.84,20,0.069
"2021-12-20 05:00:00",13360,12.78,101.1339,0,0,0,18.81,98.1,0.399,0.078,0,20.08,20.25,0.069
"2021-12-20 06:00:00",13361,12.78,101.1574,0.03,5.005,0.011,19.18,97,38.8,2.622,0,20.05,20.41,0.069
"2021-12-20 07:00:00",13362,12.87,101.1853,0.04,4.98,0.015,21.3,85.2,210.5,10.08,0,20.78,22.36,0.069
"2021-12-20 08:00:00",13363,13.6,101.2135,0.117,73.75,3.771,24.23,63.83,479,22.57,0,24,26.38,0.069
"2021-12-20 09:00:00",13364,13.89,101.2298,1.014,43.99,31.41,26.18,65.29,627.3,30,0,29,30.12,0.069
"2021-12-20 10:00:00",13365,14.03,101.2216,1.423,45.67,51.39,25.38,66.41,416.5,23.36,0,27.43,28.35,0.068
"2021-12-20 11:00:00",13366,14.2,101.2298,1.54,59.49,29.33,26.5,63.17,710.6,38,0,29.8,30.92,0.068
"2021-12-20 12:00:00",13367,14.11,101.1811,1.987,62.45,24.38,27.04,68.07,826,42.79,0,31.75,32.93,0.068
"2021-12-20 13:00:00",13368,14.17,101.1567,1.935,55.72,23.43,26.7,63.03,667.6,35.98,0,30.59,31.57,0.068
"2021-12-20 14:00:00",13369,14.23,101.1243,2.606,50.47,24.29,26.63,68.58,735.5,38.47,0,30.2,32.26,0.067
"2021-12-20 15:00:00",13370,14.21,101.0675,2.812,45.58,21.78,25.91,77.05,543.1,27.75,0,28.03,30.29,0.067
"2021-12-20 16:00:00",13371,14.15,101.0431,2.445,44.35,22.4,24.61,79.75,277.8,14.63,0,26.84,27.42,0.066
"2021-12-20 17:00:00",13372,14.05,101.0431,2.588,48.28,20.24,24.77,80.2,307.4,14.16,0,26.57,27.64,0.066
"2021-12-20 18:00:00",13373,13.22,101.1005,1.968,42.64,18.07,23.8,81.9,90,5.371,0,24.85,25.41,0.066
"2021-12-20 19:00:00",13374,12.94,101.1276,1.174,39.01,15.28,22.98,84.3,11.71,0.986,0,23.39,23.95,0.066
"2021-12-20 20:00:00",13375,12.93,101.1793,0.081,56.16,5.697,22.12,86.5,0,0,0,23.02,23.14,0.066
"2021-12-20 21:00:00",13376,12.93,101.2092,0.137,31.53,6.341,22.24,89.1,0,0,0,23.07,23.18,0.066
"2021-12-20 22:00:00",13377,12.92,101.2627,0.004,22.43,0.558,21.53,88.5,0,0,0,21.99,22.56,0.066
"2021-12-20 23:00:00",13378,12.91,101.3032,0.001,16.28,0.001,21.24,87.9,0,0,0,21.71,21.81,0.066
"2021-12-21 00:00:00",13379,12.89,101.2622,0,0,0,21.55,90,0,0,0,21.92,22.32,0.066
"2021-12-21 01:00:00",13380,12.88,101.2464,0.163,41.96,5.273,21.46,92.3,0,0,0,22.2,22.38,0.065
"2021-12-21 02:00:00",13381,12.87,101.2126,0.05,34.92,2.651,21.4,93.3,0,0,0,22.19,22.36,0.065
"2021-12-21 03:00:00",13382,12.85,101.1632,0,0,0,21.21,95.9,0,0,0,22.24,22.38,0.065
"2021-12-21 04:00:00",13383,12.84,101.1643,0,0,0,20.94,97.2,0,0,0,22.09,22.23,0.065
"2021-12-21 05:00:00",13384,12.82,101.1967,0.002,17.24,0.007,20.72,95.4,0.604,0.082,0,21.62,21.97,0.065
"2021-12-21 06:00:00",13385,12.8,101.2538,0.01,17.59,0.011,20.99,91.5,35.68,1.946,0,21.47,21.73,0.065
"2021-12-21 07:00:00",13386,12.86,101.3063,0.037,17.74,0.029,22.45,88.5,88.8,5.513,0,22.2,23.06,0.065
"2021-12-21 08:00:00",13387,13.2,101.2866,0.803,15.93,15.76,23.92,79.68,311.3,16.37,0,23.74,25.36,0.065
"2021-12-21 09:00:00",13388,13.83,101.2866,1.285,351.8,24.25,25.12,80.2,342.6,19.23,0,26.98,27.36,0.065
"2021-12-21 10:00:00",13389,14.05,101.2379,1.422,5.294,22.54,24.59,81,210.8,13.31,0,26.06,26.34,0.065
"2021-12-21 11:00:00",13390,14.21,101.173,1.647,17.52,24.71,25.77,69.93,655.1,34.25,0,26.19,28.52,0.065
"2021-12-21 12:00:00",13391,14.14,101.1243,2.269,34.63,26.9,26.77,71.45,574.5,32.03,0,29.8,30.69,0.064
"2021-12-21 13:00:00",13392,14.1,101.0675,2.114,38.3,18.58,26.28,72.11,337.2,20.03,0,27.8,28.64,0.064
"2021-12-21 14:00:00",13393,14.16,100.9939,2.513,37.18,23.65,27.41,69.46,746.5,36.84,0,29.3,31.31,0.064
"2021-12-21 15:00:00",13394,14.06,100.9052,2.72,48.33,20.86,25.96,76.52,277.9,15.81,0,27.54,28.82,0.063
"2021-12-21 16:00:00",13395,13.95,100.8646,2.319,43.04,20.73,24.95,76.77,148.8,9.03,0,26.11,26.58,0.063
"2021-12-21 17:00:00",13396,13.29,100.8565,2.417,40.09,20.39,24.73,77.35,112.9,6.525,0,25.48,26.06,0.063
"2021-12-21 18:00:00",13397,12.96,100.8403,2.168,32.24,16.95,24.31,78.25,32.98,2.505,0,24.57,25.07,0.063
"2021-12-21 19:00:00",13398,12.9,100.8159,2.015,27.58,17.63,23.8,80.8,5.859,0.618,0,23.8,24.18,0.063
"2021-12-21 20:00:00",13399,12.9,100.8488,1.451,30.65,15.62,23.51,81.3,0,0,0,23.67,23.76,0.063
"2021-12-21 21:00:00",13400,12.92,100.9144,1.309,34.1,14.6,23.58,81.5,0,0,0,23.66,23.74,0.063
"2021-12-21 22:00:00",13401,12.92,100.8975,1.045,25.79,13.11,23.56,84.1,0,0,0,23.74,23.76,0.062
"2021-12-21 23:00:00",13402,12.91,100.851,1.188,24.48,15,23.6,84.8,0,0,0,23.73,23.77,0.062
"2021-12-22 00:00:00",13403,12.9,100.776,0.999,20.96,12.2,23.49,84.6,0,0,0,23.46,23.63,0.062
"2021-12-22 01:00:00",13404,12.88,100.7354,0.314,16.54,18.11,23.03,87.4,0,0,0,23.13,23.35,0.062
"2021-12-22 02:00:00",13405,12.86,100.6968,0.12,356.5,16.47,22.55,91.3,0,0,0,22.87,23.07,0.062
"2021-12-22 03:00:00",13406,12.85,100.6009,0.18,353.9,6.194,21.95,93.1,0,0,0,22.46,22.67,0.062
"2021-12-22 04:00:00",13407,12.8,100.5755,0.772,356.3,16.91,22.35,91.3,0,0,0,22.42,22.52,0.062
"2021-12-22 05:00:00",13408,12.8,100.6142,0.777,5.729,17.66,22.81,91,0.208,0.042,0,22.68,22.78,0.062
"2021-12-22 06:00:00",13409,12.75,100.6232,0.522,353.2,13.42,22.82,92.7,21.3,1.18,0,22.83,22.98,0.062
"2021-12-22 07:00:00",13410,12.79,100.6215,1.261,5.125,16.89,23.23,86,123.1,6.882,0,23.03,23.7,0.062
"2021-12-22 08:00:00",13411,13.49,100.5643,2.673,9.12,25.77,25.03,79.29,397,19.04,0,24.68,26.31,0.062
"2021-12-22 09:00:00",13412,13.8,100.4913,3.016,5.963,26.04,26.14,74.32,585.5,29.2,0,27.12,28.05,0.062
"2021-12-22 10:00:00",13413,14.09,100.4101,3.251,357.3,29.67,27.66,67.87,846,41.55,0,29.13,30.42,0.062
"2021-12-22 11:00:00",13414,14.07,100.3198,3.229,3.167,29,28.67,65.8,934,47.65,0,31.28,32.29,0.061
"2021-12-22 12:00:00",13415,14.06,100.2314,2.899,355.8,31.96,30.05,60.18,1007,51.35,0,32.74,33.9,0.061
"2021-12-22 13:00:00",13416,14.09,100.1475,2.989,358,31.79,31.22,57.68,1060,53.19,0,34.63,35.85,0.06
"2021-12-22 14:00:00",13417,14.07,100.0518,3.156,12.93,27.52,31.9,59.61,955,47.64,0,35.5,36.45,0.06
"2021-12-22 15:00:00",13418,14.06,99.9717,3.173,21.8,25.27,31.17,70.28,717.1,36.16,0,33.51,35.31,0.059
"2021-12-22 16:00:00",13419,14.1,99.92324,3.345,34.73,22.55,29.03,73.79,506.9,24.91,0,31.41,32.34,0.059
"2021-12-22 17:00:00",13420,13.33,99.86645,3.365,31.83,20.99,27.18,83.4,186,10.23,0,27.25,29.27,0.059
"2021-12-22 18:00:00",13421,12.96,99.92324,3.044,26.94,18.71,25.67,85,17.82,1.201,0,26.15,26.62,0.058
"2021-12-22 19:00:00",13422,12.94,99.81775,3.068,22.96,19.24,25.26,90.2,1.757,0.075,0,24.94,25.87,0.058
"2021-12-22 20:00:00",13423,12.88,99.87567,1.98,11.57,17.8,24.36,91.6,0,0,0,24.33,24.52,0.058
"2021-12-22 21:00:00",13424,12.92,100.0302,0.338,29.31,5.05,24.28,92.5,0,0,0,24.53,24.68,0.058
"2021-12-22 22:00:00",13425,12.91,100.0717,0.82,27.25,9.5,24.16,96.6,0.188,0,10.41,23.15,24.52,0.058
"2021-12-22 23:00:00",13426,12.9,100.1205,1.704,26.72,11.89,23.94,96.3,0.627,0,0,23.62,24.08,0.062
"2021-12-23 00:00:00",13427,12.89,100.168,0.663,27.04,73.65,23.69,97.6,0.404,0,0,22.93,24.14,0.093
"2021-12-23 01:00:00",13428,12.87,100.0837,1.053,173.8,17.71,21.5,99,0.011,0,0,21.9,22.27,0.094
"2021-12-23 02:00:00",13429,12.86,100.0775,0.786,169.8,11.51,20.96,99.3,0,0,0,21.63,21.73,0.093
"2021-12-23 03:00:00",13430,12.84,100.0697,0.147,167.3,4.569,20.83,99.7,0,0,0,21.63,21.9,0.092
"2021-12-23 04:00:00",13431,12.82,100.0758,0.472,201,11.15,21.05,100,0,0,0,21.68,21.92,0.091
"2021-12-23 05:00:00",13432,12.79,100.1747,0.545,195.4,9.96,20.98,99.9,0.29,0.048,0,21.68,21.76,0.09
"2021-12-23 06:00:00",13433,12.78,100.2397,0.548,190.4,11.97,21.24,98.1,12.77,0.761,0,21.71,21.88,0.089
"2021-12-23 07:00:00",13434,12.75,100.2338,0.406,196.6,16.46,22.18,86.5,157.1,7.242,0,21.92,22.6,0.089
"2021-12-23 08:00:00",13435,13.41,100.2397,1.02,182.1,34.96,25.29,73.84,466.5,20.45,0,24.58,26.26,0.088
"2021-12-23 09:00:00",13436,13.7,100.2397,1.421,179.4,33.51,27.45,70.28,737.3,32.27,0,27.69,29.45,0.087
"2021-12-23 10:00:00",13437,13.96,100.1586,1.34,174.5,28.98,28.05,66.72,747.8,38.05,0,29.03,30.37,0.086
"2021-12-23 11:00:00",13438,13.98,100.1095,1.12,134.5,39.04,29.07,66.57,720.1,37.74,0,31.22,32.58,0.085
"2021-12-23 12:00:00",13439,14.08,100.1014,1.165,156.2,30.29,29.57,62.25,678.1,36.8,0,31.27,32.44,0.084
"2021-12-23 13:00:00",13440,14.04,100.0774,1.315,134.7,30.75,29.22,69.08,540.1,30.38,0,31.41,32.02,0.083
"2021-12-23 14:00:00",13441,14.02,99.98005,1.435,110.2,31.76,28.26,76.06,470.9,27.04,0,29.94,31.46,0.082
"2021-12-23 15:00:00",13442,13.88,99.93136,0.847,105.5,15.39,25.82,85,121.9,8.16,0,26.81,27.88,0.081
"2021-12-23 16:00:00",13443,13.96,99.96426,0.662,131.4,13.61,25.54,81.8,179.8,10.62,0,26.54,26.96,0.08
"2021-12-23 17:00:00",13444,13.93,99.96389,1.011,145.1,17.22,25.86,84.4,187.6,9.88,0,26.57,27.22,0.08
"2021-12-23 18:00:00",13445,13.2,99.95573,1.192,152.4,18.08,25.13,88.8,99.9,5.212,0,25.42,26.23,0.079
"2021-12-23 19:00:00",13446,12.9,100.0777,0.645,153.2,13.79,24.39,91,15.11,0.77,0,24.72,25,0.079
"2021-12-23 20:00:00",13447,12.91,100.1842,0.132,144.5,6.892,24.2,90.9,0,0,0,24.72,24.82,0.078
"2021-12-23 21:00:00",13448,12.89,100.2337,0.01,155.2,1.819,23.7,93.5,0,0,0,24.39,24.57,0.078
"2021-12-23 22:00:00",13449,12.91,100.268,0,0,0,22.91,96.7,0,0,0,23.72,23.98,0.077
"2021-12-23 23:00:00",13450,12.91,100.2717,0,0,0,21.9,98.7,0,0,0,22.68,23.18,0.077
"2021-12-24 00:00:00",13451,12.9,100.2807,0.034,165.3,3.019,21.88,99,0,0,0,22.51,22.73,0.077
"2021-12-24 01:00:00",13452,12.89,100.2369,0.299,182.5,3.587,22.48,97.8,0,0,0,23,23.06,0.077
"2021-12-24 02:00:00",13453,12.88,100.3088,0.772,195.4,14.74,22.53,98,0,0,2.54,22.3,22.94,0.076
"2021-12-24 03:00:00",13454,12.86,100.2962,0.489,217.4,12.26,21.1,99.3,0,0,1.27,21.71,21.87,0.076
"2021-12-24 04:00:00",13455,12.85,100.3046,0.49,216.3,11.28,20.92,99.8,0.007,0,0,21.66,21.71,0.081
"2021-12-24 05:00:00",13456,12.83,100.3289,0.497,213.4,10.86,21.07,100,0.244,0.022,0.254,21.71,21.81,0.085
"2021-12-24 06:00:00",13457,12.8,100.4582,0.692,182.3,20.1,21.47,100,14.59,1.039,2.032,21.92,22.11,0.085
"2021-12-24 07:00:00",13458,12.84,100.541,0.577,167.2,11.2,22.22,98.5,166.5,7.674,0.254,22.04,23.15,0.089
"2021-12-24 08:00:00",13459,13.31,100.6072,0.695,146.7,14.66,22.59,98.7,164.2,9.22,2.286,23.04,23.56,0.092
"2021-12-24 09:00:00",13460,13.5,100.6293,1.053,151.5,22.88,23.42,89.1,438.4,23.81,0.254,22.99,24.6,0.097
"2021-12-24 10:00:00",13461,13.68,100.678,1.166,157.2,18.21,23.03,96.6,311.1,18.19,1.27,23.77,24.44,0.098
"2021-12-24 11:00:00",13462,14.19,100.6861,1.373,137,26.09,24.99,84.1,848,46.5,0,25,27.16,0.098
"2021-12-24 12:00:00",13463,14.12,100.6861,1.764,122.9,31.05,26.53,78.36,884,46.69,0,27.98,29.71,0.096
"2021-12-24 13:00:00",13464,14.17,100.6698,2.011,116.5,33.86,26.22,79.95,755.8,41.28,0,28.57,29.83,0.093
"2021-12-24 14:00:00",13465,14.04,100.6942,2.08,103.5,29.07,24.54,82.5,276.7,17.37,0,26.3,26.97,0.091
"2021-12-24 15:00:00",13466,14.06,100.6861,1.981,103.1,28.8,24.26,81.3,245.1,15.53,0,25.69,26.37,0.089
"2021-12-24 16:00:00",13467,14.1,100.5806,2.032,95.8,21.8,24.26,80.5,249.8,14.51,0,25.82,26.21,0.088
"2021-12-24 17:00:00",13468,13.39,100.6131,1.433,116.3,23.47,23.81,81.3,145.6,9.73,0,24.5,25.39,0.086
"2021-12-24 18:00:00",13469,13.33,100.6861,1.24,106.6,21.59,23.77,80.7,132.1,5.967,0,23.94,24.88,0.085
"2021-12-24 19:00:00",13470,12.94,100.795,0.487,97,13.19,22.43,83.5,15.07,1.116,0,22.54,23.18,0.084
"2021-12-24 20:00:00",13471,12.94,100.9199,0.167,96.6,7.184,21.92,83.3,0,0,0,22.12,22.33,0.083
"2021-12-24 21:00:00",13472,12.9,100.9462,0.037,101.1,4.435,21.7,84.3,0,0,0,21.92,22.08,0.083
"2021-12-24 22:00:00",13473,12.92,101.0111,0.003,94.2,0.02,21.36,86.7,0,0,0,21.68,21.84,0.082
"2021-12-24 23:00:00",13474,12.89,100.9625,0.09,84.9,4.15,21.42,84.6,0,0,0,21.33,21.52,0.082
"2021-12-25 00:00:00",13475,12.9,100.9866,0.025,95.8,3.21,21.49,93.5,0,0,0,21.55,21.79,0.081
"2021-12-25 01:00:00",13476,12.88,100.9786,0.093,113.2,2.058,20.34,95,0,0,0,21.04,21.4,0.081
"2021-12-25 02:00:00",13477,12.85,100.9785,0.187,117.2,0.538,20.34,97.4,0,0,0,20.82,21.13,0.081
"2021-12-25 03:00:00",13478,12.84,100.9625,0.308,118.3,0.343,19.9,97.6,0,0,0,20.68,20.82,0.08
"2021-12-25 04:00:00",13479,12.83,100.9543,0.445,118.9,0.198,19.96,96,0,0,0,20.33,20.52,0.08
"2021-12-25 05:00:00",13480,12.8,100.9787,0.155,119.2,0.047,19.95,97,0.469,0.044,0,20.33,20.46,0.079
"2021-12-25 06:00:00",13481,12.78,101.0436,0.222,119.2,0.053,20.23,97.2,28.07,1.856,0,20.59,20.8,0.079
"2021-12-25 07:00:00",13482,12.79,101.0844,0.405,158.9,25.42,21.83,88.3,234.1,10.88,0,21.04,22.68,0.079
"2021-12-25 08:00:00",13483,13.35,101.0918,0.815,185.5,21.51,24.27,80.8,514.2,23.21,0,24.63,26.54,0.079
"2021-12-25 09:00:00",13484,13.45,101.0918,0.82,118.5,39.02,25.57,67.67,559.3,28.17,0,26.67,28.51,0.078
"2021-12-25 10:00:00",13485,14.14,101.0675,1.52,73.5,21,26.17,69.43,576,29.32,0,29.48,30.05,0.078
"2021-12-25 11:00:00",13486,14.18,101.0675,1.687,69.03,18.21,26.7,66.66,684.6,36.01,0,30.61,31.21,0.078
"2021-12-25 12:00:00",13487,14.18,101.0026,1.961,65.98,22.22,26.83,64.96,773,41.32,0,30.48,31.51,0.077
"2021-12-25 13:00:00",13488,14.22,100.9701,1.866,51.5,26.03,27.04,64.16,597.2,33.12,0,30.48,30.98,0.077
"2021-12-25 14:00:00",13489,14.21,100.9457,1.998,58.43,19.71,26.45,69.81,426.4,23.61,0,28.94,30.15,0.076
"2021-12-25 15:00:00",13490,14.26,100.8727,2.279,57.96,22.76,26.38,68.62,527.4,27.87,0,28.86,29.8,0.076
"2021-12-25 16:00:00",13491,14.17,100.8078,2.7,50.96,22.71,26.63,66.67,632.2,30.3,0,29.71,30.34,0.075
"2021-12-25 17:00:00",13492,13.6,100.8159,2.48,50.86,20.81,25.92,73.05,344.8,17.25,0,26.95,28.77,0.075
"2021-12-25 18:00:00",13493,13.08,100.8403,1.824,51.33,17.3,24.66,78.3,73.61,5.596,0,25.49,25.95,0.074
"2021-12-25 19:00:00",13494,12.95,100.873,1.315,43.93,13.72,24.07,82.9,5.484,0.764,0,24.57,24.93,0.074
"2021-12-25 20:00:00",13495,12.94,100.9872,1.499,52.42,14.2,23.88,91.5,0,0,0,24.17,24.44,0.074
"2021-12-25 21:00:00",13496,12.91,101.0783,0.767,62.37,10.76,23.05,91.9,0,0,0,23.92,24.03,0.073
"2021-12-25 22:00:00",13497,12.9,101.1902,0.002,50.28,0,23.18,93.7,0,0,0,24.07,24.21,0.073
"2021-12-25 23:00:00",13498,12.89,101.1266,0.092,49.96,0.123,22.93,96.9,0,0,0,23.79,24.07,0.073
"2021-12-26 00:00:00",13499,12.86,101.0391,0.413,48.7,7.273,22.67,97.1,0,0,0,23.45,23.58,0.073
"2021-12-26 01:00:00",13500,12.84,100.9638,0.314,28.6,5.329,22.78,97.3,0,0,0,23.34,23.53,0.073
"2021-12-26 02:00:00",13501,12.81,100.9805,0.428,30.64,6.276,22.84,97.3,0,0,0,23.37,23.48,0.073
"2021-12-26 03:00:00",13502,12.82,100.9978,0.235,37.27,4.577,22.84,97.3,0,0,0,23.34,23.49,0.072
"2021-12-26 04:00:00",13503,12.81,101.0283,0.431,43.61,6.267,22.72,96.7,0,0,0,23.19,23.35,0.072
"2021-12-26 05:00:00",13504,12.77,101.0573,0.745,33.18,8.08,22.31,98.8,0.057,0.021,0.254,22.82,23.02,0.072
"2021-12-26 06:00:00",13505,12.76,101.0558,0.764,24.7,8.61,22.11,99.2,13.25,0.893,0,22.7,22.8,0.072
"2021-12-26 07:00:00",13506,12.76,101.0777,0.328,26.61,6.13,22.5,97.4,72.03,4.311,0,22.96,23.37,0.072
"2021-12-26 08:00:00",13507,13.02,101.1,1.026,29.37,9.19,23.74,89.9,134,8.43,0,23.64,24.05,0.072
"2021-12-26 09:00:00",13508,13.37,101.0918,1.227,27.78,11.35,24.5,88.6,133.8,8.63,0,24.55,24.67,0.071
"2021-12-26 10:00:00",13509,13.39,101.0837,1.574,30.51,14.02,25.25,79.46,273.8,16.7,0,24.73,25.8,0.071
"2021-12-26 11:00:00",13510,13.89,101.0756,2.304,29,18.29,25.95,77.57,409,24.68,0,26.44,27.1,0.071
"2021-12-26 12:00:00",13511,13.99,101.035,2.26,26.18,21.15,25.84,80.1,319,20.11,0,26.7,27.54,0.071
"2021-12-26 13:00:00",13512,13.93,100.9539,2.003,27.26,18.8,25.61,81,211.2,13.8,0,26.49,26.7,0.071
"2021-12-26 14:00:00",13513,14.11,100.8727,2.194,33.05,18.25,26.08,77.93,326.8,19.85,0,26.82,27.28,0.071
"2021-12-26 15:00:00",13514,14.18,100.7591,2.223,30.47,19.81,26.62,77.49,420.7,24,0,27.69,28.59,0.07
"2021-12-26 16:00:00",13515,14.16,100.678,2.653,31.34,19.98,26.79,76.74,414,22.94,0,27.72,28.58,0.07
"2021-12-26 17:00:00",13516,13.96,100.6455,2.832,27.18,23.15,26.61,76.79,378.4,17.61,0,27.61,28.11,0.07
"2021-12-26 18:00:00",13517,13.26,100.6211,2.774,29.44,17.2,25.61,83,150.6,7.104,0,25.42,26.31,0.07
"2021-12-26 19:00:00",13518,12.97,100.6374,1.852,23.94,15.76,24.51,89.9,16.6,0.916,0,24.47,24.95,0.07
"2021-12-26 20:00:00",13519,12.95,100.6537,0.902,19,11.54,23.95,92.4,0,0,0,24.1,24.29,0.069
"2021-12-26 21:00:00",13520,12.89,100.7522,0.672,18.91,10.44,23.87,91.8,0,0,0,23.98,24.05,0.069
"2021-12-26 22:00:00",13521,12.91,100.7849,0.273,9.13,6.125,23.65,94.4,0,0,0,23.77,23.85,0.069
"2021-12-26 23:00:00",13522,12.91,100.7598,0.303,9.09,5.823,23.61,95.5,0,0,0,23.73,23.77,0.069
"2021-12-27 00:00:00",13523,12.91,100.7107,0.272,10.91,4.979,23.7,96.5,0,0,0,23.74,23.81,0.069
"2021-12-27 01:00:00",13524,12.89,100.6383,0.018,5.124,0.005,23.3,97.8,0,0,0,23.65,23.71,0.069
"2021-12-27 02:00:00",13525,12.87,100.6225,0.003,5.158,0,22.98,98.9,0,0,0,23.47,23.6,0.069
"2021-12-27 03:00:00",13526,12.86,100.5405,0,0,0,23.12,99.1,0,0,0,23.67,23.87,0.069
"2021-12-27 04:00:00",13527,12.85,100.5158,0.018,5.157,0.004,23.48,99,0.08,0,0,23.86,24.03,0.069
"2021-12-27 05:00:00",13528,12.82,100.5326,0.051,4.827,0.454,23.81,99.4,0.129,0.027,0,23.99,24.07,0.068
"2021-12-27 06:00:00",13529,12.81,100.5481,0.431,9.37,9.82,24.55,96.6,44.51,1.868,0,24.25,24.66,0.068
"2021-12-27 07:00:00",13530,12.9,100.5562,1.051,3.285,18.35,25.25,92.7,81.7,4.464,0,25.12,25.29,0.068
"2021-12-27 08:00:00",13531,12.97,100.5319,1.544,0.781,20.51,25.73,87.8,147.7,8.87,0,25.47,25.95,0.068
"2021-12-27 09:00:00",13532,13.51,100.4832,2.256,5.861,25.61,27.5,80.1,404,22.51,0,27.19,28.52,0.068
"2021-12-27 10:00:00",13533,13.61,100.4507,1.975,13.87,23.4,28.07,88.1,308.3,18.25,0,28.34,29.43,0.068
"2021-12-27 11:00:00",13534,13.71,100.3939,1.792,21.67,20.62,27.41,83.3,222.2,14.31,0,28.23,28.55,0.068
"2021-12-27 12:00:00",13535,13.89,100.3204,2.325,3.655,28.77,29.67,83.4,538.4,31.7,0,28.83,31.25,0.068
"2021-12-27 13:00:00",13536,13.88,100.256,2.595,30.07,17.79,27.78,90,311.5,19.65,0,28.43,29.26,0.068
"2021-12-27 14:00:00",13537,14.1,100.118,3.06,30.4,22.83,27.9,87.1,424,25.49,0,28.57,29.44,0.067
"2021-12-27 15:00:00",13538,13.3,99.97194,3.418,31.26,20.12,28.02,89.6,309,18.16,0,27.51,29.45,0.067
"2021-12-27 16:00:00",13539,12.98,100.0206,2.967,36.83,27.69,26,95,9.49,0.844,10.16,24.99,26.63,0.067
"2021-12-27 17:00:00",13540,12.94,100.0747,2.566,332.5,22.15,21.99,98.9,3.205,0.315,10.92,22.33,22.76,0.068
"2021-12-27 18:00:00",13541,12.94,100.0595,0.828,324.2,13.62,21.92,99.3,36.91,1.909,0.254,22.37,22.83,0.121
"2021-12-27 19:00:00",13542,12.91,100.3025,1.145,329.9,15.9,22.11,96.9,5.046,0.492,0.508,22.13,22.94,0.107
"2021-12-27 20:00:00",13543,12.9,100.0859,1.496,332.6,46.18,20.13,100,0.071,0,15.75,20.78,20.95,0.101
"2021-12-27 21:00:00",13544,12.89,99.98849,0.932,70.04,34.14,19.97,100,0,0,0.254,20.8,20.95,0.122
"2021-12-27 22:00:00",13545,12.87,100.0047,1.064,19.39,9.89,20.26,100,0,0,0,20.97,21.09,0.107
"2021-12-27 23:00:00",13546,12.86,100.0285,1.715,20.65,17.45,20.59,100,0.01,0,0,20.9,21.13,0.099
"2021-12-28 00:00:00",13547,12.85,100.0099,2.045,18.65,18.63,21.68,100,0.134,0,0,21.51,21.85,0.095
"2021-12-28 01:00:00",13548,12.83,99.98258,1.607,11.51,21.95,22.17,100,0,0,0,22.19,22.26,0.092
"2021-12-28 02:00:00",13549,12.8,99.93611,1.04,2.006,21.52,22.13,99.8,0,0,0,22.11,22.22,0.09
"2021-12-28 03:00:00",13550,12.79,99.95337,0.866,352.2,23.8,22.12,99.3,0,0,0,21.94,22.2,0.088
"2021-12-28 04:00:00",13551,12.77,99.95425,0.74,343.1,16.99,21.78,98.2,0,0,0,21.66,21.79,0.087
"2021-12-28 05:00:00",13552,12.75,99.93598,1.008,330.5,16.54,22.1,99,0.052,0.036,0,21.85,22.01,0.086
"2021-12-28 06:00:00",13553,12.65,99.97445,1.448,337,22.9,22.46,95.4,58.17,2.824,0,22.09,22.26,0.085
"2021-12-28 07:00:00",13554,12.86,100.0369,1.462,326.2,17.17,23.8,90.3,275.5,11.42,0,22.61,23.57,0.084
"2021-12-28 08:00:00",13555,13.35,100.1343,1.62,306,33.99,26.3,79.56,503,22.86,0,24.59,26.29,0.083
"2021-12-28 09:00:00",13556,13.49,100.1563,0.851,218.5,47.24,28.56,72.73,720.2,34.52,0,27.73,29.83,0.083
"2021-12-28 10:00:00",13557,13.56,100.2143,1.073,150.4,34.09,29.42,67.91,766.9,38.85,0,30.5,31.45,0.082
"2021-12-28 11:00:00",13558,14.07,100.2394,1.737,139.7,33.38,28.52,71.88,827,42.91,0,30.38,31.68,0.081
"2021-12-28 12:00:00",13559,14.14,100.2152,1.902,138.1,27.57,28.01,75.18,876,45.91,0,30.58,31.45,0.08
"2021-12-28 13:00:00",13560,14.2,100.1748,2.038,141.2,27.57,28.7,71.61,1051,53.25,0,31.72,32.9,0.079
"2021-12-28 14:00:00",13561,14.03,100.1667,1.956,126.2,32.74,28.92,71.73,994,49.24,0,32.58,33.87,0.079
"2021-12-28 15:00:00",13562,14.07,100.1342,2.007,129.3,31.63,28.39,74.88,836,40.88,0,31.41,33.26,0.077
"2021-12-28 16:00:00",13563,14,100.1261,1.958,138,28.82,27.84,74.12,658.3,30.85,0,30.77,31.77,0.077
"2021-12-28 17:00:00",13564,13.98,100.1586,1.992,137.7,28.94,27.02,76.57,425.2,18.71,0,28.61,30.04,0.076
"2021-12-28 18:00:00",13565,13.08,100.2803,1.679,147.2,19.66,25.81,84.7,180.6,8.06,0,25.52,26.88,0.076
"2021-12-28 19:00:00",13566,12.95,100.3619,1.055,156.1,14.69,24.22,90.8,18.97,1.35,0,24.47,25,0.075
"2021-12-28 20:00:00",13567,12.94,100.5191,0.57,158,12.11,23.41,90.9,0,0,0,23.65,23.96,0.075
"2021-12-28 21:00:00",13568,12.9,100.6173,0.454,157.7,10.07,23.07,91.3,0,0,0,23.23,23.4,0.075
"2021-12-28 22:00:00",13569,12.91,100.707,0.34,156.8,8.39,22.99,90.5,0,0,0,23,23.3,0.074
"2021-12-28 23:00:00",13570,12.91,100.7084,0.129,161.3,5.981,22.74,92.4,0,0,0,22.9,23.08,0.074
"2021-12-29 00:00:00",13571,12.9,100.664,0.281,155.7,7.725,23.48,88.4,0,0,0,23.4,23.64,0.073
"2021-12-29 01:00:00",13572,12.89,100.5849,0.098,158,5.832,23.31,86.2,0,0,0,23.29,23.61,0.073
"2021-12-29 02:00:00",13573,12.88,100.592,0.094,175.8,3.348,22.67,93.9,0,0,0,22.65,23.1,0.073
"2021-12-29 03:00:00",13574,12.86,100.5963,0.081,181.4,1.379,21.63,95.9,0,0,0,21.97,22.29,0.073
"2021-12-29 04:00:00",13575,12.83,100.6291,0.228,185.7,3.751,21.04,96.2,0,0,0,21.3,21.56,0.073
"2021-12-29 05:00:00",13576,12.83,100.6703,0.224,189.3,4.53,20.5,96.5,0.132,0.054,0,20.71,21.14,0.073
"2021-12-29 06:00:00",13577,12.82,100.7271,0.308,193.8,3.217,20.47,90.3,66.19,2.899,0,20.64,20.99,0.073
"2021-12-29 07:00:00",13578,12.95,100.7511,0.827,208.3,14.69,22.83,78.47,268.8,11.41,0,22.07,23.66,0.072
"2021-12-29 08:00:00",13579,13.36,100.7429,0.967,181.2,23.46,25.11,74.17,492,22.42,0,25.4,27.27,0.072
"2021-12-29 09:00:00",13580,13.55,100.6937,0.877,135.1,36.52,26.72,68.83,654.6,31.58,0,28.95,30.21,0.072
"2021-12-29 10:00:00",13581,13.77,100.7266,1.03,99.9,22.41,27.37,67.47,742.7,37.92,0,30.5,31.26,0.072
"2021-12-29 11:00:00",13582,13.95,100.6615,1.564,86.4,28.15,27.77,64.14,950,47.23,0,31.5,33.36,0.071
"2021-12-29 12:00:00",13583,14.01,100.6128,1.761,73.77,29.14,28.35,68.3,1043,52.52,0,34.45,35.08,0.071
"2021-12-29 13:00:00",13584,13.99,100.5643,2.232,65.82,20.92,28.13,66.55,977,51.09,0,33.86,34.9,0.07
"2021-12-29 14:00:00",13585,14.05,100.5319,2.388,50.86,25.8,28.18,68.45,958,47.97,0,34.68,35.2,0.07
"2021-12-29 15:00:00",13586,14.05,100.4426,2.265,50.13,24.14,28.27,68.97,752.6,38.15,0,33.49,34.64,0.07
"2021-12-29 16:00:00",13587,14.03,100.402,2.289,46.51,21.47,28.16,71.18,614.5,29.17,0,33.03,33.74,0.069
"2021-12-29 17:00:00",13588,13.96,100.3615,2.099,50.27,16.86,26.6,80.9,248.7,13.6,0,28.37,30.53,0.069
"2021-12-29 18:00:00",13589,13.08,100.4345,1.704,39.21,15.96,25.46,84.6,73.69,4.17,0,26.98,27.57,0.068
"2021-12-29 19:00:00",13590,12.95,100.5171,1.135,32.05,11.92,24.85,86,17.04,0.909,0,25.67,26.3,0.068
"2021-12-29 20:00:00",13591,12.91,100.5019,0.531,30.66,8.56,24.05,89.6,0,0,0,24.95,25.32,0.068
"2021-12-29 21:00:00",13592,12.93,100.5427,1.328,37.4,12.88,24.3,88.9,0,0,0,24.87,25.02,0.068
"2021-12-29 22:00:00",13593,12.92,100.5823,0.486,23.06,7.31,24.42,90.8,0,0,0,25.13,25.33,0.068
"2021-12-29 23:00:00",13594,12.91,100.5177,0.006,28.98,0.075,24.01,95.1,0,0,0,25.02,25.42,0.068
"2021-12-30 00:00:00",13595,12.9,100.5123,0,0,0,22.87,97.7,0,0,0,24.24,24.54,0.067
"2021-12-30 01:00:00",13596,12.88,100.4896,0,0,0,22.38,98.8,0,0,0,23.65,23.88,0.067
"2021-12-30 02:00:00",13597,12.86,100.4641,0,0,0,22.52,99.2,0,0,0,23.69,23.95,0.067
"2021-12-30 03:00:00",13598,12.85,100.3811,0.026,28.58,0,22.98,99.1,0,0,0,24.05,24.2,0.067
"2021-12-30 04:00:00",13599,12.83,100.3819,0.007,28.59,0.003,23.45,99.6,0,0,0,23.88,24.11,0.067
"2021-12-30 05:00:00",13600,12.82,100.4594,0.01,28.57,0,24.24,99.6,0.038,0.015,0,24.56,24.97,0.067
"2021-12-30 06:00:00",13601,12.8,100.5076,0.018,28.58,0.005,24.8,99.4,19.21,1.117,0,25.28,25.6,0.067
"2021-12-30 07:00:00",13602,12.81,100.557,0.124,28.59,0.017,25.54,97.1,76.67,4.771,0,26.02,26.47,0.067
"2021-12-30 08:00:00",13603,12.97,100.5568,1.07,29.3,6.098,25.78,98.9,77.25,4.834,1.524,26.09,26.53,0.067
"2021-12-30 09:00:00",13604,12.83,100.5806,1.144,27.01,9.79,25.56,99.1,92.4,6.058,2.794,25.83,26.17,0.067
"2021-12-30 10:00:00",13605,13.11,100.5806,1.297,10.5,14.91,25.59,99.5,104.5,7.411,2.794,25.83,26.27,0.067
"2021-12-30 11:00:00",13606,13.31,100.5562,1.775,26.46,17.59,25.88,95.4,208.1,13.08,0.762,25.99,26.53,0.079
"2021-12-30 12:00:00",13607,13.71,100.4994,2.513,30.34,18.91,27.26,94.6,484.5,29.71,0.508,27.12,28.08,0.095
"2021-12-30 13:00:00",13608,13.81,100.4507,2.77,25.77,23.46,28.29,89.5,680,37.23,0,27.81,29.32,0.096
"2021-12-30 14:00:00",13609,13.78,100.3777,2.358,30.15,20.39,28.4,89,381.6,22.28,0,28.7,29.45,0.096
"2021-12-30 15:00:00",13610,14.07,100.2722,2.642,34.51,22.27,29.42,80.4,745.1,37.44,0,29.03,31.86,0.094
"2021-12-30 16:00:00",13611,14.01,100.3046,2.46,33.26,18.8,29.1,82,416.8,22.17,0,29.82,31.43,0.093
"2021-12-30 17:00:00",13612,13.23,100.3046,1.906,38.91,17.72,27.74,90.4,127.7,7.501,0,27.83,28.8,0.091
"2021-12-30 18:00:00",13613,12.98,100.3046,1.425,60.39,12.24,26.04,94.7,6.613,0.558,0,26.56,27.02,0.09
"2021-12-30 19:00:00",13614,12.96,100.5075,0.982,79.92,63.09,25.02,98.5,0.024,0.029,10.67,22.21,25.87,0.089
"2021-12-30 20:00:00",13615,12.91,100.2235,1.514,159,39.32,21.16,99.4,0.152,0.001,14.99,21.51,21.71,0.107
"2021-12-30 21:00:00",13616,12.9,100.1589,2.493,64.91,19.11,21.5,96.7,0.517,0.001,0.762,21.63,21.89,0.123
"2021-12-30 22:00:00",13617,12.91,100.4592,1.161,264.3,80.1,21.79,98.8,0.155,0,0.254,21.87,22.01,0.107
"2021-12-30 23:00:00",13618,12.92,100.4588,0.311,228.9,9.63,21.46,99.5,0,0,0,21.87,22.05,0.101
"2021-12-31 00:00:00",13619,12.91,100.5645,0.13,248,1.386,21.49,100,0,0,0,22.09,22.27,0.096
"2021-12-31 01:00:00",13620,12.78,100.4904,0,0,0,21.37,100,0,0,0,22.23,22.36,0.093
"2021-12-31 02:00:00",13621,12.87,100.5485,0.199,228.2,2.916,21.13,100,0,0,0,21.68,21.95,0.091
"2021-12-31 03:00:00",13622,12.86,100.6294,1.368,190,21.86,21.51,99.4,0,0,0,21.66,21.82,0.089
"2021-12-31 04:00:00",13623,12.84,100.5881,0.94,176.7,17.2,21.36,97.2,0,0,0,21.27,21.44,0.088
"2021-12-31 05:00:00",13624,12.83,100.7249,1.09,194.2,22.62,21.85,97.3,0.015,0.015,0,21.35,21.76,0.087
"2021-12-31 06:00:00",13625,12.82,100.7638,0.536,177.7,14.3,22.11,95.1,22.32,1.303,0,21.83,21.97,0.086
"2021-12-31 07:00:00",13626,12.83,100.886,0.791,208.9,16.19,22.3,95.2,71.27,4.063,0,22.19,22.42,0.085
"2021-12-31 08:00:00",13627,13.11,100.8972,1.064,171.7,25.39,23.78,85,217.9,11.73,0,22.79,23.95,0.084
"2021-12-31 09:00:00",13628,13.62,100.9539,1.38,165.5,26.84,24.7,82.4,253.8,14.06,0,24.56,25.1,0.084
"2021-12-31 10:00:00",13629,14.04,101.0107,1.443,161.8,19.6,25.33,81.6,329.4,18.49,0,25.39,26.14,0.083
"2021-12-31 11:00:00",13630,13.92,100.9295,1.452,189.8,20.55,24.99,89.7,241.4,14.83,0,24.74,26.17,0.082
"2021-12-31 12:00:00",13631,14.03,101.0518,1.217,186.7,20.82,24.04,87.3,321.4,19.83,0.254,24.23,25.11,0.082
"2021-12-31 13:00:00",13632,14.15,100.9214,1.317,182.4,18.31,25.17,81.9,353.9,21.48,0.254,25.82,26.4,0.081
"2021-12-31 14:00:00",13633,14.1,100.8565,0.659,165.9,14.79,25.02,84,213.4,13.53,0,25.95,26.44,0.081
"2021-12-31 15:00:00",13634,14,100.8808,0.641,166.8,17.74,24.98,88.7,228.4,14.06,0,25.5,26.46,0.081
"2021-12-31 16:00:00",13635,14.03,100.7429,0.708,180.7,9.64,24.21,86.6,189,11.07,0,24.91,25.68,0.08
"2021-12-31 17:00:00",13636,13.29,100.7997,0.515,190.3,10.87,24,87.8,97.8,5.997,0,24.5,25.39,0.08
"2021-12-31 18:00:00",13637,13,100.7592,0.087,198.9,3.98,23.59,90.4,56.97,3.288,0,24.47,24.78,0.079
"2021-12-31 19:00:00",13638,12.96,100.5676,0.185,185.9,2.56,22.78,94.5,6.623,0.529,0,23.57,24.37,0.079
"2021-12-31 20:00:00",13639,12.95,100.7888,0.125,180.1,5.58,21.95,97.2,0,0,0,22.94,23.08,0.079
"2021-12-31 21:00:00",13640,12.94,100.8565,0.002,210.3,0.004,21.35,98.3,0,0,0,22.46,22.72,0.078
"2021-12-31 22:00:00",13641,12.93,100.9128,0.008,202.8,1.022,21.18,99,0,0,0,22.12,22.31,0.078
"2021-12-31 23:00:00",13642,12.92,100.9543,0.011,199.8,1.406,21.19,99.2,0,0,0,21.8,21.94,0.078
"2022-01-01 00:00:00",13643,12.9,100.792,0.05,198.8,2.317,20.96,99.8,0,0,0,21.68,21.75,0.078
"2022-01-01 01:00:00",13644,12.86,100.7433,0,0,0,20.61,100,0,0,0,21.44,21.62,0.077
"2022-01-01 02:00:00",13645,12.86,100.629,0,0,0,20.26,100,0,0,0,20.97,21.29,0.077
"2022-01-01 03:00:00",13646,12.83,100.6378,0.002,211.3,0.006,19.8,100,0,0,0,20.47,20.71,0.077
"2022-01-01 04:00:00",13647,12.81,100.6459,0.286,214.7,3.767,20.19,100,0,0,0,20.46,20.64,0.077
"2022-01-01 05:00:00",13648,12.79,100.6621,0.396,212.2,7.051,20.24,100,0.729,0.042,0,20.71,20.76,0.076
"2022-01-01 06:00:00",13649,12.78,100.7186,0.092,210,3.761,20.87,99.9,68.32,2.702,0,20.71,21.31,0.076
"2022-01-01 07:00:00",13650,12.87,100.751,0.016,211,1.767,23.5,88.4,248.7,9.96,0,22.63,24.12,0.076
"2022-01-01 08:00:00",13651,13.52,100.7672,0.036,220.7,0.174,25.47,84.4,307.9,15.56,0,25.46,26.51,0.076
"2022-01-01 09:00:00",13652,13.85,100.7429,0.826,284.6,33.62,26.5,77.79,576.8,28.02,0,27.2,28.44,0.076
"2022-01-01 10:00:00",13653,13.96,100.6936,1.484,331,25.8,28.02,70.08,845,42.47,0,29.44,30.72,0.075
"2022-01-01 11:00:00",13654,14.05,100.6196,1.406,20.85,27.36,28.65,70.01,823,42.45,0,31.13,32.69,0.075
"2022-01-01 12:00:00",13655,14.05,100.5481,1.717,31.07,21.54,28.7,72.49,691.6,35.34,0,31.99,33.1,0.075
"2022-01-01 13:00:00",13656,14.12,100.4669,2.341,32.3,25.53,28.7,73.54,803,41.71,0,31.28,32.83,0.074
"2022-01-01 14:00:00",13657,14.11,100.402,2.731,31.16,23.99,29.1,75.9,872,42.98,0,32.59,33.97,0.074
"2022-01-01 15:00:00",13658,14.06,100.3046,3.169,27.49,23.08,28.72,75.75,745.3,36.15,0,31.73,32.7,0.073
"2022-01-01 16:00:00",13659,14.04,100.2316,3.159,26.75,21.61,28.71,74.98,633.2,29.01,0,31.92,32.29,0.073
"2022-01-01 17:00:00",13660,14.05,100.2154,3.021,29.06,21.63,28.46,76.86,425.6,18.06,0,30.2,31.17,0.072
"2022-01-01 18:00:00",13661,13.12,100.2235,2.712,24.49,18.92,27.43,82.3,181.8,7.659,0,27.32,28.35,0.072
"2022-01-01 19:00:00",13662,12.96,100.2478,1.908,26.56,12.97,25.99,88.2,16.31,1.326,0,25.91,26.6,0.072
"2022-01-01 20:00:00",13663,12.95,100.3537,0.443,27.22,6.943,24.92,92.2,0,0.004,0,25.33,25.61,0.071
"2022-01-01 21:00:00",13664,12.94,100.4289,0.008,23.25,0.986,24.16,96.2,0,0,0,24.71,25.15,0.071
"2022-01-01 22:00:00",13665,12.92,100.3545,0.088,19.68,2.895,23.8,97.4,0,0,0,24.59,24.69,0.071
"2022-01-01 23:00:00",13666,12.91,100.3631,1.084,23.22,14.28,24.03,97.8,0,0,1.524,24.34,24.57,0.071
"2022-01-02 00:00:00",13667,12.9,100.3978,0.275,23.34,6.001,23.99,99,0,0,0,24.23,24.41,0.071
"2022-01-02 01:00:00",13668,12.89,100.42,0,0,0,23.52,99.7,0,0,0,23.9,24.04,0.071
"2022-01-02 02:00:00",13669,12.87,100.3991,0,0,0,23.51,100,0,0,0,23.83,24.1,0.071
"2022-01-02 03:00:00",13670,12.82,100.4351,0,0,0,24.17,100,0,0,0,24.55,24.86,0.071
"2022-01-02 04:00:00",13671,12.83,100.3781,0,0,0,24.18,100,0,0,0,24.62,24.9,0.071
"2022-01-02 05:00:00",13672,12.81,100.4589,0.015,23.13,0.004,23.95,100,0,0.007,0,24.41,24.58,0.071
"2022-01-02 06:00:00",13673,12.79,100.4671,0.015,22.9,0.049,24.45,100,6.881,1.381,0,24.71,24.87,0.071
"2022-01-02 07:00:00",13674,12.78,100.5725,0.248,41.74,28.97,24.56,100,16.97,1.443,0,24.45,25.04,0.07
"2022-01-02 08:00:00",13675,12.77,100.6879,0.758,193,15.74,22.57,100,8.45,0.916,15.24,22.84,23.18,0.07
"2022-01-02 09:00:00",13676,12.77,100.7288,0.071,198.4,3.426,22.41,100,55.78,4.35,4.064,22.91,23.28,0.124
"2022-01-02 10:00:00",13677,12.79,100.7137,0.34,194.9,6.015,22.68,100,160.3,10.51,2.286,23.15,23.58,0.118
"2022-01-02 11:00:00",13678,13.82,100.7104,0.73,138.8,28.27,25.36,88.3,631.7,34.32,0,25.17,27.09,0.113
"2022-01-02 12:00:00",13679,13.84,100.7266,1.049,102.7,28.23,25.88,91.5,401.8,23.57,0,26.5,27.73,0.106
"2022-01-02 13:00:00",13680,13.93,100.7023,1.102,117.3,27.83,25.73,84.9,384.9,22.84,0,25.89,27.48,0.101
"2022-01-02 14:00:00",13681,13.91,100.7348,1.048,138,31.22,25.84,85.7,321.1,19.03,0,26.93,27.74,0.097
"2022-01-02 15:00:00",13682,13.98,100.678,0.605,138.2,11.07,25.54,88.5,196.3,12.85,0,26.87,27.15,0.094
"2022-01-02 16:00:00",13683,13.68,100.6536,0.501,172.4,17.79,25.71,90.7,176.3,10.82,0,26.65,27.17,0.092
"2022-01-02 17:00:00",13684,13.97,100.5968,0.367,182,4.192,25.36,92.8,131.4,7.693,0,26.22,26.62,0.09
"2022-01-02 18:00:00",13685,13.21,100.6374,0.423,180,4.674,24.99,94.6,92.9,5.019,0,25.62,25.97,0.089
"2022-01-02 19:00:00",13686,12.98,100.7436,0.168,181.9,3.888,24.39,97.6,16.39,0.947,0,24.77,25.26,0.088
"2022-01-02 20:00:00",13687,12.96,100.8015,0.105,192.6,3.109,23.54,98.8,0,0.006,0,24.02,24.3,0.086
"2022-01-02 21:00:00",13688,12.95,100.8453,0.011,189.9,1.297,22.93,99.6,0,0,0,23.52,23.72,0.085
"2022-01-02 22:00:00",13689,12.94,100.8519,0.008,182.3,0.879,22.73,100,0,0,0,23.45,23.52,0.085
"2022-01-02 23:00:00",13690,12.93,100.8191,0.002,178.3,0.033,22.43,100,0,0,0,22.85,23.2,0.084
"2022-01-03 00:00:00",13691,12.92,100.7822,0.284,191.4,5.138,22.15,100,0,0,0,22.6,22.71,0.083
"2022-01-03 01:00:00",13692,12.91,100.693,0.601,193.3,8.05,22.14,99.8,0,0,0,22.4,22.61,0.083
"2022-01-03 02:00:00",13693,12.89,100.6755,0.515,191.9,5.926,21.93,99.5,0,0,0,22.09,22.29,0.082
"2022-01-03 03:00:00",13694,12.86,100.6452,0.284,193.9,5.486,21.6,99.9,0,0,0,21.83,21.97,0.082
"2022-01-03 04:00:00",13695,12.87,100.7253,0.302,196.3,6.194,21.44,100,0,0,0,21.73,21.89,0.081
"2022-01-03 05:00:00",13696,12.84,100.7103,0.274,198,4.268,21.39,100,0.207,0.028,0,21.68,21.83,0.081
"2022-01-03 06:00:00",13697,12.84,100.7168,0.448,204.2,6.685,21.57,99,53.41,2.554,0,21.84,21.99,0.081
"2022-01-03 07:00:00",13698,12.97,100.7997,0.882,202.1,23.94,23.25,91.3,239.5,10.41,0,22.49,23.68,0.081
"2022-01-03 08:00:00",13699,13.29,100.7916,0.758,181.6,17.78,24.91,86,357.7,19.41,0,24.87,25.9,0.08
"2022-01-03 09:00:00",13700,13.49,100.7983,0.897,142.9,31.96,27.28,77.76,673.7,32.39,0,27.93,29.89,0.08
"2022-01-03 10:00:00",13701,13.85,100.8063,1.278,122.2,34.9,28.31,77.18,777.8,40.08,0,30.35,31.43,0.079
"2022-01-03 11:00:00",13702,14.04,100.7744,1.506,101.9,30.47,28.78,73.6,942,48.85,0,32.94,33.77,0.079
"2022-01-03 12:00:00",13703,14.12,100.7266,1.409,96.6,23.67,28.38,76.88,611.6,34.9,0,32.56,33.17,0.078
"2022-01-03 13:00:00",13704,14.15,100.6698,1.885,78.6,20.75,28.7,75.96,970,49.49,0,33.16,35.12,0.078
"2022-01-03 14:00:00",13705,14.12,100.5805,1.951,62.57,20.84,28.97,75.86,740.7,39.16,0,33.73,35.34,0.077
"2022-01-03 15:00:00",13706,14.15,100.5156,1.679,72.04,14.39,28.13,79.48,491.4,27.43,0,32.45,32.99,0.077
"2022-01-03 16:00:00",13707,14.04,100.4588,1.6,63.36,17.03,28.74,78.08,554.6,27.13,0,33.15,33.92,0.076
"2022-01-03 17:00:00",13708,13.93,100.4345,1.614,61.63,10.12,27.93,82.9,274.6,14.2,0,30.93,31.74,0.075
"2022-01-03 18:00:00",13709,13.01,100.4507,1.278,65.69,8.66,26.8,89.4,89.8,5.696,0,28.11,29.33,0.075
"2022-01-03 19:00:00",13710,12.95,100.4913,0.372,65.63,4.156,25.77,91.4,19.58,1.128,0,26.88,27.53,0.075
"2022-01-03 20:00:00",13711,12.94,100.5273,0,0,0,24.4,94.1,0,0.007,0,25.16,25.95,0.075
"2022-01-03 21:00:00",13712,12.93,100.6096,0,0,0,23.65,95.4,0,0,0,24.36,24.69,0.074
"2022-01-03 22:00:00",13713,12.89,100.6529,0,0,0,23.24,96,0,0,0,23.95,24.1,0.074
"2022-01-03 23:00:00",13714,12.9,100.6676,0,0,0,22.83,98,0,0,0,23.59,23.76,0.074
"2022-01-04 00:00:00",13715,12.89,100.645,0,0,0,22.56,98.4,0,0,0,23.34,23.45,0.074
"2022-01-04 01:00:00",13716,12.87,100.6377,0,0,0,22.56,99.3,0,0,0,23.27,23.43,0.074
"2022-01-04 02:00:00",13717,12.86,100.612,0.004,75.3,0.099,22.53,99.6,0,0,0,23.06,23.15,0.073
"2022-01-04 03:00:00",13718,12.84,100.5807,0,0,0,22.42,99.9,0,0,0,23.15,23.27,0.073
"2022-01-04 04:00:00",13719,12.83,100.5629,0.001,76.37,0,22.7,99.9,0,0,0,23.35,23.51,0.073
"2022-01-04 05:00:00",13720,12.8,100.6341,0.011,76.02,0.022,23.26,99.2,0.004,0.015,0,23.85,23.99,0.073
"2022-01-04 06:00:00",13721,12.81,100.6869,0.003,75.96,0.002,23.72,99,6.689,0.547,0,24.08,24.29,0.073
"2022-01-04 07:00:00",13722,12.8,100.6944,0.021,75.92,0.008,23.97,99,26.84,1.786,0,24.43,24.59,0.073
"2022-01-04 08:00:00",13723,12.8,100.7838,0.081,75.99,0.282,24.57,99.2,36.25,2.385,0,24.79,24.91,0.073
"2022-01-04 09:00:00",13724,12.82,100.6698,0.599,51.55,11.55,25.73,93.6,202.7,12.25,0,25.2,26.24,0.073
"2022-01-04 10:00:00",13725,13.72,100.5968,2.138,13.77,19.84,28.21,82.4,415.8,22.57,0,27.16,28.68,0.072
"2022-01-04 11:00:00",13726,13.67,100.5481,1.75,2.626,24.72,28.89,79.29,239.5,15.26,0,28.5,29.11,0.072
"2022-01-04 12:00:00",13727,13.31,100.5238,1.269,332.5,17.93,27.75,90.4,75.33,5.618,0,27.17,27.65,0.072
"2022-01-04 13:00:00",13728,13.85,100.3615,0.891,352.1,24.04,27.71,91,144.3,10.06,0,27.28,27.8,0.072
"2022-01-04 14:00:00",13729,14.12,100.2722,2.96,19.51,22.23,29.69,77.19,659,35.68,0,28.21,30.66,0.072
"2022-01-04 15:00:00",13730,14.05,100.2235,2.895,25.38,21.3,30.53,74.55,527.3,28.82,0,31.22,32.15,0.071
"2022-01-04 16:00:00",13731,14.05,100.2154,2.747,28.48,17.68,28.71,80.7,256.3,15.45,0,29.08,29.8,0.071
"2022-01-04 17:00:00",13732,13.52,100.1992,2.884,32.09,19.31,28.19,85.5,295.1,14.8,0,28.96,29.49,0.071
"2022-01-04 18:00:00",13733,13.08,100.1992,2.576,28.82,16.49,27.52,89.1,110.3,6.827,0,27.35,27.88,0.071
"2022-01-04 19:00:00",13734,12.93,100.2965,2.812,24.17,18.53,26.53,93.5,16.77,1.371,0,26.18,26.69,0.071
"2022-01-04 20:00:00",13735,12.9,100.256,2.115,23.46,17.27,26.06,94.4,0,0.011,0,25.94,26.06,0.07
"2022-01-04 21:00:00",13736,12.94,100.329,2.086,17.78,17.04,25.76,94.5,0,0,0,25.45,25.68,0.07
"2022-01-04 22:00:00",13737,12.9,100.4751,1.204,13.85,10.96,25.47,97.1,0,0,0,25.37,25.44,0.07
"2022-01-04 23:00:00",13738,12.92,100.6062,1.113,108.8,39.35,24.07,91.5,0.015,0,0,23.32,24.49,0.07
"2022-01-05 00:00:00",13739,12.9,100.6291,0.48,138.6,3.806,21.53,97.4,0,0,0,22.77,23.08,0.07
"2022-01-05 01:00:00",13740,12.88,100.637,0.562,132.3,5.245,21.5,98.8,0.006,0,7.62,22.26,22.69,0.07
"2022-01-05 02:00:00",13741,12.87,100.5879,0.369,154,9.79,21.76,99.6,0.05,0,0.254,22.21,22.5,0.071
"2022-01-05 03:00:00",13742,12.85,100.5273,1.122,99.3,27.29,22.37,98.2,0.035,0,0,22.89,22.96,0.096
"2022-01-05 04:00:00",13743,12.84,100.531,0.592,78.23,0.85,22.24,99.3,0,0,0,22.51,22.7,0.098
"2022-01-05 05:00:00",13744,12.82,100.5313,0.042,76.59,0.02,21.87,100,0.066,0.028,0,22.34,22.44,0.098
"2022-01-05 06:00:00",13745,12.79,100.627,0.537,76.08,0.833,22.43,99.2,42.53,1.957,0,22.43,22.79,0.097
"2022-01-05 07:00:00",13746,12.8,100.6469,0.825,330.9,20.32,23.32,91.5,169.9,8.65,0,23.1,23.67,0.096
"2022-01-05 08:00:00",13747,13.11,100.5887,1.598,323.5,19.09,25.83,84.5,481.8,21.19,0,24.6,25.9,0.095
"2022-01-05 09:00:00",13748,13.44,100.5643,1.872,333.5,24.79,27.45,78.69,665.8,31.25,0,26.89,28.24,0.094
"2022-01-05 10:00:00",13749,13.65,100.5319,1.969,339.2,29.74,28.74,79.54,684.8,34.76,0,29.59,30.32,0.093
"2022-01-05 11:00:00",13750,14.07,100.499,2.197,322.8,24.95,29.66,74.2,921,46.43,0,30.24,31.99,0.092
"2022-01-05 12:00:00",13751,13.82,100.4263,1.953,342,29.6,31.36,68.73,1034,52.27,0,33.15,34.64,0.091
"2022-01-05 13:00:00",13752,14,100.368,1.996,345.9,32.24,32.59,61.08,1070,53.77,0,35.29,36.5,0.089
"2022-01-05 14:00:00",13753,14.14,100.288,1.784,344.3,28.38,33.62,55.98,988,47.93,0,37.71,38.21,0.088
"2022-01-05 15:00:00",13754,14.05,100.1981,1.758,2.104,30.87,34.34,54.67,849,40.2,0,38.27,38.78,0.086
"2022-01-05 16:00:00",13755,13.91,100.191,2.522,27.87,23.11,32.7,66.8,655.8,30.36,0,34.47,36.53,0.085
"2022-01-05 17:00:00",13756,14.02,100.2641,3.2,28.97,19.1,29.48,74.62,438,18.92,0,30.55,32.19,0.084
"2022-01-05 18:00:00",13757,13.03,100.2884,2.77,29.87,17.74,27.96,77.62,195.9,8.38,0,27.57,28.71,0.083
"2022-01-05 19:00:00",13758,12.92,100.3616,1.722,28.97,13.39,26.72,80.6,14.75,1.478,0,26.39,26.97,0.083
"2022-01-05 20:00:00",13759,12.92,100.4521,1,32.39,10.98,25.74,90.5,0,0.007,0,25.86,26.06,0.082
"2022-01-05 21:00:00",13760,12.89,100.582,0.583,34.81,8.35,25.5,94.8,0,0,0,25.83,25.9,0.082
"2022-01-05 22:00:00",13761,12.89,100.6816,0.128,28.21,3.747,25.47,95.9,0,0,0,25.89,25.95,0.081
"2022-01-05 23:00:00",13762,12.91,100.786,0.01,31.03,0.983,25.25,97,0,0,0,25.89,25.99,0.081
"2022-01-06 00:00:00",13763,12.9,100.8585,0.122,34.36,5.564,24.9,97.2,0,0,0,25.44,25.73,0.081
"2022-01-06 01:00:00",13764,12.89,100.8659,0.261,359.9,19.87,24.71,96.2,0,0,0,25.1,25.26,0.08
"2022-01-06 02:00:00",13765,12.85,100.8251,0.038,333.9,0.017,24.52,95.7,0,0,0,25,25.1,0.08
"2022-01-06 03:00:00",13766,12.86,100.8107,0.165,333.8,0.096,24.4,95.7,0,0,0,24.67,24.82,0.08
"2022-01-06 04:00:00",13767,12.84,100.8176,0.257,333.6,0.06,24.31,97.4,0,0,0,24.51,24.67,0.079
"2022-01-06 05:00:00",13768,12.82,100.8676,0.523,322.4,12.93,24.33,98,0.001,0.021,0,24.47,24.58,0.079
"2022-01-06 06:00:00",13769,12.8,100.9887,0.287,314.6,7.561,24.31,99.1,2.487,0.324,13.21,24.43,24.7,0.079
"2022-01-06 07:00:00",13770,12.79,101.0295,0.971,134.1,50.71,23.75,100,9.89,0.906,30.99,23.67,23.85,0.091
"2022-01-06 08:00:00",13771,12.79,101.0363,0.32,163.7,6.726,24.04,100,87.4,5.785,1.27,23.83,24.35,0.142
"2022-01-06 09:00:00",13772,13.46,101.0188,0.463,178.9,9.14,24.74,99.8,211.1,13.63,0,25.12,25.48,0.112
"2022-01-06 10:00:00",13773,13.6,101.0431,0.761,174.2,21.72,26.31,90.9,661.6,35.23,0,26.01,27.6,0.103
"2022-01-06 11:00:00",13774,13.97,101.0107,0.943,143.6,27.19,27.41,90.9,533,30.61,0,28.66,29.35,0.098
"2022-01-06 12:00:00",13775,14,100.9539,1.177,182.4,27.92,27.64,84.6,579.3,31.56,0,28.34,30.02,0.094
"2022-01-06 13:00:00",13776,14.04,100.9214,1.141,137.7,28.67,28.46,80.9,687.9,36.76,0,29.56,31.64,0.092
"2022-01-06 14:00:00",13777,14.09,100.8727,1.363,122.9,37.24,28.57,79.5,634.9,35.94,0,31.14,32.39,0.089
"2022-01-06 15:00:00",13778,14.11,100.7834,1.366,112,28.14,28.61,79.24,663.5,32.67,0,31.85,32.95,0.088
"2022-01-06 16:00:00",13779,14.06,100.6861,1.473,94,27.93,28.66,78.91,541.8,26.35,0,31.85,33.23,0.086
"2022-01-06 17:00:00",13780,13.98,100.678,2.04,73.34,13.19,27.57,81.1,298.6,15.62,0,29.86,31.26,0.085
"2022-01-06 18:00:00",13781,13.11,100.7672,1.22,67.46,11.61,26.36,87.3,82.8,5.716,0,27.91,28.54,0.084
"2022-01-06 19:00:00",13782,12.95,100.8565,0.147,69.67,3.641,25.55,91.9,14.03,0.929,0,26.67,27.22,0.083
"2022-01-06 20:00:00",13783,12.93,100.8828,0.002,75.65,0,24.75,94,0,0,0,25.86,26.2,0.082
"2022-01-06 21:00:00",13784,12.94,100.9501,0,0,0,24.1,94.7,0,0,0,24.66,25.18,0.082
"2022-01-06 22:00:00",13785,12.91,100.9529,0,0,0,23.5,96.5,0,0,0,24.51,24.6,0.081
"2022-01-06 23:00:00",13786,12.88,100.9369,0,0,0,23.25,97.4,0,0,0,24.21,24.41,0.081
"2022-01-07 00:00:00",13787,12.88,100.9213,0.001,77.73,0.001,22.67,99,0,0,0,23.4,23.67,0.081
"2022-01-07 01:00:00",13788,12.87,100.9381,0,0,0,22.23,99.7,0,0,0,23.3,23.35,0.08
"2022-01-07 02:00:00",13789,12.87,100.9131,0,0,0,22.06,100,0,0,0,23.3,23.34,0.08
"2022-01-07 03:00:00",13790,12.83,100.8967,0,0,0,21.85,100,0,0,0,22.91,23.28,0.079
"2022-01-07 04:00:00",13791,12.83,100.9462,0,0,0,21.71,100,0,0,0,22.75,22.84,0.079
"2022-01-07 05:00:00",13792,12.78,100.9692,0.001,77.8,0,22.25,100,0,0.012,0,22.95,23.15,0.079
"2022-01-07 06:00:00",13793,12.79,100.985,0,0,0,22.41,100,27.03,1.029,0,23.24,23.42,0.078
"2022-01-07 07:00:00",13794,12.82,100.9883,0,0,0,23.69,97.8,127.2,6.419,0,24,24.89,0.078
"2022-01-07 08:00:00",13795,13.41,101.0431,0,0,0,25.52,89.2,172.7,9.87,0,26.13,26.39,0.078
"2022-01-07 09:00:00",13796,13.45,101.0756,0,0,0,25.94,83.1,229.8,13.78,0,26.22,26.73,0.078
"2022-01-07 10:00:00",13797,13.98,101.0594,0,0,0,27.48,77.76,474.5,25.39,0,27.65,29.27,0.078
"2022-01-07 11:00:00",13798,14.07,101.0188,0,0,0,28.4,71.9,595,32.48,0,29.63,31.07,0.077
"2022-01-07 12:00:00",13799,14.09,100.978,1.204,79.59,29.82,29.8,69.55,1052,52.19,0,32.45,35.3,0.077
"2022-01-07 13:00:00",13800,14.06,100.9295,1.703,72.49,26.95,29.89,69.7,885,45.98,0,34.05,35.69,0.076
"2022-01-07 14:00:00",13801,14.04,100.9052,2.288,70.24,15.12,29.43,69.63,882,44.99,0,34.17,35.46,0.076
"2022-01-07 15:00:00",13802,14.18,100.897,2.381,71.62,19.22,29.34,68.16,893,42.49,0,35.8,36.48,0.075
"2022-01-07 16:00:00",13803,14.02,100.8646,2.3,79.11,20.34,29.05,72.86,672.6,31.66,0,33.79,34.93,0.075
"2022-01-07 17:00:00",13804,13.82,100.8565,2.705,71.94,18.22,28.2,79.16,391.6,18.36,0,30.49,32.44,0.075
"2022-01-07 18:00:00",13805,13.17,100.9133,2.549,69.49,16.05,27.06,83.8,188,8.47,0,27.38,28.89,0.074
"2022-01-07 19:00:00",13806,12.96,101.0121,1.719,68.08,11.85,25.75,86.9,15.49,1.459,0,26.26,26.79,0.074
"2022-01-07 20:00:00",13807,12.94,101.0859,1.092,70.67,10.15,25.3,87,0,0.005,0,25.54,26.01,0.073
"2022-01-07 21:00:00",13808,12.93,101.1507,1.186,69.83,9.04,25.1,86.8,0,0,0,25.07,25.29,0.073
"2022-01-07 22:00:00",13809,12.91,101.1849,0.606,71.19,7.63,24.93,86.1,0,0,0,24.86,24.99,0.073
"2022-01-07 23:00:00",13810,12.89,101.2172,0.109,68.27,3.262,24.67,88.1,0,0,0,24.56,24.9,0.073
"2022-01-08 00:00:00",13811,12.88,101.2132,0.003,54.42,0.003,23.73,91.7,0,0,0,23.77,24.11,0.073
"2022-01-08 01:00:00",13812,12.88,101.1897,0,0,0,23,93.6,0,0,0,23.29,23.51,0.073
"2022-01-08 02:00:00",13813,12.87,101.1731,0,0,0,22.55,95.5,0,0,0,23.15,23.28,0.073
"2022-01-08 03:00:00",13814,12.85,101.1565,0,0,0,22.18,97.9,0,0,0,23.15,23.39,0.073
"2022-01-08 04:00:00",13815,12.83,101.1653,0,0,0,21.83,98.3,0,0,0,22.75,23.06,0.072
"2022-01-08 05:00:00",13816,12.82,101.2059,0,0,0,21.88,98.8,0.019,0.01,0,23.05,23.15,0.072
"2022-01-08 06:00:00",13817,12.8,101.2367,0,0,0,22.5,95.9,51.84,1.722,0,23.27,23.48,0.072
"2022-01-08 07:00:00",13818,13.13,101.3038,0.06,57.01,0.301,24.93,84.7,192.2,8.36,0,24.27,25.26,0.072
"2022-01-08 08:00:00",13819,13.5,101.2866,0.036,57.4,0.02,26.63,78.63,267.8,15.03,0,26.41,27.31,0.072
"2022-01-08 09:00:00",13820,13.84,101.3109,0.764,91.1,32.54,28.51,68.51,579.8,27.19,0,28.78,30.78,0.072
"2022-01-08 10:00:00",13821,14.01,101.2947,1.444,72.51,7.947,28.03,73.8,339.9,20.96,0,29.77,31.22,0.071
"2022-01-08 11:00:00",13822,14.21,101.3028,1.836,74.96,13.79,27.75,73.59,484.9,29.07,0,29.99,30.87,0.071
"2022-01-08 12:00:00",13823,14.22,101.2622,2.125,72.84,16.03,28.05,67.96,649.8,36.01,0,30.58,31.7,0.071
"2022-01-08 13:00:00",13824,14.23,101.2217,2.287,76.45,19.26,28.07,74.09,577.9,33.62,0,31.83,32.49,0.071
"2022-01-08 14:00:00",13825,14.2,101.173,2.306,79.47,17.43,27.67,72.43,497,28.69,0,30.85,31.52,0.07
"2022-01-08 15:00:00",13826,14.22,101.108,2.429,75.38,18.79,27.57,67.2,566.3,29.61,0,30.1,31.36,0.07
"2022-01-08 16:00:00",13827,14.06,101.0837,2.551,73.81,18.69,27.76,71.91,544.8,26.6,0,31.41,32.36,0.07
"2022-01-08 17:00:00",13828,13.97,101.0512,2.239,74.54,18.38,28.08,74.1,471.8,20.46,0,31.85,32.51,0.069
"2022-01-08 18:00:00",13829,13.31,101.0756,1.59,78.5,14.66,26.94,78.79,176,8.22,0,27.54,28.67,0.069
"2022-01-08 19:00:00",13830,12.95,101.1569,0.921,72,10.1,25.55,82.7,16.95,1.3,0,26.18,26.89,0.069
"2022-01-08 20:00:00",13831,12.94,101.2034,0.017,72.96,1.701,23.83,89.2,0,0.005,0,24.25,25.06,0.068
"2022-01-08 21:00:00",13832,12.92,101.2614,0,0,0,23.23,91.8,0,0,0,24.16,24.27,0.068
"2022-01-08 22:00:00",13833,12.91,101.2541,0,0,0,22.85,92.2,0,0,0,23.19,23.63,0.068
"2022-01-08 23:00:00",13834,12.9,101.2296,0,0,0,22.96,91.8,0,0,0,23.02,23.18,0.068
"2022-01-09 00:00:00",13835,12.87,101.2141,0,0,0,22.53,94.4,0,0,0,22.48,22.68,0.068
"2022-01-09 01:00:00",13836,12.88,101.1645,0,0,0,22.2,96.7,0,0,0,22.51,22.83,0.068
"2022-01-09 02:00:00",13837,12.84,101.1483,0,0,0,22.37,95.7,0,0,0,22.7,22.86,0.068
"2022-01-09 03:00:00",13838,12.8,101.1166,0,0,0,22.14,95.4,0,0,0,22.46,22.59,0.068
"2022-01-09 04:00:00",13839,12.79,101.068,0,0,0,22.03,95.7,0,0,0,22.07,22.59,0.068
"2022-01-09 05:00:00",13840,12.78,101.1085,0,0,0,21.4,97.4,0.013,0.016,0,21.68,21.97,0.068
"2022-01-09 06:00:00",13841,12.74,101.1491,0,0,0,21.44,95.1,43.6,2.159,0,21.66,22.1,0.068
"2022-01-09 07:00:00",13842,12.79,101.165,0,0,0,25.12,79.38,198.4,9.73,0,23.16,24.6,0.068
"2022-01-09 08:00:00",13843,13.36,101.1567,1.624,77.67,17.5,27.16,67.34,488.8,21.5,0,26.14,27.98,0.067
"2022-01-09 09:00:00",13844,13.46,101.1486,1.76,78.02,16.21,28.05,66.59,673.8,32.06,0,29.65,30.77,0.067
"2022-01-09 10:00:00",13845,13.59,101.1162,2.102,74.73,20.14,28.26,63.28,819,40.34,0,31.24,32.03,0.067
"2022-01-09 11:00:00",13846,13.92,101.0512,2.28,77.11,21.42,28.58,61.56,974,48.68,0,33.28,34.57,0.067
"2022-01-09 12:00:00",13847,13.89,101.035,2.001,75.58,24.69,28.92,58.27,1004,51.78,0,34.47,35.2,0.066
"2022-01-09 13:00:00",13848,13.89,100.9538,1.902,70.19,21,29.42,59.66,1081,55.07,0,36.03,37.08,0.066
"2022-01-09 14:00:00",13849,13.93,100.9052,2.059,67.92,18.73,29.18,64.96,904,46.17,0,36.3,38.03,0.065
"2022-01-09 15:00:00",13850,14.17,100.8646,1.216,130.2,26.04,27.33,78.59,437.8,24.67,0,30.73,32.63,0.065
"2022-01-09 16:00:00",13851,14.14,100.8078,1.545,102.4,29.58,27.29,73.12,387.8,20.95,0,30.61,31.55,0.064
"2022-01-09 17:00:00",13852,13.99,100.824,2.147,81.7,19.35,27.21,72.1,359.7,16.75,0,29.62,31.31,0.064
"2022-01-09 18:00:00",13853,13.29,100.8492,1.701,82.9,15.39,26.31,75.82,149.7,7.428,0,26.94,28.32,0.063
"2022-01-09 19:00:00",13854,12.93,100.849,1.529,81.7,13.84,24.88,79.96,17.52,1.553,0,25.02,25.82,0.063
"2022-01-09 20:00:00",13855,12.93,100.8697,0.736,80.5,9.45,23.87,82.5,0,0.002,0,24.04,24.52,0.063
"2022-01-09 21:00:00",13856,12.89,100.8569,0.503,77.33,8.88,23.43,81.8,0,0,0,23.3,23.74,0.063
"2022-01-09 22:00:00",13857,12.91,100.8569,0.079,78.82,2.388,22.37,89.5,0,0,0,22.21,22.84,0.063
"2022-01-09 23:00:00",13858,12.89,100.8083,0,0,0,20.16,95.5,0.004,0,0,21.95,22.15,0.063
"2022-01-10 00:00:00",13859,12.88,100.7674,0,0,0,20.74,92.7,0,0,0,22.02,22.46,0.063
"2022-01-10 01:00:00",13860,12.87,100.7278,0,0,0,20.39,95.8,0,0,0,21.39,22.03,0.063
"2022-01-10 02:00:00",13861,12.85,100.6858,0,0,0,19.16,98,0,0,0,20.82,21.12,0.063
"2022-01-10 03:00:00",13862,12.83,100.6437,0,0,0,19.4,95,0,0,0,20.4,20.58,0.062
"2022-01-10 04:00:00",13863,12.81,100.6179,0.001,92.1,0.001,20.24,93.1,0,0,0,20.43,20.55,0.062
"2022-01-10 05:00:00",13864,12.79,100.6499,0.018,70.07,3.064,19.82,96.1,0,0.012,0,20.26,20.4,0.062
"2022-01-10 06:00:00",13865,12.77,100.656,0.01,67.19,0.313,19.31,94.4,51.94,2.166,0,20.12,20.66,0.062
"2022-01-10 07:00:00",13866,12.83,100.6785,0.292,92,8.6,23.02,82.1,222.5,9.93,0,22.01,23.33,0.062
"2022-01-10 08:00:00",13867,13.08,100.6374,0.672,92.8,16.64,25.68,73.42,478.4,21.66,0,24.99,27.02,0.062
"2022-01-10 09:00:00",13868,13.43,100.6444,0.82,55.8,13.75,28.1,63.03,811,35.82,0,28.16,30.85,0.062
"2022-01-10 10:00:00",13869,13.7,100.5967,0.93,48.9,24.03,29.04,65.2,796.7,39.33,0,32.51,33.43,0.061
"2022-01-10 11:00:00",13870,13.94,100.5156,1.338,50.84,24.41,29.98,57.49,1099,52.73,0,32.39,35.89,0.061
"2022-01-10 12:00:00",13871,13.86,100.4426,1.816,55.57,21.97,30.45,63.42,1038,52.01,0,36.45,37.74,0.06
"2022-01-10 13:00:00",13872,14.03,100.3939,1.614,49.67,26.61,30.38,66.21,816,43.49,0,34.63,37.02,0.06
"2022-01-10 14:00:00",13873,14.04,100.3371,2.378,58.68,23.51,30.5,65.11,1010,49.84,0,36.45,38.1,0.059
"2022-01-10 15:00:00",13874,14.1,100.2722,2.678,64.05,19.15,29.97,68.3,875,42.24,0,37.37,38.12,0.059
"2022-01-10 16:00:00",13875,14.12,100.256,2.551,64.17,22.41,29.73,69.87,689,32.47,0,35.71,36.63,0.058
"2022-01-10 17:00:00",13876,14.05,100.2316,2.395,54.68,20.45,29.3,73.44,476.7,21,0,33.18,34.86,0.057
"2022-01-10 18:00:00",13877,12.99,100.2397,2.289,47.88,18.83,27.89,77.85,185.6,8.63,0,27.96,29.92,0.057
"2022-01-10 19:00:00",13878,12.91,100.2728,1.352,39.25,11.98,25.93,86.1,14.66,1.344,0,26.53,27.25,0.057
"2022-01-10 20:00:00",13879,12.92,100.3411,0.39,39.91,6.734,24.96,91.2,0,0.001,0,26.13,26.31,0.056
"2022-01-10 21:00:00",13880,12.9,100.3822,0,0,0,24.35,95.4,0,0,0,25.79,26.04,0.056
"2022-01-10 22:00:00",13881,12.88,100.4243,0,0,0,24.06,96.2,0,0,0,25.42,25.61,0.056
"2022-01-10 23:00:00",13882,12.89,100.4099,0,0,0,23.81,97.3,0,0,0,25.11,25.24,0.056
"2022-01-11 00:00:00",13883,12.86,100.3676,0,0,0,23.91,97.1,0,0,0,25.02,25.16,0.056
"2022-01-11 01:00:00",13884,12.87,100.3657,0,0,0,23.87,98.2,0,0,0,24.86,25.12,0.056
"2022-01-11 02:00:00",13885,12.86,100.3662,0.003,21.57,0.004,23.64,98.3,0,0,0,24.75,24.87,0.056
"2022-01-11 03:00:00",13886,12.84,100.3584,0,0,0,23.47,98.5,0,0,0,24.72,24.79,0.056
"2022-01-11 04:00:00",13887,12.82,100.3513,0,0,0,23.37,98.5,0,0,0,24.62,24.7,0.056
"2022-01-11 05:00:00",13888,12.8,100.3904,0,0,0,23.3,98.5,0,0.004,0,24.51,24.57,0.055
"2022-01-11 06:00:00",13889,12.79,100.4491,0,0,0,23.4,98.1,32.49,1.077,0,24.51,24.66,0.056
"2022-01-11 07:00:00",13890,12.95,100.4589,0.435,321.6,12.46,26,85.6,283.5,9.08,0,25.07,26.87,0.055
"2022-01-11 08:00:00",13891,13.55,100.4589,1.348,334.6,14.54,27.57,83.7,385.4,18.03,0,28.83,29.59,0.055
"2022-01-11 09:00:00",13892,13.9,100.467,1.451,334.4,21.9,28.1,78.76,426.5,22.06,0,29.94,30.52,0.055
"2022-01-11 10:00:00",13893,14.1,100.4345,1.369,342.9,20.04,28.63,77.59,429.3,23.53,0,31.18,31.53,0.055
"2022-01-11 11:00:00",13894,14.12,100.3777,1.521,12.81,18.3,28.87,72.86,465.6,26.42,0,31.41,31.78,0.054
"2022-01-11 12:00:00",13895,14.14,100.3858,1.654,359.2,26.91,29.75,71.58,668.4,36.44,0,32.71,33.5,0.054
"2022-01-11 13:00:00",13896,14.14,100.3203,1.803,3.46,27.73,30.72,68.45,932,47.47,0,34.99,36.56,0.053
"2022-01-11 14:00:00",13897,14.09,100.2397,2.013,11.7,26.98,31.46,64.38,1036,49.41,0,36.82,38.4,0.053
"2022-01-11 15:00:00",13898,14.1,100.1172,1.84,13.83,24.37,31.62,67.44,868,41.13,0,38.23,38.72,0.051
"2022-01-11 16:00:00",13899,13.94,100.118,1.807,30.46,21.96,31.66,69.57,623.2,29.56,0,35.64,37.61,0.051
"2022-01-11 17:00:00",13900,13.85,100.191,2.237,55.36,15.75,29.68,79.63,314.4,15.46,0,31.38,34.12,0.05
"2022-01-11 18:00:00",13901,13.05,100.2723,1.794,57.96,14.01,27.26,86.5,81.8,5.672,0,28.73,29.75,0.05
"2022-01-11 19:00:00",13902,12.94,100.3471,1.095,65.16,8.48,26.27,91.2,15.42,1.172,0,27.33,28.04,0.05
"2022-01-11 20:00:00",13903,12.93,100.3889,0.308,64.46,4.579,25.46,94.5,0,0.003,0,26.41,26.77,0.049
"2022-01-11 21:00:00",13904,12.92,100.4879,0.077,63.35,2.644,25.21,94.1,0,0,0,25.9,26.09,0.049
"2022-01-11 22:00:00",13905,12.89,100.6025,0,0,0,25.03,97.1,0,0,0,25.67,25.86,0.049
"2022-01-11 23:00:00",13906,12.9,100.5934,0,0,0,24.58,98.6,0,0,0,25.1,25.45,0.049
"2022-01-12 00:00:00",13907,12.89,100.5956,0,0,0,24.36,99.1,0,0,0,24.86,24.95,0.049
"2022-01-12 01:00:00",13908,12.88,100.6031,0,0,0,24.24,99.7,0,0,0,24.57,24.74,0.049
"2022-01-12 02:00:00",13909,12.86,100.5628,0,0,0,23.63,99.9,0,0,0,24.33,24.5,0.049
"2022-01-12 03:00:00",13910,12.85,100.6034,0,0,0,23.43,100,0,0,0,23.83,24.15,0.049
"2022-01-12 04:00:00",13911,12.82,100.611,0,0,0,23.39,100,0,0,0,23.55,23.68,0.049
"2022-01-12 05:00:00",13912,12.8,100.6608,0.012,53.78,0.13,23.36,100,0,0.009,0,23.55,23.88,0.049
"2022-01-12 06:00:00",13913,12.79,100.7324,0.117,76.49,3.155,23.39,100,11.23,1.171,0,23.93,24.12,0.049
"2022-01-12 07:00:00",13914,12.79,100.8517,0.128,80.3,0.194,23.64,100,70.42,3.577,6.096,24.5,24.77,0.048
"2022-01-12 08:00:00",13915,13.05,100.9322,0.47,104.3,15.59,24.18,99.5,142.3,7.845,0.762,24.92,25.33,0.049
"2022-01-12 09:00:00",13916,13.64,100.9458,1.212,182.9,21.55,25.37,94.1,419.9,23.22,0,25.93,26.66,0.049
"2022-01-12 10:00:00",13917,13.96,100.9539,1.587,185.9,24.05,27.09,87.1,755.2,38.17,0,27.46,29.17,0.05
"2022-01-12 11:00:00",13918,14.01,100.9052,1.583,181.2,26.73,27.92,83.8,680.6,37.94,0,29.27,30.64,0.05
