"TOA5","88296","CR1000","88296","CR1000.Std.31.08","CPU:Vasi_Science Centre AWS.CR1","64103","Hourly"
"TIMESTAMP","RECORD","BattV_Min","BP_kPa","WS_ms_S_WVT","WindDir_D1_WVT","WindDir_SD1_WVT","AirTC_Avg","RH","SlrW_Avg","CUV5_W_Avg","Rain_mm_Tot","T107_C_Min","T107_C_Avg","VW_Avg"
"TS","RN","Volts","kPa","meters/second","Deg","Deg","Deg C","%","W/m^2","W/m^2","mm","Deg C","Deg C",""
"","","Min","Smp","WVc","WVc","WVc","Avg","Smp","Avg","Avg","Tot","Min","Avg","Avg"
"2021-02-10 15:00:00",5858,13.96,100.6378,1.981,85.9,41.18,30.81,69.67,836,41.79,0,34.34,34.95,0.085
"2021-02-10 16:00:00",5859,13.88,100.6134,1.861,91.3,41.22,30.74,68.96,657,31.52,0.508,34.23,34.95,0.083
"2021-02-10 17:00:00",5860,13.34,100.5972,1.798,89.6,38.61,29.95,74.51,398.1,18.56,0,31.12,32.77,0.082
"2021-02-10 18:00:00",5861,12.99,100.6216,1.912,82.1,26.24,28.26,82,109.9,6.809,0,28.33,29.57,0.081
"2021-02-10 19:00:00",5862,12.88,100.6545,0.56,97.4,28.7,26.62,89.8,8.32,0.966,0,26.75,27.51,0.08
"2021-02-10 20:00:00",5863,12.94,100.71,0.028,193.8,4.976,25.07,93.7,0,0,0,25.65,26.1,0.08
"2021-02-10 21:00:00",5864,12.86,100.76,0.05,192.6,6.596,24.6,94.2,0,0,0,25.32,25.45,0.079
"2021-02-10 22:00:00",5865,12.86,100.7844,0.002,223.5,0.209,24.18,96.5,0,0,0,24.94,25.18,0.079
"2021-02-10 23:00:00",5866,12.84,100.7519,0.022,219.6,2.138,24.09,97.4,0,0,0,24.82,25,0.078
"2021-02-11 00:00:00",5867,12.84,100.7357,0.002,169.5,2.581,23.81,97.8,0,0,0,24.44,24.69,0.078
"2021-02-11 01:00:00",5868,12.87,100.7113,0.006,203.7,1.412,23.54,97.9,0,0,0,24.21,24.31,0.077
"2021-02-11 02:00:00",5869,12.8,100.6707,0.148,209.1,9.75,23.7,97,0,0,0,24.22,24.35,0.077
"2021-02-11 03:00:00",5870,12.79,100.6301,0.359,207.1,18.75,23.72,98,0,0,0,23.91,24.21,0.077
"2021-02-11 04:00:00",5871,12.77,100.6058,0.186,195,18.8,23.3,99,0,0,0,23.76,23.84,0.077
"2021-02-11 05:00:00",5872,12.76,100.6139,0.667,210.6,27.12,23.12,99.2,0,0,0,23.51,23.59,0.076
"2021-02-11 06:00:00",5873,12.79,100.6301,0.694,204.6,24.3,23.02,99.3,13.86,0.609,0,23.32,23.44,0.076
"2021-02-11 07:00:00",5874,12.83,100.659,0.823,201.4,29.1,24.59,92.2,169.7,6.601,0,23.77,25.42,0.076
"2021-02-11 08:00:00",5875,13.5,100.6865,0.937,181.2,39.76,26.66,85.7,344.8,16.57,0,26.62,27.42,0.075
"2021-02-11 09:00:00",5876,13.57,100.719,1.235,156.4,49.68,28.64,71.96,539.8,26.91,0,27.72,29.06,0.075
"2021-02-11 10:00:00",5877,13.97,100.7027,1.309,157.2,47.65,28.18,74.4,561.6,30.41,0,27.95,29.53,0.075
"2021-02-11 11:00:00",5878,14.03,100.6618,1.579,154.3,49.21,30.23,70.75,918,47.59,0,30.5,32.42,0.074
"2021-02-11 12:00:00",5879,13.98,100.6297,1.434,141.2,47.43,29.46,74.4,531,30.38,0,30.33,31.57,0.074
"2021-02-11 13:00:00",5880,14.11,100.5972,1.644,141.8,49.07,30,73.39,638.3,35.2,0,31.4,32.26,0.073
"2021-02-11 14:00:00",5881,14.12,100.5566,1.591,144.2,47.03,29.1,77.82,422.4,24.38,0,30.51,31.2,0.073
"2021-02-11 15:00:00",5882,13.98,100.5323,1.766,138.3,49.35,30.2,68.62,750,38.67,0,30.84,32.88,0.072
"2021-02-11 16:00:00",5883,13.92,100.5079,1.761,143.1,50.68,29.98,70.71,593.8,29.18,0,31.66,32.46,0.071
"2021-02-11 17:00:00",5884,13.64,100.4917,1.686,140.7,47.67,29.73,73.62,426.9,19.39,0,30.91,31.63,0.071
"2021-02-11 18:00:00",5885,13.01,100.4917,1.415,139,47.78,28.36,84.2,140.2,7.724,0,27.82,28.8,0.071
"2021-02-11 19:00:00",5886,12.94,100.4999,1.087,149.3,38.47,26.75,91,15.16,1.024,0,26.59,27.17,0.071
"2021-02-11 20:00:00",5887,12.88,100.5275,0.691,155.6,32.01,26,93.3,0,0,0,26.21,26.36,0.07
"2021-02-11 21:00:00",5888,12.88,100.5879,0.713,158.1,33.32,26.26,90.8,0,0,0,26.26,26.43,0.07
"2021-02-11 22:00:00",5889,12.9,100.5637,0.752,151.4,40.65,26.36,89.8,0,0,0,26.05,26.18,0.07
"2021-02-11 23:00:00",5890,12.91,100.5538,0.927,156.9,35.24,26.06,94.4,0,0,0.508,25.07,26.01,0.07
"2021-02-12 00:00:00",5891,12.9,100.5246,0.236,177.3,24.95,23.91,98.2,0,0,0.254,24.42,24.62,0.07
"2021-02-12 01:00:00",5892,12.85,100.4678,0.27,197.9,21.78,24.37,98.3,0,0,0,24.77,24.88,0.069
"2021-02-12 02:00:00",5893,12.87,100.4028,0.528,159.6,26.82,24.49,96.8,0,0,0,24.59,24.75,0.069
"2021-02-12 03:00:00",5894,12.8,100.346,0.681,161.9,31.23,24.09,95.8,0,0,0,23.79,24.22,0.069
"2021-02-12 04:00:00",5895,12.79,100.2892,0.668,191.2,34.51,23.82,97.5,0,0,0,23.79,23.97,0.069
"2021-02-12 05:00:00",5896,12.75,100.2973,1.096,165.2,54.3,23.78,98.4,0.059,0,4.318,23.41,24.03,0.069
"2021-02-12 06:00:00",5897,12.79,100.2973,0.985,147.4,39.11,23.59,98.9,6.876,0.451,0,23.51,23.79,0.078
"2021-02-12 07:00:00",5898,12.74,100.3379,0.4,182.2,34.29,24.04,98.6,47.26,2.869,0.254,24,24.44,0.088
"2021-02-12 08:00:00",5899,12.77,100.4001,0.902,132.3,62.72,24.59,98.5,47.81,3.34,10.67,23.99,25.05,0.089
"2021-02-12 09:00:00",5900,12.77,100.3442,0.639,144.3,37.88,24.46,99.5,132,8.16,1.778,23.79,24.77,0.112
"2021-02-12 10:00:00",5901,13.52,100.3375,0.775,141.2,34.78,26.67,95.9,360.7,20.77,1.778,26.18,27.24,0.12
"2021-02-12 11:00:00",5902,13.87,100.2969,2.096,90.9,34.13,28.46,87.6,665.6,35.53,0,27.3,28.96,0.112
"2021-02-12 12:00:00",5903,13.44,100.2726,2.657,98.1,51.34,29.2,96,770.6,41.17,5.08,25.31,30.59,0.104
"2021-02-12 13:00:00",5904,13.62,100.2077,1.141,119.1,47.76,25.09,94.5,442.1,26.1,0.762,24.94,26.46,0.107
"2021-02-12 14:00:00",5905,14.13,100.159,2.34,98.8,43.5,29.65,81.4,964,49.57,0,29.71,31.83,0.108
"2021-02-12 15:00:00",5906,14.04,100.1346,1.817,108.5,50.15,29.41,82.2,525.6,29.02,0,30.4,31.46,0.1
"2021-02-12 16:00:00",5907,14.07,100.1669,1.854,99.3,46.11,29.68,76.28,496.8,25.8,0,30.1,31.16,0.095
"2021-02-12 17:00:00",5908,13.74,100.1183,1.355,116.6,52.19,29.24,82.7,284.5,14.19,0,29.73,30.55,0.092
"2021-02-12 18:00:00",5909,12.94,100.1346,0.955,118.4,48.28,27.92,89.1,60.95,4.047,0,27.93,28.63,0.089
"2021-02-12 19:00:00",5910,12.92,100.1427,0.755,125.3,47.14,27.13,91.2,7.088,0.705,0,27.01,27.38,0.087
"2021-02-12 20:00:00",5911,12.96,100.1753,0.65,114.7,40.3,26.97,89.7,0,0,0,26.83,26.94,0.086
"2021-02-12 21:00:00",5912,12.95,100.1996,0.931,111.5,45.24,26.98,88.8,0,0,0,26.43,26.7,0.085
"2021-02-12 22:00:00",5913,12.88,100.1842,0.62,119.6,45.35,26.61,90.9,0,0,0,26.25,26.33,0.083
"2021-02-12 23:00:00",5914,12.88,100.2088,0.733,140.6,40.86,26.01,97,0,0,0.508,25.44,25.95,0.083
"2021-02-13 00:00:00",5915,12.91,100.1751,0.545,158.6,24.28,24.79,98.9,0,0,0.508,24.9,25.23,0.082
"2021-02-13 01:00:00",5916,12.85,100.1103,0.28,185.9,23.14,24.28,99.4,0,0,0.254,24.76,24.85,0.083
"2021-02-13 02:00:00",5917,12.88,100.0454,0.379,194.5,26.86,24.17,99.8,0,0,0,24.55,24.69,0.084
"2021-02-13 03:00:00",5918,12.83,100.0294,0.24,175.5,35.93,24.29,100,0,0,4.064,24.54,24.72,0.084
"2021-02-13 04:00:00",5919,12.82,99.97237,0.301,155.9,18.95,24.23,99.8,0,0,0.508,24.5,24.62,0.099
"2021-02-13 05:00:00",5920,12.81,99.9724,0.253,196.3,46.49,24.51,100,0,0,2.54,24.59,24.84,0.098
"2021-02-13 06:00:00",5921,12.77,99.99661,0.277,177.9,25.29,24.25,99.9,2.723,0.336,0,24.4,24.59,0.105
"2021-02-13 07:00:00",5922,12.8,100.0102,0.836,133,40.8,25.1,98.4,83.5,4.224,0.762,24.73,25.3,0.101
"2021-02-13 08:00:00",5923,13.05,100.0051,0.802,139.4,39.77,25.89,96.6,203.5,10.92,0,25.48,26.23,0.1
"2021-02-13 09:00:00",5924,13.41,100.0048,1.212,124.4,46.63,27.56,86.2,594.8,29.47,1.27,26.52,28.26,0.098
"2021-02-13 10:00:00",5925,13.93,100.0047,2.033,95.3,36.4,29.11,81.6,593.8,31.99,0,28.82,29.92,0.098
"2021-02-13 11:00:00",5926,14.03,99.97857,2.97,81.7,30.82,30.25,80.5,856,44.73,0,31.28,32.24,0.096
"2021-02-13 12:00:00",5927,13.49,99.93167,2.143,70.29,38.46,28.84,91.4,321,21.63,0,29.12,30.63,0.093
"2021-02-13 13:00:00",5928,13.07,99.92356,0.965,36.99,47.91,25.77,98.5,69.02,5.713,5.08,26.5,27.43,0.091
"2021-02-13 14:00:00",5929,13,99.86948,0.529,215.4,49.86,25.35,99.4,63.99,4.968,8.89,25.85,26.41,0.107
"2021-02-13 15:00:00",5930,12.93,99.90389,0.738,270.1,51.44,24.76,100,11.17,1.142,42.67,24.8,25.29,0.133
"2021-02-13 16:00:00",5931,12.96,99.8644,0.424,224.5,53.97,24.55,100,19.84,1.623,24.38,24.58,24.75,0.173
"2021-02-13 17:00:00",5932,12.89,99.84769,0.829,239.2,70.42,24.83,100,38.71,2.622,1.778,24.85,25.08,0.125
"2021-02-13 18:00:00",5933,12.89,99.86157,0.663,253.8,55.26,24.93,100,39.95,2.486,3.556,25.02,25.21,0.108
"2021-02-13 19:00:00",5934,12.84,99.90499,0.612,252.2,37.51,24.82,100,2.761,0.218,3.048,24.9,25,0.111
"2021-02-13 20:00:00",5935,12.88,99.99434,0.354,224.2,34.97,24.75,100,0,0,0,24.85,24.93,0.109
"2021-02-13 21:00:00",5936,12.85,100.01,0.275,177.4,37.75,24.93,100,0.007,0,0.254,24.89,25.06,0.103
"2021-02-13 22:00:00",5937,12.83,100.0188,0.273,133.3,25.19,25.21,100,0,0,1.27,25.11,25.23,0.098
"2021-02-13 23:00:00",5938,12.84,99.99876,0.388,76.35,11.58,25.72,100,0.003,0,0,25.2,25.48,0.096
"2021-02-14 00:00:00",5939,12.79,99.97269,0.584,81.2,16.72,26.14,99.7,0.125,0,0.508,25.61,25.82,0.095
"2021-02-14 01:00:00",5940,12.82,99.96486,0.283,81.7,12.25,26.02,99.7,0,0,0,25.5,25.63,0.094
"2021-02-14 02:00:00",5941,12.73,99.93312,0.168,81.3,7.51,25.84,99.8,0,0,0,25.23,25.4,0.092
"2021-02-14 03:00:00",5942,12.76,99.90289,0.044,102.3,4.5,25.78,100,0,0,0,24.97,25.25,0.09
"2021-02-14 04:00:00",5943,12.72,99.87677,0.255,74.15,12.02,25.57,100,0,0,0.508,24.79,25.02,0.089
"2021-02-14 05:00:00",5944,12.7,99.91137,0.004,71.11,2.353,25.08,100,0,0,0,24.85,25.08,0.088
"2021-02-14 06:00:00",5945,12.76,99.91888,0.305,153,17.81,24.92,100,4.235,0.261,2.54,24.73,24.97,0.088
"2021-02-14 07:00:00",5946,12.76,99.90382,0.338,197.6,18.32,24.55,100,32.64,3.544,0.508,24.71,24.78,0.088
"2021-02-14 08:00:00",5947,12.76,99.93612,0.351,195.4,20.51,24.83,100,64.39,6.416,0.508,24.77,25.06,0.096
"2021-02-14 09:00:00",5948,12.76,99.99231,0.83,99.8,34.78,24.88,100,26.79,2.212,10.92,24.64,25.11,0.095
"2021-02-14 10:00:00",5949,12.77,99.95278,0.919,81.2,21.8,24.42,100,43.32,3.392,5.588,24.55,24.75,0.129
"2021-02-14 11:00:00",5950,12.79,99.97766,0.208,72.78,20.94,24.4,100,83.8,6.319,7.112,24.98,25.2,0.124
"2021-02-14 12:00:00",5951,12.85,99.90936,0.23,36.4,24.24,24.78,99.1,330.8,20.52,9.91,25.02,25.82,0.13
"2021-02-14 13:00:00",5952,13.71,99.88187,1.128,68.61,31.83,28.29,89.8,756.2,41.32,0,28.04,29.4,0.119
"2021-02-14 14:00:00",5953,13.92,99.81805,1.767,69.34,27.33,28.43,89.1,663,36.68,0,28.21,30.01,0.104
"2021-02-14 15:00:00",5954,13.91,99.72065,1.784,71.34,30.91,26.91,88.1,358.6,21.64,0,28.07,28.49,0.098
"2021-02-14 16:00:00",5955,13.95,99.73688,1.398,72.91,23.05,27.41,89.1,241.3,14.45,0,28.13,28.73,0.094
"2021-02-14 17:00:00",5956,13.63,99.6963,0.99,83.4,24.98,27.52,88.9,200.6,10.54,0,28.16,28.72,0.091
"2021-02-14 18:00:00",5957,13.03,99.75311,0.66,86.5,21.66,26.79,93.6,46.85,2.873,0,26.87,27.5,0.089
"2021-02-14 19:00:00",5958,12.99,99.79369,0.102,149.4,12.33,25.77,98.1,3.341,0.34,0,26.08,26.41,0.088
"2021-02-14 20:00:00",5959,12.93,99.83431,0.071,167.6,13.48,25.59,98.8,0,0,0,26,26.06,0.087
"2021-02-14 21:00:00",5960,12.96,99.86794,0.509,101.2,29.4,25.57,99.5,0.064,0,1.27,25.81,25.92,0.085
"2021-02-14 22:00:00",5961,12.92,99.86123,0.182,105.9,15.12,25.59,99.9,0,0,0,25.76,25.82,0.087
"2021-02-14 23:00:00",5962,12.92,99.85152,0.031,82.7,5.013,25.75,99.8,0,0,0,25.58,25.8,0.088
"2021-02-15 00:00:00",5963,12.94,99.83489,0.145,100.2,18.23,25.56,99.8,0,0,0,25.57,25.7,0.088
"2021-02-15 01:00:00",5964,12.93,99.76405,0.013,154.7,6.189,24.85,100,0,0,0.254,25.06,25.27,0.087
"2021-02-15 02:00:00",5965,12.92,99.71059,0.085,204.7,7.518,24.61,100,0,0,0.254,24.82,24.93,0.087
"2021-02-15 03:00:00",5966,12.84,99.6451,0.008,198.7,1.099,24.61,100,0,0,0,24.85,24.97,0.087
"2021-02-15 04:00:00",5967,12.89,99.65216,0.131,181.2,15.86,24.63,100,0,0,0,24.75,24.84,0.086
"2021-02-15 05:00:00",5968,12.83,99.68545,0.204,174.3,18.42,24.59,100,0,0,0.254,24.71,24.82,0.086
"2021-02-15 06:00:00",5969,12.86,99.71114,0.117,118.1,17.6,23.85,100,1.216,0.244,3.048,24.23,24.41,0.086
"2021-02-15 07:00:00",5970,12.85,99.75281,0.11,155.9,19.59,23.98,100,19.5,1.313,10.67,24.26,24.41,0.095
"2021-02-15 08:00:00",5971,12.87,99.77154,0.176,22.31,25.3,25.03,99.1,146.6,8.64,0,24.76,25.69,0.125
"2021-02-15 09:00:00",5972,13.25,99.77749,0.02,11.69,7.497,25.93,94.1,199.9,12.32,0.254,26.24,26.51,0.112
"2021-02-15 10:00:00",5973,13.74,99.76938,0.295,195.3,27.38,27.77,85.4,578.5,30.99,0,26.81,28.23,0.106
"2021-02-15 11:00:00",5974,14.02,99.7281,0.65,167.1,47.88,29.18,85.3,512.9,28.95,0,29.97,30.4,0.102
"2021-02-15 12:00:00",5975,14.06,99.66171,1.467,102.1,45.14,29.96,78.46,702.5,39.36,0,30.27,31.48,0.098
"2021-02-15 13:00:00",5976,14.14,99.59745,1.368,119.1,49.85,30.68,75.01,964,51.67,0,31.21,32.59,0.095
"2021-02-15 14:00:00",5977,14.12,99.57296,1.469,114.7,45.06,30.94,79.4,782,42.14,0,31.26,33.4,0.091
"2021-02-15 15:00:00",5978,14.14,99.55635,1.287,136.7,45.35,30.08,80.2,636.2,33.91,0,30.6,32.09,0.089
"2021-02-15 16:00:00",5979,14.04,99.55021,1.21,143.4,41.98,28.81,89,267.5,16.22,0,29.18,30.36,0.087
"2021-02-15 17:00:00",5980,13.7,99.58266,1.411,152.3,40.46,28.12,90.4,208.9,11.7,0,28.72,29.16,0.085
"2021-02-15 18:00:00",5981,12.99,99.63949,1.323,153.5,44.03,27.6,93.1,79.93,4.829,0,27.77,28.3,0.084
"2021-02-15 19:00:00",5982,12.98,99.80181,2.085,164.5,51.3,26.04,97.7,6.851,0.47,0.762,24.21,26.52,0.083
"2021-02-15 20:00:00",5983,12.95,99.85868,2.371,187.7,47.34,23.1,99.2,0.003,0,4.318,23,23.64,0.082
"2021-02-15 21:00:00",5984,12.94,99.91577,2.901,185.6,50.37,22.28,98.8,0.222,0,0.762,22.48,22.66,0.09
"2021-02-15 22:00:00",5985,12.9,99.94824,3.086,182.8,50.92,22.14,98.4,0.51,0,0.254,22.23,22.39,0.096
"2021-02-15 23:00:00",5986,12.92,99.9726,2.978,187.4,47.33,21.87,97.2,0.218,0,0.254,21.81,22.06,0.096
"2021-02-16 00:00:00",5987,12.87,100.0132,3.123,191.5,46.25,21.2,99.3,0,0,0.508,21.25,21.49,0.095
"2021-02-16 01:00:00",5988,12.83,100.0213,2.725,186.3,51.36,20.7,100,0,0,1.016,20.9,21.06,0.094
"2021-02-16 02:00:00",5989,12.87,100.07,2.745,188.2,51.78,20.38,100,0,0,3.556,20.49,20.76,0.094
"2021-02-16 03:00:00",5990,12.82,100.0213,2.63,190.3,47.76,20.2,100,0,0,4.064,20.36,20.52,0.104
"2021-02-16 04:00:00",5991,12.85,100.0862,2.803,191.4,51.03,19.9,99.9,0.05,0,0.762,19.96,20.24,0.114
"2021-02-16 05:00:00",5992,12.8,100.1349,2.866,186.6,49.3,19.63,98.6,0.122,0,0.508,19.81,19.89,0.109
"2021-02-16 06:00:00",5993,12.78,100.208,2.524,187.2,58.65,19.78,97.6,2.539,0.151,0,19.79,19.88,0.104
"2021-02-16 07:00:00",5994,12.77,100.2811,2.758,185.8,49.79,19.95,99.7,23.38,1.661,1.27,20,20.09,0.101
"2021-02-16 08:00:00",5995,12.83,100.3866,2.502,188.7,50.05,19.94,98.5,83.8,5.148,0.254,20.05,20.19,0.101
"2021-02-16 09:00:00",5996,13.01,100.3785,2.662,187.1,50.94,20.4,92.7,182.8,10.89,0.254,20.17,20.63,0.1
"2021-02-16 10:00:00",5997,13.57,100.3947,2.831,185.1,49.6,21.55,88.9,244.6,14.95,0,21.18,21.6,0.099
"2021-02-16 11:00:00",5998,13.84,100.4191,2.898,183.5,52.25,22.11,81.3,285.7,17.67,0,21.65,22.16,0.096
"2021-02-16 12:00:00",5999,14.12,100.4162,3.118,181,56.48,23.52,75.8,357.9,21.68,0,23.04,23.62,0.095
"2021-02-16 13:00:00",6000,14.2,100.3542,3.384,170.4,55.12,24.12,74.41,420.9,24.74,0,23.61,24.42,0.093
"2021-02-16 14:00:00",6001,14.08,100.3397,3.451,171.1,51.15,23.45,85.3,372.5,21.91,0,22.46,23.86,0.091
"2021-02-16 15:00:00",6002,14.21,100.3297,3.477,168.8,50.33,23.89,71.39,372.6,21.5,0,22.89,24.12,0.089
"2021-02-16 16:00:00",6003,14.09,100.3403,3.601,173,50.62,23.7,76.32,220.6,12.49,0,23.36,23.77,0.088
"2021-02-16 17:00:00",6004,13.52,100.3857,3.253,164.5,55.03,23.09,73.45,131.5,7.449,0,22.47,23.03,0.087
"2021-02-16 18:00:00",6005,13,100.4431,2.672,172.6,53.13,23.17,72.39,47.71,2.697,0,22.69,22.91,0.085
"2021-02-16 19:00:00",6006,12.96,100.5246,2.438,182,49.02,22.48,77.01,4.596,0.303,0,21.93,22.22,0.085
"2021-02-16 20:00:00",6007,12.94,100.6058,2.755,169.7,51.04,22.12,84.1,0,0,0,21.08,21.75,0.083
"2021-02-16 21:00:00",6008,12.92,100.5977,2.106,170.2,50.64,21.56,78.85,0,0,0,20.46,21.07,0.083
"2021-02-16 22:00:00",6009,12.88,100.6382,1.869,195,46.2,20.82,92.5,0,0,0,20.31,20.84,0.082
"2021-02-16 23:00:00",6010,12.86,100.6139,1.947,198.1,44.65,20.98,84.5,0,0,0,20.32,20.67,0.082
"2021-02-17 00:00:00",6011,12.87,100.5814,2.203,190,46.28,21.69,80.9,0,0,0,20.94,21.22,0.081
"2021-02-17 01:00:00",6012,12.87,100.5408,1.954,193.5,51.17,21.48,81.9,0,0,0,21.06,21.17,0.081
"2021-02-17 02:00:00",6013,12.88,100.4921,1.892,192,46.3,21.25,80.7,0,0,0,20.84,21.02,0.08
"2021-02-17 03:00:00",6014,12.82,100.4515,1.94,193.1,49.39,20.85,82,0,0,0,20.6,20.69,0.08
"2021-02-17 04:00:00",6015,12.85,100.4109,2.377,189.9,48.88,20.95,81.7,0,0,0,20.65,20.76,0.079
"2021-02-17 05:00:00",6016,12.78,100.4028,2.296,187.6,50.27,20.96,80.7,0,0,0,20.68,20.76,0.079
"2021-02-17 06:00:00",6017,12.76,100.4678,1.949,190.7,46.43,20.79,79.03,3.374,0.287,0,20.53,20.59,0.079
"2021-02-17 07:00:00",6018,12.81,100.5002,1.91,185.1,50.45,20.9,78.22,63.71,3.528,0,20.57,20.82,0.079
"2021-02-17 08:00:00",6019,13.14,100.5327,2.227,188.9,48.29,21.76,77.56,206.3,11.02,0,21.25,21.98,0.078
"2021-02-17 09:00:00",6020,13.63,100.5184,2.514,187.8,51.42,22.9,75.98,349.7,18.9,0,22.74,23.47,0.078
"2021-02-17 10:00:00",6021,14.16,100.4917,2.625,182.9,54.23,24.04,72.4,486.3,26.44,0,23.94,24.84,0.077
"2021-02-17 11:00:00",6022,14.2,100.4917,2.486,176.8,53.72,24.7,74.07,484.2,27.66,0,25.41,25.76,0.077
"2021-02-17 12:00:00",6023,14.24,100.4349,2.756,169.5,49.89,25.49,73.91,588.9,32.47,0,25.88,26.71,0.077
"2021-02-17 13:00:00",6024,14.24,100.3862,2.324,162.3,55.43,25.44,76.05,490.5,27.56,0,26.08,26.67,0.076
"2021-02-17 14:00:00",6025,14.24,100.3213,2.649,157.6,50.54,25.58,81.9,523,28.76,0,25.81,26.89,0.076
"2021-02-17 15:00:00",6026,14.17,100.2888,2.325,166,52.05,25.69,79.81,445.5,24.39,0,25.91,26.95,0.075
"2021-02-17 16:00:00",6027,14.18,100.2482,2.483,167.1,53.23,25.92,74.2,428.7,22.24,0,26.34,27.03,0.075
"2021-02-17 17:00:00",6028,14.03,100.2564,2.354,160.5,53.04,26.06,79.02,358.2,16.51,0,26.22,27.16,0.075
"2021-02-17 18:00:00",6029,13.06,100.2888,1.833,161.3,52.9,24.81,84.5,99.5,5.839,0,24.45,25.35,0.074
"2021-02-17 19:00:00",6030,12.94,100.3079,1.506,179.5,46.26,23.91,87.5,10.82,0.594,0,23.77,24.12,0.074
"2021-02-17 20:00:00",6031,12.96,100.3702,1.193,185.8,44.42,23.09,89,0,0,0,23.02,23.28,0.074
"2021-02-17 21:00:00",6032,12.95,100.4109,1.2,190.5,42.37,22.65,90.5,0,0,0,22.44,22.71,0.073
"2021-02-17 22:00:00",6033,12.91,100.4272,1.182,200,36.75,22.34,89.6,0,0,0,21.98,22.31,0.073
"2021-02-17 23:00:00",6034,12.93,100.3866,1.164,201.1,35.82,22.14,89.2,0,0,0,21.91,22.08,0.073
"2021-02-18 00:00:00",6035,12.92,100.3704,1.04,198.1,40.35,22.34,88.8,0,0,0,22.32,22.37,0.073
"2021-02-18 01:00:00",6036,12.91,100.3704,1.039,201.3,35.73,22.31,91.4,0,0,0,22.18,22.39,0.073
"2021-02-18 02:00:00",6037,12.9,100.3217,0.767,203.3,33.59,21.73,94.1,0,0,0,21.89,22,0.073
"2021-02-18 03:00:00",6038,12.83,100.2729,1.164,206.8,32.92,21.82,93.9,0,0,0,21.78,21.92,0.072
"2021-02-18 04:00:00",6039,12.86,100.2486,0.893,210.2,27.25,21.51,93.6,0,0,0,21.35,21.5,0.072
"2021-02-18 05:00:00",6040,12.85,100.2405,0.89,211.9,24.66,20.93,95.6,0,0,0,20.59,20.98,0.072
"2021-02-18 06:00:00",6041,12.82,100.2486,1.194,209.8,29.56,20.45,96,4.683,0.402,0,20.38,20.46,0.072
"2021-02-18 07:00:00",6042,12.82,100.2811,1.013,194.5,35.24,21.28,88.7,124.7,5.711,0,20.43,21.59,0.072
"2021-02-18 08:00:00",6043,13.42,100.297,1.494,194.9,38.5,24.58,81.6,383.9,16.67,0,23.74,24.82,0.071
"2021-02-18 09:00:00",6044,13.39,100.3108,1.669,176.9,49.79,27.18,75.06,638.4,29.2,0,25.93,27.35,0.071
"2021-02-18 10:00:00",6045,13.48,100.2762,1.364,156.8,48.35,29.13,69.34,822,39.76,0,29.01,30.38,0.071
"2021-02-18 11:00:00",6046,14,100.2765,1.433,143.9,52.63,30.33,69.82,1005,49.02,0,31.37,32.74,0.071
"2021-02-18 12:00:00",6047,14.03,100.2141,1.467,156.8,52.25,30.28,68.77,963,48.51,0,32.1,32.94,0.07
"2021-02-18 13:00:00",6048,13.95,100.1666,1.4,134.9,52.29,30.73,66.54,1018,50.44,0,33.17,33.86,0.07
"2021-02-18 14:00:00",6049,13.92,100.0776,1.32,151.8,50.57,30.96,67.87,907,45.19,0,33.44,34.18,0.069
"2021-02-18 15:00:00",6050,13.96,100.044,1.455,140.4,45.21,30.67,70.78,789,39.23,0,33.07,34.02,0.069
"2021-02-18 16:00:00",6051,13.95,100.0288,1.476,142,48.13,30.23,73.87,613.8,29.28,0,31.74,33.04,0.068
"2021-02-18 17:00:00",6052,13.88,100.0695,1.214,148.1,49.44,30.03,75.62,417.5,18.58,0,31.08,32.1,0.068
"2021-02-18 18:00:00",6053,13.01,100.094,1.068,144.6,41.44,28,88.3,142.5,6.687,0,27.56,28.94,0.067
"2021-02-18 19:00:00",6054,12.92,100.1346,0.679,158.5,32.35,26.22,93.7,7.821,0.634,0,26.26,26.91,0.067
"2021-02-18 20:00:00",6055,12.94,100.1954,0.199,179.8,22.73,25.15,97,0,0,0,25.57,25.91,0.067
"2021-02-18 21:00:00",6056,12.9,100.2611,0.522,153.4,25.16,25.1,97.4,0,0,0,25.41,25.5,0.067
"2021-02-18 22:00:00",6057,12.92,100.3017,0.479,156.5,29.03,25.31,97.5,0,0,0,25.39,25.45,0.067
"2021-02-18 23:00:00",6058,12.92,100.2683,0.35,173.8,25.62,25.43,96.9,0,0,0,25.37,25.57,0.066
"2021-02-19 00:00:00",6059,12.87,100.2895,0.606,170.2,32.8,26.02,95.9,0,0.001,0,25.74,25.94,0.066
"2021-02-19 01:00:00",6060,12.86,100.2485,0.786,165.6,41.93,26.26,96.5,0,0.003,0,26.08,26.18,0.066
"2021-02-19 02:00:00",6061,12.83,100.232,0.999,160.8,42.02,26.54,95.9,0,0.004,0,26.3,26.43,0.066
"2021-02-19 03:00:00",6062,12.82,100.2564,1.213,153.2,39.89,26.34,98.8,0,0.004,1.016,26.2,26.29,0.066
"2021-02-19 04:00:00",6063,12.82,100.2564,1.156,161.6,43.54,26.14,98.8,0,0.004,0,26.01,26.08,0.066
"2021-02-19 05:00:00",6064,12.8,100.2888,1.124,166.7,44.32,26.11,97.5,0.009,0.003,0,25.86,26.03,0.066
"2021-02-19 06:00:00",6065,12.8,100.3554,1.618,187.2,48.34,25.04,98.9,1.261,0.133,0,24.76,25.16,0.066
"2021-02-19 07:00:00",6066,12.77,100.4001,1.949,184.8,53.27,24.32,99.5,18.79,1.167,2.794,24.3,24.5,0.066
"2021-02-19 08:00:00",6067,12.82,100.4097,2.042,189.9,47.37,23.92,99.3,60.69,3.829,0.508,24.05,24.16,0.066
"2021-02-19 09:00:00",6068,13.05,100.4238,1.977,185.6,54.07,24.3,98.2,173.6,10.36,0,24.35,24.64,0.066
"2021-02-19 10:00:00",6069,13.36,100.4239,2.112,182.9,49.79,24.25,98.5,184.1,11.39,0.508,24.36,24.68,0.068
"2021-02-19 11:00:00",6070,13.46,100.4154,2.289,178.9,50.61,24.33,98.8,197.1,12.68,0.508,24.37,24.7,0.069
"2021-02-19 12:00:00",6071,13.69,100.2975,2.255,176.8,51.71,25,92,472.1,27.1,0.508,24.58,25.63,0.071
"2021-02-19 13:00:00",6072,13.81,100.2726,2.59,178.5,55.87,26.02,87.6,453.1,25.92,0,25.4,26.64,0.075
"2021-02-19 14:00:00",6073,13.92,100.2401,2.513,166.2,50.36,26.33,87.3,437.7,25.56,0,26.02,27.06,0.078
"2021-02-19 15:00:00",6074,13.96,100.1914,2.351,179.8,55.12,26.85,88.9,338.3,19.55,0,26.85,27.57,0.079
"2021-02-19 16:00:00",6075,13.96,100.159,2.192,167.4,56.53,26.09,89.5,209.9,12.47,0,25.7,26.46,0.079
"2021-02-19 17:00:00",6076,14.04,100.1427,2.24,175.2,54.22,27.02,84.4,362.4,17.35,0,26.4,27.4,0.079
"2021-02-19 18:00:00",6077,13.3,100.1752,2.377,171.2,51.84,26.87,86,134.8,5.535,0,26.53,26.84,0.079
"2021-02-19 19:00:00",6078,12.99,100.1752,1.903,175.1,50.18,26.1,90.1,15.07,0.446,0,25.39,25.92,0.079
"2021-02-19 20:00:00",6079,12.96,100.2257,1.586,171.7,47.3,25.5,90.1,0,0.001,0,25.05,25.22,0.079
"2021-02-19 21:00:00",6080,12.96,100.2327,1.313,175.1,48.89,25.45,89.5,0,0.001,0,25.02,25.15,0.079
"2021-02-19 22:00:00",6081,12.88,100.1678,1.425,190.7,47.84,25.46,91.5,0,0,0,24.97,25.15,0.078
"2021-02-19 23:00:00",6082,12.93,100.1349,1.593,195.7,41.12,25.05,92.9,0,0.001,0,24.77,24.86,0.078
"2021-02-20 00:00:00",6083,12.93,100.0954,1.449,194.6,45.24,24.72,95.1,0,0,0,24.48,24.63,0.078
"2021-02-20 01:00:00",6084,12.92,100.0632,1.482,191.7,45.13,24.86,95.2,0,0.001,0,24.6,24.74,0.078
"2021-02-20 02:00:00",6085,12.9,99.98946,1.515,194.2,45.94,24.62,98,0,0,0,24.4,24.63,0.077
"2021-02-20 03:00:00",6086,12.88,99.92159,1.405,193.1,47.21,24.21,99.3,0,0,0,24.23,24.31,0.077
"2021-02-20 04:00:00",6087,12.87,99.91276,1.336,193.1,44.68,24.08,99.6,0,0,0,24.16,24.19,0.077
"2021-02-20 05:00:00",6088,12.87,99.92915,1.229,193.8,46.32,23.96,99.7,0,0,0,24,24.09,0.077
"2021-02-20 06:00:00",6089,12.85,99.9719,1.336,195.7,43.75,23.79,100,4.947,0.271,0.762,23.9,23.95,0.077
"2021-02-20 07:00:00",6090,12.84,100.0006,1.705,203.5,40.28,23.86,99.5,90.8,4.44,0,23.89,24.12,0.077
"2021-02-20 08:00:00",6091,13.29,99.97229,1.792,192.2,44.46,25.29,93.4,346.9,15.79,0,24.35,25.64,0.079
"2021-02-20 09:00:00",6092,13.65,99.97109,1.987,189.4,48.77,27.43,88,593.4,28.39,0,26.72,27.8,0.079
"2021-02-20 10:00:00",6093,14.1,99.92776,1.798,187.7,51.22,28.92,82.5,604.8,30.68,0,29.25,29.78,0.079
"2021-02-20 11:00:00",6094,14.06,99.86153,2.16,172.3,48.15,30.18,78.84,726,38.98,0,30.63,31.39,0.079
"2021-02-20 12:00:00",6095,14.01,99.76512,2.33,163.2,57.25,31.14,72.78,971,50.5,0,31.26,32.5,0.079
"2021-02-20 13:00:00",6096,13.99,99.70284,2.218,165.3,54.5,31.77,67.83,994,52.06,0,32.54,33.43,0.078
"2021-02-20 14:00:00",6097,14.08,99.65348,2.089,156.8,51.64,31.71,72.9,804,42.58,0,32.04,33.48,0.077
"2021-02-20 15:00:00",6098,14.13,99.64555,1.898,157.1,52.24,31.08,72.8,661.9,34.54,0,32.19,32.93,0.076
"2021-02-20 16:00:00",6099,14.07,99.63879,1.952,150,49.98,30.64,74.02,575.1,28.48,0,31.46,32.38,0.076
"2021-02-20 17:00:00",6100,14.07,99.66378,1.504,171.2,51.56,30.73,77.06,442.5,19.69,0,31.15,32.19,0.075
"2021-02-20 18:00:00",6101,13.17,99.70442,1.285,163.3,50.06,29.15,85.8,179.6,7.727,0,28.46,29.71,0.074
"2021-02-20 19:00:00",6102,12.89,99.745,0.726,163.2,35.69,27.2,93.5,13.79,0.601,0,27,27.66,0.074
"2021-02-20 20:00:00",6103,12.9,99.77824,0.634,201,27.59,26.18,96.9,0,0.004,0,26.24,26.6,0.074
"2021-02-20 21:00:00",6104,12.93,99.86094,0.881,210.6,30.38,25.61,97.7,0,0.002,0,25.65,25.91,0.073
"2021-02-20 22:00:00",6105,12.87,99.90114,0.854,210.4,30.22,25.12,98.2,0,0.001,0,25.19,25.39,0.073
"2021-02-20 23:00:00",6106,12.92,99.95336,0.451,193.6,30.18,24.96,99.2,0,0,0,25.12,25.21,0.073
"2021-02-21 00:00:00",6107,12.83,99.99131,0.766,205,32.89,25.04,98.7,0,0,0,25.05,25.23,0.072
"2021-02-21 01:00:00",6108,12.85,99.94524,0.796,202.1,34.6,24.87,98.4,0,0,0,24.9,24.95,0.072
"2021-02-21 02:00:00",6109,12.88,99.90171,1.312,201,37.26,24.95,94.7,0,0,0,24.81,24.94,0.072
"2021-02-21 03:00:00",6110,12.87,99.93633,1.445,200.8,43.84,24.77,91.1,0,0,0,24.32,24.54,0.072
"2021-02-21 04:00:00",6111,12.85,99.96156,1.398,208,42.77,24.25,89.9,0,0,0,23.76,23.99,0.072
"2021-02-21 05:00:00",6112,12.79,100.0049,1.209,207.6,37.22,23.79,89.3,0,0,0,23.37,23.51,0.071
"2021-02-21 06:00:00",6113,12.8,100.07,0.985,202.9,42.32,23.42,89.1,4.105,0.34,0,23.04,23.17,0.071
"2021-02-21 07:00:00",6114,12.76,100.1306,1.045,189.3,43.83,24.01,83.9,105.9,4.875,0,23.12,23.99,0.071
"2021-02-21 08:00:00",6115,13.42,100.1671,1.279,193.7,45.4,25.93,77.79,361.1,15.93,0,25.07,26.18,0.071
"2021-02-21 09:00:00",6116,13.5,100.2042,1.428,179.6,47.52,27.97,71.79,610,28.32,0,27.46,28.65,0.071
"2021-02-21 10:00:00",6117,13.65,100.1902,1.349,181.3,46.22,29.33,69.17,769.5,37.68,0,29.99,30.87,0.07
"2021-02-21 11:00:00",6118,13.98,100.1558,1.528,178.1,50.61,30.23,67.85,854,43.46,0,31.55,32.36,0.07
"2021-02-21 12:00:00",6119,14.09,100.092,1.425,166.9,52.98,31.51,61.37,1039,51.63,0,32.57,33.64,0.07
"2021-02-21 13:00:00",6120,14.03,100.1014,1.189,151.6,52.21,31.81,64.42,882,45.18,0,33.62,34.2,0.069
"2021-02-21 14:00:00",6121,14.07,100.1098,1.657,114.6,52.21,31.2,74.6,857,42.6,0,32.86,34.52,0.068
"2021-02-21 15:00:00",6122,14.09,100.1257,1.815,129.6,50.04,29.9,74.34,742.6,36.98,0,32.28,33.01,0.068
"2021-02-21 16:00:00",6123,14.01,100.167,1.865,133,51.97,29.48,77.31,596,28.17,0,31.52,32.22,0.067
"2021-02-21 17:00:00",6124,13.82,100.2401,1.562,134.4,52.92,28.52,78.11,319.5,15.38,0,29.48,30.48,0.066
"2021-02-21 18:00:00",6125,12.97,100.3375,1.037,144.3,41.32,27.14,78.83,77.95,3.897,0,27.46,28.3,0.066
"2021-02-21 19:00:00",6126,12.89,100.4592,0.831,153.8,30.86,26.05,83.6,6.989,0.428,0,26.24,26.78,0.066
"2021-02-21 20:00:00",6127,12.94,100.6216,0.717,148.2,35.75,26.18,83.9,0,0.001,0,26.37,26.63,0.066
"2021-02-21 21:00:00",6128,12.87,100.719,0.859,153.5,33.03,26.05,85.4,0,0.001,0,26.01,26.42,0.066
"2021-02-21 22:00:00",6129,12.92,100.8086,1.025,160.8,46.75,26.1,83,0,0.001,0,26.08,26.2,0.065
"2021-02-21 23:00:00",6130,12.88,100.8894,1.028,151.4,40.64,25.97,78.71,0,0.002,0,25.92,26.06,0.065
"2021-02-22 00:00:00",6131,12.84,100.8908,1.087,149.8,42.69,25.75,78.22,0,0.001,0,25.43,25.74,0.065
"2021-02-22 01:00:00",6132,12.83,100.9084,0.972,147.8,42.78,25.39,80.5,0,0,0,24.98,25.23,0.065
"2021-02-22 02:00:00",6133,12.83,101.0033,0.692,152.1,37.35,25.4,81,0,0,0,24.99,25.33,0.065
"2021-02-22 03:00:00",6134,12.8,101.02,0.595,146.7,36.19,25.35,81.8,0,0,0,25.29,25.35,0.065
"2021-02-22 04:00:00",6135,12.81,101.0767,0.537,151.5,27.75,25.09,84.1,0,0,0,24.88,25.1,0.065
"2021-02-22 05:00:00",6136,12.79,101.1624,0.524,204.3,26.35,24.27,93.3,0,0,0,24.17,24.67,0.065
"2021-02-22 06:00:00",6137,12.8,101.1973,0.729,193.6,32.56,23.11,96.6,5.135,0.203,0,23.65,23.89,0.064
"2021-02-22 07:00:00",6138,12.8,101.2384,1.158,201.3,32.98,22.96,96.3,25.87,1.5,0,23.62,23.69,0.064
"2021-02-22 08:00:00",6139,12.8,101.247,1.058,190.8,37.98,22.76,98.4,106.2,6.081,0.254,23.44,23.75,0.064
"2021-02-22 09:00:00",6140,13.36,101.3027,1.155,193.9,40.12,22.75,97.9,222.8,12.63,0.508,23.34,23.96,0.064
"2021-02-22 10:00:00",6141,13.63,101.3278,1.435,199.5,41.35,23.77,97.5,326.3,18.3,0,24.24,25.13,0.064
"2021-02-22 11:00:00",6142,13.84,101.3333,1.078,193.3,38.83,23.32,97.1,258.4,15.58,0.254,24.18,24.61,0.064
"2021-02-22 12:00:00",6143,14.2,101.3196,1.403,194,40.91,24.12,93.3,396.7,24.01,0,25.33,25.67,0.064
"2021-02-22 13:00:00",6144,14.21,101.279,1.388,189.6,42.53,25.32,89,525.3,30.36,0,25.89,27.03,0.064
"2021-02-22 14:00:00",6145,14.2,101.2222,1.33,186.7,46.3,25.98,86.5,528.4,28.94,0,27.65,28.25,0.063
"2021-02-22 15:00:00",6146,14.2,101.1734,1.049,181.4,44.17,26.38,85.5,440.8,24.06,0,28.18,28.55,0.063
"2021-02-22 16:00:00",6147,14.16,101.1491,1.102,180.7,45.48,26.14,87.5,341.3,19.4,0,27.65,28.26,0.063
"2021-02-22 17:00:00",6148,13.95,101.1654,0.664,157.2,36.54,25.97,86.8,212.5,12.6,0,27.21,27.55,0.063
"2021-02-22 18:00:00",6149,13,101.1897,0.453,159,27.39,25.22,91.7,72.37,4.403,0,25.69,26.52,0.063
"2021-02-22 19:00:00",6150,12.93,101.2222,0.547,92.3,37.28,24.07,97.9,3.468,0.291,0.254,24.64,25.35,0.062
"2021-02-22 20:00:00",6151,12.89,101.2871,0.23,81.8,13.29,22.95,99.4,0,0,0.508,24.33,24.46,0.062
"2021-02-22 21:00:00",6152,12.91,101.3039,0.008,239.5,0.71,22.92,99.7,0,0,0,24.19,24.3,0.062
"2021-02-22 22:00:00",6153,12.9,101.3039,0,0,0,22.99,99.7,0,0,0,24.18,24.29,0.062
"2021-02-22 23:00:00",6154,12.9,101.2875,0.029,268.8,11.32,23.19,99.7,0,0,0,24.14,24.36,0.062
"2021-02-23 00:00:00",6155,12.91,101.2622,0.105,261.9,13.82,23.13,99.9,0,0,0,23.96,24.08,0.062
"2021-02-23 01:00:00",6156,12.87,101.2381,0.182,355.2,32.1,23.13,100,0,0,0,24,24.11,0.062
"2021-02-23 02:00:00",6157,12.89,101.1899,0.015,233.9,6.583,23.08,100,0,0,0.254,23.96,24.07,0.062
"2021-02-23 03:00:00",6158,12.87,101.1739,0.043,249.2,8.89,22.95,100,0,0,0,23.7,23.89,0.062
"2021-02-23 04:00:00",6159,12.84,101.1334,0,0,0,22.51,100,0,0,0,22.91,23.48,0.062
"2021-02-23 05:00:00",6160,12.83,101.1172,0.005,301.5,1.615,22.01,100,0,0,0,22.38,22.59,0.062
"2021-02-23 06:00:00",6161,12.81,101.1334,0.019,307.9,5.813,21.82,100,4.767,0.323,0,22.24,22.35,0.062
"2021-02-23 07:00:00",6162,12.81,101.1655,0.402,334.9,21.48,22.81,99.2,128.3,5.259,0,22.52,23.51,0.062
"2021-02-23 08:00:00",6163,13.41,101.1654,0.999,342.1,32.11,25.34,86.6,363.9,15.72,0,24.55,25.51,0.062
"2021-02-23 09:00:00",6164,13.43,101.1384,1.678,340,37.39,27.25,77.91,601.3,27.19,0,26.21,27.7,0.062
"2021-02-23 10:00:00",6165,13.72,101.1059,1.957,345.6,39.07,28.55,69.35,793.5,37.38,0,29.35,30.47,0.062
"2021-02-23 11:00:00",6166,13.92,101.04,1.872,352.2,40.12,29.47,69.65,822,42.23,0,32.03,32.72,0.061
"2021-02-23 12:00:00",6167,13.99,100.9424,1.993,351.7,36.86,30.26,65.73,961,47.89,0,32.03,33.61,0.061
"2021-02-23 13:00:00",6168,14.01,100.8391,2.136,3.687,37.82,31,58.24,984,49.16,0,34.26,35.14,0.06
"2021-02-23 14:00:00",6169,14.12,100.7486,2.706,29.86,28.39,30.66,69.75,953,46.83,0,34.91,35.73,0.06
"2021-02-23 15:00:00",6170,14.05,100.6773,2.871,35.98,26.88,30.26,68.63,791.1,38.29,0,34.16,34.77,0.059
"2021-02-23 16:00:00",6171,14.22,100.6291,3.122,35.62,26.27,29.63,70,603.5,27.78,0,31.92,33.39,0.059
"2021-02-23 17:00:00",6172,13.96,100.5885,3.164,30.21,27.08,28.59,70.79,374.6,16.07,0,29.8,31.01,0.058
"2021-02-23 18:00:00",6173,12.98,100.5972,2.718,28.81,25.48,27.18,81.4,119.2,5.851,0,26.8,27.91,0.058
"2021-02-23 19:00:00",6174,12.9,100.6703,2.207,25.15,26.05,25.83,87.3,5.168,0.495,0,25.74,26.24,0.058
"2021-02-23 20:00:00",6175,12.94,100.7613,0.947,25.4,20.57,24.99,90.8,0,0,0,25.25,25.53,0.058
"2021-02-23 21:00:00",6176,12.87,100.7976,0.661,23.07,18.78,24.35,92.3,0,0,0,24.75,24.9,0.058
"2021-02-23 22:00:00",6177,12.92,100.8484,0.053,25.53,4.44,23.85,96.4,0,0,0,24.27,24.63,0.058
"2021-02-23 23:00:00",6178,12.9,100.8484,0,0,0,23.65,97.8,0,0,0,24.23,24.64,0.058
"2021-02-24 00:00:00",6179,12.89,100.8233,0.012,277.4,1.134,23.86,96.9,0,0,0,24.72,24.9,0.057
"2021-02-24 01:00:00",6180,12.83,100.7496,0,0,0,23.64,97.2,0.008,0,0,24.54,24.69,0.057
"2021-02-24 02:00:00",6181,12.83,100.6692,0.131,15.61,18.75,23.67,98.1,0,0,0,24.37,24.61,0.057
"2021-02-24 03:00:00",6182,12.84,100.5971,0.245,2.428,15.63,23.38,98.4,0,0,0,23.93,24.12,0.057
"2021-02-24 04:00:00",6183,12.84,100.6058,0.177,0.539,16.89,23.34,98.6,0,0,0,23.88,23.97,0.057
"2021-02-24 05:00:00",6184,12.8,100.6054,0.13,326,11.1,23.43,98.6,0,0,0,24,24.16,0.057
"2021-02-24 06:00:00",6185,12.77,100.644,0.061,298.2,7.176,23.63,98.2,1.175,0.101,0,24.21,24.38,0.057
"2021-02-24 07:00:00",6186,12.79,100.7298,0.034,256.8,12.37,23.93,98,14.3,0.872,0,24.44,24.59,0.057
"2021-02-24 08:00:00",6187,12.79,100.7203,0.185,319,18.13,24.32,98.6,84.6,5.286,0.254,24.72,25.31,0.057
"2021-02-24 09:00:00",6188,13.37,100.719,1.136,317,30.07,25.97,86.9,329.9,17.29,0,25.88,26.93,0.057
"2021-02-24 10:00:00",6189,13.91,100.7162,1.207,312.9,35.62,28.01,76.89,574,30.02,0,27.74,29.38,0.057
"2021-02-24 11:00:00",6190,14.04,100.6895,1.058,217.4,53.1,29.67,77.63,665.3,33.63,0,30.88,31.71,0.057
"2021-02-24 12:00:00",6191,14.14,100.6424,1.426,173.3,48.47,29.58,76,725.2,39.15,0,30.68,31.83,0.056
"2021-02-24 13:00:00",6192,14.03,100.6125,1.185,189,46.86,28.21,89.9,316.4,18.44,0,28.88,30.22,0.056
"2021-02-24 14:00:00",6193,13.96,100.5161,0.455,142.4,35.88,27.04,81.8,351.7,19.19,0.254,28.13,28.89,0.056
"2021-02-24 15:00:00",6194,14.14,100.4574,1.149,141.7,45.8,28.75,77.46,511.2,27.26,0,29.64,30.3,0.056
"2021-02-24 16:00:00",6195,13.88,100.4422,0.851,142.4,42.59,29.26,80.4,379.5,20.8,0,30,30.85,0.055
"2021-02-24 17:00:00",6196,13.29,100.4349,0.39,137.1,29.55,27.99,86.3,142,9.34,0,28.12,29.42,0.055
"2021-02-24 18:00:00",6197,12.98,100.4268,0.44,152.7,24.43,26.6,91.5,66.93,4.102,0,26.8,27.57,0.055
"2021-02-24 19:00:00",6198,12.94,100.4836,0.087,174.7,16.69,25.49,95.2,2.395,0.243,0,26.14,26.52,0.055
"2021-02-24 20:00:00",6199,12.94,100.5242,0.076,200.7,9.51,24.9,96.1,0,0,0,25.53,25.92,0.055
"2021-02-24 21:00:00",6200,12.89,100.5654,0.163,186.9,15.74,24.64,97.5,0,0,0,25.15,25.38,0.055
"2021-02-24 22:00:00",6201,12.91,100.6064,0.18,210.8,19.77,24.41,97.9,0,0,0,25.01,25.1,0.055
"2021-02-24 23:00:00",6202,12.91,100.5674,0.242,221.8,17.01,24.27,97.7,0,0,0,24.89,24.97,0.055
"2021-02-25 00:00:00",6203,12.9,100.536,0.135,214.3,13.01,24.17,98.5,0,0,0,24.68,24.88,0.054
"2021-02-25 01:00:00",6204,12.89,100.4715,0.418,216.9,21.09,24.09,99,0,0,0,24.53,24.64,0.054
"2021-02-25 02:00:00",6205,12.88,100.4223,0.354,217.2,16.99,23.91,99.6,0,0,0,24.3,24.45,0.054
"2021-02-25 03:00:00",6206,12.87,100.3423,0.407,224,20.3,23.7,100,0,0,0,24.12,24.24,0.054
"2021-02-25 04:00:00",6207,12.86,100.3525,0.33,225.3,22.11,23.57,100,0,0,0,24.1,24.15,0.054
"2021-02-25 05:00:00",6208,12.84,100.3037,0.358,211.4,19.68,23.48,100,0,0,0,23.91,24.03,0.054
"2021-02-25 06:00:00",6209,12.82,100.3594,0.007,214.9,2.989,23.37,100,1.145,0.146,0,23.93,24.07,0.054
"2021-02-25 07:00:00",6210,12.81,100.3737,0.015,274.2,5.145,23.68,100,40.03,2.142,0,24.18,24.56,0.054
"2021-02-25 08:00:00",6211,12.94,100.3624,0.382,236,25.7,24.8,92,179.7,9.46,0,24.98,25.66,0.054
"2021-02-25 09:00:00",6212,13.42,100.3772,0.648,218.7,36.83,26.94,89.2,258.6,14,0,27.23,27.86,0.054
"2021-02-25 10:00:00",6213,13.26,100.4755,1.24,234.6,40.27,26.16,95,235.7,14.5,0.508,22.59,27.24,0.054
"2021-02-25 11:00:00",6214,13.19,100.4677,2.446,200.1,49.04,19.52,99,141.1,9.81,5.588,20.23,20.58,0.054
"2021-02-25 12:00:00",6215,13.87,100.4109,2.13,197.8,42.22,19.74,97,196.9,13.02,0.254,20.45,20.65,0.055
"2021-02-25 13:00:00",6216,14.1,100.2486,1.083,176.6,44.51,21.76,91.1,294.4,17.66,0,21.16,22.62,0.06
"2021-02-25 14:00:00",6217,14.13,100.2969,1.433,203.3,47.24,24.59,86.4,557,30.25,0,23.65,26,0.063
"2021-02-25 15:00:00",6218,13.93,100.2564,1.151,222.8,36.96,23.69,91.8,203.6,12.71,0,24.47,25.03,0.065
"2021-02-25 16:00:00",6219,14.01,100.2158,1.017,173.2,48.06,24.8,87.9,326.1,17.41,0,24.72,26.01,0.065
"2021-02-25 17:00:00",6220,13.98,100.2142,1.207,160.8,45.95,26.41,78.31,397.7,16.68,0,26.38,27.65,0.066
"2021-02-25 18:00:00",6221,12.98,100.2239,0.832,155.8,34.8,24.73,90.1,95.4,5.542,0,23.91,24.93,0.067
"2021-02-25 19:00:00",6222,12.96,100.313,0.438,212.3,21.89,22.45,95.7,2.39,0.424,0,22.57,23.11,0.067
"2021-02-25 20:00:00",6223,12.9,100.3704,0.359,193.9,20.29,21.79,97,0,0,0,22.08,22.32,0.068
"2021-02-25 21:00:00",6224,12.87,100.4109,0.543,183.4,38.76,21.44,96.2,0,0,0,21.56,21.78,0.068
"2021-02-25 22:00:00",6225,12.9,100.4434,0.539,200.3,26.29,21.22,96.8,0,0,0,21.44,21.5,0.068
"2021-02-25 23:00:00",6226,12.91,100.4515,0.49,213,24.01,21.16,96,0,0,0,21.2,21.34,0.068
"2021-02-26 00:00:00",6227,12.86,100.5002,0.187,231,14.87,20.68,95.2,0,0,0,20.82,21.02,0.068
"2021-02-26 01:00:00",6228,12.82,100.4759,0.816,217.6,26.78,20.62,93.6,0,0,0,20.54,20.63,0.068
"2021-02-26 02:00:00",6229,12.82,100.4597,0.926,215.7,27.06,20.51,93.8,0,0,0,20.56,20.62,0.068
"2021-02-26 03:00:00",6230,12.85,100.5165,0.928,207.5,27.86,20.69,93.9,0,0,0,20.58,20.78,0.068
"2021-02-26 04:00:00",6231,12.82,100.5084,0.773,208,27.86,20.81,93.9,0,0,0,20.93,21,0.068
"2021-02-26 05:00:00",6232,12.81,100.5571,0.882,207.9,30.16,21.06,95,0,0,0,21.06,21.18,0.068
"2021-02-26 06:00:00",6233,12.79,100.5814,0.496,213.5,24.14,20.55,98,0.702,0.2,0.254,20.72,20.99,0.068
"2021-02-26 07:00:00",6234,12.74,100.6301,0.545,193.6,27.85,20.69,95,85.6,3.784,0,20.72,21.18,0.068
"2021-02-26 08:00:00",6235,13.38,100.703,1.141,194.5,41.98,23.11,87.3,314,14.9,0,22.42,23.28,0.068
"2021-02-26 09:00:00",6236,13.48,100.7629,1.589,178.3,49.15,25.74,78.38,610.2,28.63,0,24.68,26.17,0.069
"2021-02-26 10:00:00",6237,13.88,100.7469,1.596,176.3,49.92,26.91,74.43,610.4,32.7,0,26.66,27.88,0.069
"2021-02-26 11:00:00",6238,13.98,100.781,1.583,165.4,58.58,26.8,80.3,446.2,25.7,0,26.94,28.1,0.069
"2021-02-26 12:00:00",6239,14.2,100.7318,1.639,124.5,47.67,27.06,73.59,803,43.63,0,27.28,29.6,0.069
"2021-02-26 13:00:00",6240,14.2,100.7169,1.425,130.1,49.11,27.2,71.52,497.4,29.21,0,28.29,29.28,0.068
"2021-02-26 14:00:00",6241,14.22,100.685,1.665,132.9,48.79,27.06,70.13,462.4,26.46,0,28.12,28.67,0.068
"2021-02-26 15:00:00",6242,14.21,100.6445,1.805,148.1,41.42,27.08,75.02,464.1,25.18,0,28.04,28.69,0.067
"2021-02-26 16:00:00",6243,14.09,100.6459,1.636,151.3,44.1,26,80.4,283.6,16.41,0,26.61,27.29,0.067
"2021-02-26 17:00:00",6244,13.32,100.6945,1.707,156.7,50.6,24.99,84.6,260.7,11.79,0,24.93,26.51,0.066
"2021-02-26 18:00:00",6245,12.92,100.7108,0.951,156.9,43.65,23.56,87.8,41.48,2.58,0,24.09,24.49,0.066
"2021-02-26 19:00:00",6246,12.94,100.7426,0.797,156.9,40.37,22.67,91.9,4.196,0.344,0,22.92,23.39,0.066
"2021-02-26 20:00:00",6247,12.95,100.8409,0.543,176.6,34.27,22.04,97.5,0,0,0.508,22.38,22.89,0.066
"2021-02-26 21:00:00",6248,12.92,100.9224,0.135,172.1,15.89,21.34,98.7,0,0,0,22.34,22.52,0.066
"2021-02-26 22:00:00",6249,12.88,100.9305,0.389,204.2,24.16,21.27,98.8,0,0,0,22.09,22.31,0.066
"2021-02-26 23:00:00",6250,12.88,100.9792,0.483,206,21.11,21.14,98.9,0,0,0,21.81,21.99,0.066
"2021-02-27 00:00:00",6251,12.9,100.963,0.629,206.9,27.33,21.04,98.5,0,0,0,21.56,21.72,0.065
"2021-02-27 01:00:00",6252,12.88,100.9467,0.662,194.8,31.24,20.79,97.6,0,0,0,21.18,21.37,0.065
"2021-02-27 02:00:00",6253,12.81,100.9142,0.581,204.4,25.98,20.56,97.8,0,0,0,20.94,21.08,0.065
"2021-02-27 03:00:00",6254,12.83,100.9305,0.621,204,25.84,20.34,96,0,0,0,20.67,20.85,0.065
"2021-02-27 04:00:00",6255,12.79,100.898,0.81,207.7,28.94,20.06,95.4,0,0,0,19.95,20.4,0.065
"2021-02-27 05:00:00",6256,12.8,100.9224,0.782,205.4,26.73,19.41,96.4,0,0,0,19.62,19.75,0.065
"2021-02-27 06:00:00",6257,12.77,100.963,0.889,212.2,27.42,19.07,96.7,3.467,0.266,0,19.22,19.41,0.065
"2021-02-27 07:00:00",6258,12.76,101.036,1.021,213.1,26.47,19.84,90.4,117.3,5.165,0,19.25,20.18,0.065
"2021-02-27 08:00:00",6259,13.27,101.0611,1.124,199,38.22,22.15,81.2,325.9,15.21,0,21.43,22.39,0.065
"2021-02-27 09:00:00",6260,13.3,101.0807,1.352,172.9,45.92,24.84,72.29,566.3,27.11,0,24.16,25.34,0.065
"2021-02-27 10:00:00",6261,13.53,101.1196,1.426,169.6,47.81,26.31,73.86,633.5,32.1,0,26.75,27.59,0.065
"2021-02-27 11:00:00",6262,14.01,101.0706,1.485,152,52.04,27.71,59.34,925,45.43,0,27.5,29.8,0.064
"2021-02-27 12:00:00",6263,13.97,101.0368,1.588,139.5,49.5,28.53,58.59,1065,52.69,0,30.58,31.47,0.064
"2021-02-27 13:00:00",6264,14.02,100.9922,1.534,132.6,50.19,28.17,66.2,798.5,42.17,0,29.49,31.25,0.063
"2021-02-27 14:00:00",6265,14.1,100.9529,1.382,120.4,49.55,27.53,62.29,620.3,33.49,0,29.2,30.3,0.063
"2021-02-27 15:00:00",6266,14.18,100.9081,1.556,132.1,47.21,28.38,61.2,831,40.44,0,30.57,31.65,0.062
"2021-02-27 16:00:00",6267,14.02,100.9007,1.72,128.2,50.26,27.72,65,630.8,29.26,0,29.8,30.77,0.062
"2021-02-27 17:00:00",6268,13.63,100.9192,1.53,131.1,48.82,26.99,66.98,383.2,16.77,0,27.67,29.1,0.061
"2021-02-27 18:00:00",6269,12.98,100.9706,0.927,136.1,42.66,25.31,76.05,112,5.731,0,24.47,25.45,0.061
"2021-02-27 19:00:00",6270,12.94,101.0426,0.106,176.6,11.27,22.33,86.4,2.734,0.396,0,22.19,23.37,0.061
"2021-02-27 20:00:00",6271,12.92,101.0928,0.005,211.3,1.551,20.62,90.1,0,0,0,21.45,21.78,0.061
"2021-02-27 21:00:00",6272,12.92,101.1334,0.018,218.6,3.151,20.46,89.2,0,0,0,21.2,21.41,0.06
"2021-02-27 22:00:00",6273,12.91,101.1578,0.215,219.8,12.4,20.98,87,0,0,0,21.13,21.38,0.06
"2021-02-27 23:00:00",6274,12.9,101.1578,0.436,218.5,21.38,20.42,91.4,0,0,0,20.45,20.79,0.06
"2021-02-28 00:00:00",6275,12.81,101.1172,0.79,202.9,26.14,19.92,93.4,0,0,0,19.86,20.2,0.06
"2021-02-28 01:00:00",6276,12.86,101.1253,0.858,206.2,26.91,19.45,93.2,0,0,0,19.68,19.76,0.06
"2021-02-28 02:00:00",6277,12.77,101.1253,0.886,202,26.79,19.19,93.9,0,0,0,19.37,19.54,0.06
"2021-02-28 03:00:00",6278,12.83,101.0604,0.722,194,26.35,19.02,96.2,0,0,0,19.22,19.46,0.06
"2021-02-28 04:00:00",6279,12.77,101.0685,0.851,210.1,31.78,18.84,95.7,0,0,0,19.09,19.18,0.06
"2021-02-28 05:00:00",6280,12.72,101.0847,0.813,210.4,27.97,18.75,96.7,0,0,0,19.04,19.09,0.06
"2021-02-28 06:00:00",6281,12.75,101.1334,0.795,213,27.29,18.53,96.4,1.568,0.203,0,18.78,18.9,0.06
"2021-02-28 07:00:00",6282,12.77,101.1821,0.804,204.5,26.19,19.23,92.5,57.24,3.212,0,18.95,19.54,0.059
"2021-02-28 08:00:00",6283,13.22,101.2146,1.015,199.2,32.28,21.18,84.9,219.6,11.38,0,20.55,21.64,0.059
"2021-02-28 09:00:00",6284,13.69,101.2791,1.058,181,43.09,23.85,77.52,409.9,21.09,0,23.16,24.68,0.059
"2021-02-28 10:00:00",6285,14.21,101.2678,1.428,178.2,46.47,26.66,62.04,736.1,35.58,0,26.34,28.21,0.059
"2021-02-28 11:00:00",6286,14.19,101.2673,1.517,148.6,45.98,26.95,64.43,570,31.03,0,27.94,28.82,0.059
"2021-02-28 12:00:00",6287,14.27,101.2518,1.464,141.9,50.23,27.31,60.91,654.5,35.89,0,28.48,29.4,0.058
"2021-02-28 13:00:00",6288,14.27,101.203,1.639,146.9,52.28,27.28,66.17,660.7,35.7,0,29.18,29.73,0.058
"2021-02-28 14:00:00",6289,14.24,101.205,1.556,136.6,47.41,26.32,72.99,458.9,25.96,0,26.8,28.76,0.057
"2021-02-28 15:00:00",6290,14.23,101.1734,1.15,141.7,42.83,25.48,69.58,402.1,22.72,0,26.4,27.47,0.057
"2021-02-28 16:00:00",6291,14.25,101.2057,1.225,134.6,52.49,25.9,69.7,359.5,19.17,0,27.6,27.89,0.057
"2021-02-28 17:00:00",6292,13.98,101.2384,0.713,144.5,38.86,25.04,74.54,176.3,9.85,0,25.59,26.67,0.056
"2021-02-28 18:00:00",6293,13.04,101.1897,0.292,158.8,15.71,23.46,80.1,54.32,3.08,0,23.86,24.73,0.056
"2021-02-28 19:00:00",6294,12.97,101.2469,0.07,177.3,7.767,21.71,86.4,3.032,0.284,0,22.18,22.92,0.056
"2021-02-28 20:00:00",6295,12.96,101.3039,0.042,210,8.87,20.91,87.7,0,0,0,21.3,21.76,0.056
"2021-02-28 21:00:00",6296,12.95,101.3445,0.091,217.7,10.55,20.46,90,0,0,0,20.44,20.86,0.056
"2021-02-28 22:00:00",6297,12.94,101.3526,0.139,220.8,11.44,20.29,92.7,0.014,0,0,20.28,20.64,0.056
"2021-02-28 23:00:00",6298,12.93,101.3607,0.371,211.2,22.29,20.08,91.8,0,0,0,20.6,20.89,0.055
"2021-03-01 00:00:00",6299,12.93,101.312,0.39,192.4,35.13,20.18,97.7,0.036,0,1.016,20.47,20.9,0.056
"2021-03-01 01:00:00",6300,12.9,101.2714,0.966,212.3,27.47,19.74,96.8,0.089,0,0,20.09,20.36,0.056
"2021-03-01 02:00:00",6301,12.88,101.2552,1.184,208.9,29.53,19.64,97.8,0,0,0,20.02,20.14,0.055
"2021-03-01 03:00:00",6302,12.87,101.2471,1.107,200.9,30.91,19.47,97.3,0.118,0,0,19.86,19.95,0.055
"2021-03-01 04:00:00",6303,12.86,101.2552,1.11,199.7,31.35,19.54,95.9,0.205,0,0,19.79,19.94,0.055
"2021-03-01 05:00:00",6304,12.85,101.2633,0.889,206.2,31.59,19.24,98,0,0,1.778,19.52,19.71,0.055
"2021-03-01 06:00:00",6305,12.8,101.2795,0.697,196.8,29.38,18.75,98.3,2.683,0.243,0,19.11,19.24,0.055
"2021-03-01 07:00:00",6306,12.81,101.3282,1.045,200.2,32.03,19.2,97.3,91.7,4.317,0,19.09,19.6,0.055
"2021-03-01 08:00:00",6307,13.25,101.3364,1.14,202.2,37.99,20.81,94.7,162.5,11.5,0,20.7,21.09,0.055
"2021-03-01 09:00:00",6308,13.58,101.3765,1.279,188.9,42.73,23.34,87.1,490.7,24.52,0,22.13,24.03,0.055
"2021-03-01 10:00:00",6309,14.19,101.3753,1.254,183.1,46.88,25.01,77.43,529.2,28.75,0,25.24,26.22,0.055
"2021-03-01 11:00:00",6310,14.15,101.3261,1.306,168.2,46.82,25.81,79.15,501.9,27.18,0,26.16,27.42,0.055
"2021-03-01 12:00:00",6311,14.18,101.3142,1.442,143.3,49.43,26.96,71.22,765.3,39.6,0,27.71,29.18,0.055
"2021-03-01 13:00:00",6312,14.22,101.2822,1.371,152.2,45.5,27.45,72.14,799.5,42.77,0,29.27,29.92,0.054
"2021-03-01 14:00:00",6313,14.12,101.2306,1.558,138.4,52.31,28.72,73.36,979,49.1,0,30.32,32.39,0.054
"2021-03-01 15:00:00",6314,14.06,101.185,1.326,134.5,44.15,27.74,69.95,627,32.98,0,29.7,30.62,0.054
"2021-03-01 16:00:00",6315,13.93,101.2115,1.451,131.9,51.13,27.38,85,496.5,24.24,0,28.07,30.03,0.053
"2021-03-01 17:00:00",6316,13.59,101.2141,0.512,148.8,32.06,24.14,85.8,173,9.78,1.016,25.32,25.93,0.053
"2021-03-01 18:00:00",6317,13.1,101.2312,0.556,116.9,36.36,24.29,89.5,69.49,4.045,0,24.5,25.16,0.053
"2021-03-01 19:00:00",6318,12.95,101.2839,0.242,155.6,24.15,22.85,93.9,2.032,0.319,0,23.31,23.63,0.053
"2021-03-01 20:00:00",6319,12.94,101.3118,0.083,153.4,13.69,22.19,93.6,0,0,0,22.91,23.12,0.053
"2021-03-01 21:00:00",6320,12.91,101.3526,0.795,78.17,33.33,22.26,95.8,0.013,0,0.762,22.69,22.91,0.053
"2021-03-01 22:00:00",6321,12.92,101.3524,0.131,146.2,19.65,21.75,98,0,0,0,22.59,22.75,0.053
"2021-03-01 23:00:00",6322,12.91,101.3688,0.6,36.83,20.25,21.72,97.7,0,0,0.508,22.35,22.81,0.053
"2021-03-02 00:00:00",6323,12.9,101.2877,0.615,141.4,64.51,20.95,98.8,0,0,0.254,21.72,22.01,0.053
"2021-03-02 01:00:00",6324,12.86,101.2227,0.6,217.2,33.83,20.78,98.3,0.123,0,0,21.43,21.67,0.053
"2021-03-02 02:00:00",6325,12.84,101.1821,0.286,212.6,24.68,20.7,97.6,0,0,0.508,21.39,21.62,0.053
"2021-03-02 03:00:00",6326,12.8,101.1497,0.583,226.7,40.36,20.36,98.8,0,0,0,20.88,21.1,0.053
"2021-03-02 04:00:00",6327,12.81,101.1172,0.118,266.1,21.14,20.34,99.3,0,0,0,21.12,21.39,0.053
"2021-03-02 05:00:00",6328,12.81,101.1578,0.262,231,38.25,20.27,99.3,0,0,0,20.95,21.2,0.053
"2021-03-02 06:00:00",6329,12.79,101.1902,0.186,253.7,19.96,20.07,99.7,2.531,0.251,0,20.61,20.9,0.053
"2021-03-02 07:00:00",6330,12.79,101.2065,0.594,240.2,28.71,20.7,96.8,120.3,5.148,0,20.61,21.37,0.053
"2021-03-02 08:00:00",6331,13.4,101.2303,1.005,223.4,37.15,23.18,88.2,363.3,15.91,0,22.45,23.46,0.054
"2021-03-02 09:00:00",6332,13.45,101.2159,0.999,208,39.07,25.38,81.7,571.3,27.18,0,24.77,26.19,0.053
"2021-03-02 10:00:00",6333,13.57,101.2142,1.031,175.1,46.84,27.12,78.81,665.4,33.25,0,27.48,28.64,0.053
"2021-03-02 11:00:00",6334,14.08,101.1591,0.798,152.4,52.3,27.47,77.32,522.7,28.83,0,28.39,29.44,0.053
"2021-03-02 12:00:00",6335,14.13,101.1038,1.139,116.6,46.68,27.11,66.23,617.6,33.53,0,28.1,29.28,0.053
"2021-03-02 13:00:00",6336,14.19,101.0442,1.332,115,53.22,28.74,68.9,926,47.21,0,31.37,32.61,0.053
"2021-03-02 14:00:00",6337,14.23,100.9912,1.294,103.9,44.09,28.45,68.74,645.8,35.37,0,31.15,31.76,0.053
"2021-03-02 15:00:00",6338,14.19,100.9491,1.666,92.7,38.12,28.87,67.63,823,40.34,0,32.39,33.07,0.053
"2021-03-02 16:00:00",6339,14.2,100.9169,2.038,83.4,32.03,28.26,63.77,598.9,28.4,0,30.88,32,0.053
"2021-03-02 17:00:00",6340,13.55,100.9017,1.942,83.2,31.31,27.58,72.17,361.5,16.06,0,28.92,30.1,0.052
"2021-03-02 18:00:00",6341,12.96,100.8975,1.742,76.59,24.45,25.88,80.3,93.6,5.19,0,25.36,26.66,0.052
"2021-03-02 19:00:00",6342,12.9,100.9224,0.339,81.4,13.31,23.77,90,2.207,0.298,0,23.84,24.69,0.052
"2021-03-02 20:00:00",6343,12.91,100.9788,0.022,110.2,4.461,22.6,92.5,0,0,0,22.74,23.2,0.052
"2021-03-02 21:00:00",6344,12.88,101.0035,0.002,170.6,3.056,22.43,93.1,0,0,0,22.3,22.48,0.052
"2021-03-02 22:00:00",6345,12.85,100.9954,0.066,212.2,1.285,21.79,97.1,0,0,0,22.18,22.45,0.052
"2021-03-02 23:00:00",6346,12.86,101.0198,0.033,217.8,4.017,21.08,98.6,0,0,0,22.01,22.19,0.052
"2021-03-03 00:00:00",6347,12.84,100.9548,0.078,235.9,9.51,21.28,98.1,0,0,0,22.03,22.3,0.052
"2021-03-03 01:00:00",6348,12.86,100.9142,0.156,230.6,11.11,21.39,97.4,0,0,0,21.75,22.21,0.052
"2021-03-03 02:00:00",6349,12.81,100.8493,0.24,230.8,16.5,21.13,97.9,0,0,0,21.48,21.7,0.052
"2021-03-03 03:00:00",6350,12.79,100.825,0.208,211.1,18.37,20.75,98.9,0,0,0,21.07,21.26,0.052
"2021-03-03 04:00:00",6351,12.77,100.7844,0.259,196.5,17.49,20.83,97.8,0,0,0,21.12,21.23,0.052
"2021-03-03 05:00:00",6352,12.8,100.7519,0.102,193.4,12.4,20.39,99,0,0,0,20.58,20.83,0.052
"2021-03-03 06:00:00",6353,12.73,100.7844,0.81,213.7,24.93,20.59,98.1,2.387,0.235,0,20.64,20.7,0.052
"2021-03-03 07:00:00",6354,12.75,100.8168,0.716,211.3,25.59,21.65,92,112.4,4.83,0,20.74,21.67,0.052
"2021-03-03 08:00:00",6355,13.36,100.8164,0.738,208.9,30.36,24.46,82.3,357.7,15.01,0,23.1,24.46,0.052
"2021-03-03 09:00:00",6356,13.34,100.7918,0.749,220.2,62.04,26.77,70.18,605.3,26.79,0,25.93,27.62,0.052
"2021-03-03 10:00:00",6357,13.53,100.7766,0.889,91.7,52.43,28.44,63.78,776.5,36.72,0,29.26,30.8,0.052
"2021-03-03 11:00:00",6358,13.92,100.7288,1.47,87.9,42.68,28.97,60.92,888,41.32,0,32.12,33.28,0.051
"2021-03-03 12:00:00",6359,14.01,100.6798,1.766,74.67,40.78,29.28,63.76,1015,47.28,0,33.37,34.44,0.051
"2021-03-03 13:00:00",6360,14.15,100.633,1.849,78.79,39.71,29.22,59.7,1010,48.24,0,33.72,34.56,0.051
"2021-03-03 14:00:00",6361,14.24,100.5575,1.715,75.03,41.91,29.4,56.32,946,44.29,0,34.54,35.46,0.05
"2021-03-03 15:00:00",6362,14.12,100.5005,1.529,78.3,38.2,29.58,57.37,811,36.67,0,34.39,35.33,0.049
"2021-03-03 16:00:00",6363,14.15,100.4867,1.669,74.19,29.53,29.37,61.29,610.9,27.1,0,33.7,34.56,0.049
"2021-03-03 17:00:00",6364,13.94,100.4303,1.758,67.06,25.23,28.44,66.88,374,15.6,0,30.43,32.51,0.049
"2021-03-03 18:00:00",6365,12.96,100.4349,1.58,69.68,20.75,26.02,78.63,92.1,4.926,0,25.8,27.36,0.048
"2021-03-03 19:00:00",6366,12.94,100.4712,0.178,66.8,7.928,23.31,87,1.724,0.264,0,23.31,24.7,0.048
"2021-03-03 20:00:00",6367,12.9,100.5002,0,0,0,21.85,89.7,0,0,0,21.69,22.35,0.048
"2021-03-03 21:00:00",6368,12.92,100.5733,0.017,165,4.07,21.45,90.7,0,0,0,21.17,21.33,0.048
"2021-03-03 22:00:00",6369,12.86,100.5733,0.009,172.6,1.891,21.26,91.1,0,0,0,21.01,21.14,0.048
"2021-03-03 23:00:00",6370,12.84,100.6058,0.217,239.5,16.61,20.27,96.5,0,0,0,20.67,20.8,0.048
"2021-03-04 00:00:00",6371,12.87,100.5895,0.078,237.9,10.63,19.74,97.4,0,0,0,20.59,20.73,0.048
"2021-03-04 01:00:00",6372,12.81,100.5733,0.176,231.2,12.8,19.86,97.2,0,0,0,20.52,20.62,0.048
"2021-03-04 02:00:00",6373,12.82,100.5165,0.595,222.5,23.87,20.15,95.8,0,0,0,20.45,20.52,0.048
"2021-03-04 03:00:00",6374,12.8,100.4921,0.346,229.2,21.13,20.15,95.1,0,0,0,20.38,20.43,0.048
"2021-03-04 04:00:00",6375,12.77,100.4353,0.4,229.2,22.29,20.04,95.6,0,0,0,20.21,20.3,0.048
"2021-03-04 05:00:00",6376,12.79,100.3785,0.224,226.7,13.6,20.02,96.4,0,0,0,20.01,20.19,0.048
"2021-03-04 06:00:00",6377,12.76,100.4028,0.024,241.6,5.842,18.84,98.7,2.558,0.219,0,19.18,19.61,0.047
"2021-03-04 07:00:00",6378,12.71,100.4272,0.382,226.1,23.51,20.58,89.9,115.5,4.715,0,19.27,20.72,0.047
"2021-03-04 08:00:00",6379,13.33,100.4431,0.771,227.7,30.42,23.79,79.59,362.7,14.75,0,22.31,23.74,0.047
"2021-03-04 09:00:00",6380,13.38,100.4364,0.761,258.3,49.44,26.61,62.4,598.7,26.29,0,25.52,27.52,0.047
"2021-03-04 10:00:00",6381,13.45,100.4431,0.739,177.1,59.42,28.75,53.11,789.2,36.95,0,29.46,30.46,0.047
"2021-03-04 11:00:00",6382,13.79,100.4027,0.711,165,65.35,30.37,50.35,928,42.89,0,31.87,33.55,0.047
"2021-03-04 12:00:00",6383,14.14,100.3475,1.495,71.75,44.34,30.86,56.39,1001,46.12,0,34.8,36.22,0.046
"2021-03-04 13:00:00",6384,14.21,100.3178,2.164,76.14,27.64,30.46,56.31,1003,47.96,0,34.77,36.03,0.046
"2021-03-04 14:00:00",6385,14.22,100.2751,2.322,74.92,28.39,30.06,59.45,930,43.66,0,34.63,35.58,0.045
"2021-03-04 15:00:00",6386,14.14,100.2342,2.504,72,26.69,29.41,63.66,789.1,35.75,0,34.27,35.41,0.044
"2021-03-04 16:00:00",6387,14.17,100.2199,2.317,79.93,29.35,28.94,65.79,589,26.21,0,33.04,33.71,0.044
"2021-03-04 17:00:00",6388,13.94,100.2051,2.136,75.86,24.24,28.18,71.36,352.4,14.79,0,30.09,31.7,0.043
"2021-03-04 18:00:00",6389,12.97,100.2401,1.682,71.42,21.96,26.49,78.43,86.4,4.648,0,26.61,27.83,0.043
"2021-03-04 19:00:00",6390,12.9,100.2726,0.199,78.62,9.57,24.14,87.6,1.583,0.238,0,23.86,25.38,0.043
"2021-03-04 20:00:00",6391,12.94,100.3213,0.004,146.2,0.307,22.91,88.6,0,0,0,23.01,23.32,0.042
"2021-03-04 21:00:00",6392,12.87,100.4272,0.197,231.9,3.74,22.07,93.2,0,0,0,22.31,22.62,0.042
"2021-03-04 22:00:00",6393,12.85,100.4434,0.015,234.4,5.935,21.25,95.9,0,0,0,22.21,22.34,0.042
"2021-03-04 23:00:00",6394,12.9,100.4434,0,0,0,20.34,98.1,0,0,0,21.66,21.9,0.042
"2021-03-05 00:00:00",6395,12.84,100.4109,0,0,0,19.95,98.9,0,0,0,21.16,21.41,0.042
"2021-03-05 01:00:00",6396,12.86,100.4028,0.032,239.1,4.388,20.08,99.3,0,0,0,21.09,21.18,0.042
"2021-03-05 02:00:00",6397,12.84,100.3704,0.075,231.5,8.7,20.84,97.3,0,0,0,21.32,21.49,0.042
"2021-03-05 03:00:00",6398,12.84,100.3622,0.121,225.4,10.15,20.95,96.7,0,0,0,21.11,21.39,0.042
"2021-03-05 04:00:00",6399,12.79,100.2973,0.039,227.1,6.322,20.7,97.8,0,0,0,20.8,21.17,0.042
"2021-03-05 05:00:00",6400,12.79,100.3054,0,0,0,19.51,99,0,0,0,19.98,20.4,0.042
"2021-03-05 06:00:00",6401,12.76,100.3541,0,0,0,18.46,100,2.265,0.204,0,19.29,19.59,0.042
"2021-03-05 07:00:00",6402,12.76,100.3947,0.206,336.8,17.48,20.58,96.5,114.5,4.538,0,19.35,20.83,0.041
"2021-03-05 08:00:00",6403,13.35,100.4425,0.892,340.7,30.28,24.78,83.9,346.9,14.38,0,23.17,25.22,0.041
"2021-03-05 09:00:00",6404,13.38,100.4689,1.263,346,33.93,27.67,66.14,581.8,25.64,0,27.42,29.62,0.041
"2021-03-05 10:00:00",6405,13.46,100.4758,0.955,355.9,46.88,29.81,59.63,767.5,36.13,0,31.54,33.15,0.041
"2021-03-05 11:00:00",6406,13.81,100.4508,1.274,32.76,46.41,31.14,55.39,905,42,0,35.01,36.35,0.04
"2021-03-05 12:00:00",6407,13.93,100.4129,1.796,68.54,36.08,31.3,67.18,931,43.52,0,35.46,37.12,0.04
"2021-03-05 13:00:00",6408,14.13,100.4301,2.116,75.69,33.41,30.96,63.78,989,48.02,0,35.94,36.94,0.039
"2021-03-05 14:00:00",6409,14.08,100.4539,1.773,93.9,41.09,30.56,65.44,775,37.65,0,32.99,35.97,0.039
"2021-03-05 15:00:00",6410,14.05,100.4535,1.555,103.3,46.71,30.53,63.44,762.9,34.07,0,33.65,35.18,0.039
"2021-03-05 16:00:00",6411,14.1,100.4563,1.387,114.7,47.3,29.73,69.66,496.8,21.56,0,32.01,33.99,0.038
"2021-03-05 17:00:00",6412,13.84,100.4805,1.317,135.4,46.77,28.98,74.38,308.3,12.99,0,29.83,31.43,0.038
"2021-03-05 18:00:00",6413,12.98,100.5078,1.064,149.1,42.69,27.12,85.1,82.2,4.214,0,26.95,28.02,0.038
"2021-03-05 19:00:00",6414,12.95,100.5972,0.444,154.6,24.32,25.28,89.2,0.471,0.181,0,25.49,26.24,0.038
"2021-03-05 20:00:00",6415,12.92,100.6704,0.128,158.1,12.36,24.11,89.8,0,0,0,24.44,24.96,0.038
"2021-03-05 21:00:00",6416,12.87,100.7709,0.101,214.2,7.54,23.59,90.6,0,0,0,24.04,24.36,0.037
"2021-03-05 22:00:00",6417,12.92,100.8127,0.549,202.9,25.95,23.49,96.1,0,0,0,23.83,23.91,0.037
"2021-03-05 23:00:00",6418,12.88,100.8286,0.397,200.3,24.49,23.66,98.4,0,0,0.508,24.03,24.4,0.037
"2021-03-06 00:00:00",6419,12.85,100.847,0.807,206.9,28.34,23.14,99,0,0,0.254,23.55,23.85,0.037
"2021-03-06 01:00:00",6420,12.82,100.8218,0.822,194.7,35.67,23.15,99.3,0,0,0,23.55,23.71,0.037
"2021-03-06 02:00:00",6421,12.82,100.8444,1.012,197.1,36.37,23,99.5,0,0,1.524,23.46,23.61,0.037
"2021-03-06 03:00:00",6422,12.86,100.8294,0.56,194.5,32.38,22.82,99.9,0,0,1.524,23.39,23.48,0.037
"2021-03-06 04:00:00",6423,12.83,100.8392,1.032,210.6,31,22.45,99.6,0,0,0.254,22.8,23.14,0.037
"2021-03-06 05:00:00",6424,12.82,100.8651,0.949,207.6,29.55,21.96,99.5,0,0,0.254,22.3,22.62,0.037
"2021-03-06 06:00:00",6425,12.8,100.898,0.895,204.8,28.12,21.65,99.7,1.654,0.171,0,22.09,22.16,0.037
"2021-03-06 07:00:00",6426,12.79,100.9466,0.685,194.1,34.28,21.93,99,40.73,2.164,0,22.23,22.56,0.037
"2021-03-06 08:00:00",6427,12.83,100.9601,0.926,197.7,35.64,22.55,94.7,142.9,7.617,0,22.62,23.18,0.037
"2021-03-06 09:00:00",6428,13.59,100.9463,0.935,189.2,42.79,24.74,86.2,375.3,18.89,0,24.13,25.5,0.037
"2021-03-06 10:00:00",6429,14.01,100.9323,1.465,148,44.69,27.62,72.93,745.8,35.84,0,27.26,28.88,0.037
"2021-03-06 11:00:00",6430,14.05,100.8995,1.274,157.3,53.32,28.01,71.16,619,33.16,0,28.49,29.9,0.037
"2021-03-06 12:00:00",6431,14.04,100.8623,1.084,137.2,45.21,27.65,72.99,382.5,22.72,0,28.71,29.38,0.037
"2021-03-06 13:00:00",6432,14.17,100.8014,1.496,124.2,49.74,29.17,67.01,960,48.31,0,28.92,31.86,0.037
"2021-03-06 14:00:00",6433,14.12,100.7354,1.476,137.4,48.01,29.42,64.3,968,46.75,0,31.4,32.66,0.037
"2021-03-06 15:00:00",6434,14.03,100.6597,1.409,109.2,48.56,28.17,69.18,482.1,26.95,0,28.93,30.74,0.037
"2021-03-06 16:00:00",6435,14.13,100.6574,1.929,93.7,41.82,28.32,65.59,586.9,27.04,0,30.71,31.23,0.037
"2021-03-06 17:00:00",6436,13.74,100.654,1.533,94.1,38.26,26.66,72.78,208.8,11.58,0,27.28,28.33,0.037
"2021-03-06 18:00:00",6437,12.94,100.6865,1.5,82.6,24.46,25.72,80.6,83.2,4.535,0,25.39,26.47,0.037
"2021-03-06 19:00:00",6438,12.89,100.7027,0.448,73.86,13.02,24.33,84.5,1.216,0.159,0,25.11,25.36,0.037
"2021-03-06 20:00:00",6439,12.95,100.8001,0.273,85.7,14.53,24.27,83.2,0,0,0,24.94,25.03,0.037
"2021-03-06 21:00:00",6440,12.91,100.8407,0.477,80.5,16.07,24.5,84.4,0,0,0,24.91,25.01,0.037
"2021-03-06 22:00:00",6441,12.93,100.857,0.003,119.9,5.137,24.09,88.1,0,0,0,24.84,24.94,0.037
"2021-03-06 23:00:00",6442,12.92,100.8489,0.003,314.1,5.303,23.77,88.6,0,0,0,24.42,24.72,0.037
"2021-03-07 00:00:00",6443,12.9,100.859,0.015,272.1,1.213,23.34,93.7,0,0,0,24.09,24.24,0.037
"2021-03-07 01:00:00",6444,12.89,100.7944,0.002,311.4,0.793,23.07,94.3,0,0,0,24.03,24.11,0.037
"2021-03-07 02:00:00",6445,12.87,100.729,0,0,0,22.92,94.6,0,0,0,23.93,23.99,0.037
"2021-03-07 03:00:00",6446,12.87,100.7058,0,0,0,22.88,95.6,0,0,0,23.86,23.95,0.037
"2021-03-07 04:00:00",6447,12.83,100.6667,0,0,0,22.8,97,0,0,0,23.91,23.96,0.037
"2021-03-07 05:00:00",6448,12.84,100.6561,0,0,0,22.63,96.4,0,0,0,23.77,23.86,0.037
"2021-03-07 06:00:00",6449,12.81,100.6746,0.006,304,1.198,22.61,94.5,2.074,0.127,0,23.51,23.65,0.037
"2021-03-07 07:00:00",6450,12.8,100.7131,0.016,312.3,4.951,23.32,90.4,46.16,2.642,0,23.57,23.96,0.037
"2021-03-07 08:00:00",6451,12.94,100.7427,0.8,345.7,26.97,25.66,73.94,278,12.35,0,24.63,26.49,0.037
"2021-03-07 09:00:00",6452,13.57,100.7243,1.277,13.41,31.33,26.44,75.75,250.6,13.65,0,27.63,28.04,0.037
"2021-03-07 10:00:00",6453,14.02,100.733,1.584,20.88,28.65,26.8,74.81,306.6,16.92,0,28.42,28.88,0.037
"2021-03-07 11:00:00",6454,14.15,100.6721,1.561,20.02,29.11,27.53,71.95,458.1,25.21,0,28.62,30.14,0.037
"2021-03-07 12:00:00",6455,14.23,100.6136,1.937,29.71,31.54,28.64,71.38,645.1,34.44,0,31.93,32.87,0.037
"2021-03-07 13:00:00",6456,14.22,100.5572,2.076,37.37,23.23,28.46,73.45,524.8,29.1,0,31.56,32.6,0.037
"2021-03-07 14:00:00",6457,14.19,100.5024,1.882,28.53,28.94,28.07,74.61,388.4,21.63,0,30.66,31.31,0.037
"2021-03-07 15:00:00",6458,14.16,100.4801,2.077,46.24,28.61,27.61,77.11,287.9,15.92,0,29.8,30.55,0.036
"2021-03-07 16:00:00",6459,14.12,100.466,2.054,53.59,25.54,27.2,77.66,229.7,12.35,0,29.4,29.71,0.037
"2021-03-07 17:00:00",6460,13.23,100.4912,2.026,46.27,27.21,26.67,82.1,127.5,6.838,0,27.59,28.58,0.036
"2021-03-07 18:00:00",6461,12.97,100.5079,1.733,55.33,24.86,25.82,84.8,24.15,1.439,0,26.38,26.93,0.036
"2021-03-07 19:00:00",6462,12.96,100.5485,1.586,53.6,23.69,25.26,85,0.458,0.069,0,25.73,25.96,0.036
"2021-03-07 20:00:00",6463,12.88,100.581,0.821,48.45,20.8,24.94,85.4,0,0,0,25.46,25.59,0.036
"2021-03-07 21:00:00",6464,12.92,100.6216,0.513,38.01,17.31,24.65,85.9,0,0,0,25.01,25.29,0.036
"2021-03-07 22:00:00",6465,12.92,100.5893,0.274,49.31,12.49,23.69,91,0,0,0,23.56,24.42,0.036
"2021-03-07 23:00:00",6466,12.89,100.6363,0.003,309.2,0.079,22.79,94.7,0,0,0,22.89,23.11,0.036
"2021-03-08 00:00:00",6467,12.89,100.593,0,0,0,22.65,93.1,0.004,0,0,23.24,23.54,0.036
"2021-03-08 01:00:00",6468,12.87,100.5332,0.011,281.6,0.566,23.21,92,0,0,0,23.71,23.84,0.036
"2021-03-08 02:00:00",6469,12.84,100.484,0,0,0,23.11,94,0,0,0,23.83,23.94,0.036
"2021-03-08 03:00:00",6470,12.86,100.4444,0,0,0,23.02,93.7,0,0,0,23.69,23.74,0.036
"2021-03-08 04:00:00",6471,12.84,100.4035,0,0,0,23.13,95.4,0,0,0,23.75,23.88,0.036
"2021-03-08 05:00:00",6472,12.82,100.4447,0.026,331.7,4.71,22.8,94.6,0,0,0,23.42,23.59,0.036
"2021-03-08 06:00:00",6473,12.79,100.4609,0.099,330.7,8.79,23.09,94.1,1.404,0.146,0,23.52,23.65,0.036
"2021-03-08 07:00:00",6474,12.78,100.4918,0.591,357,27.77,23.62,87.8,67.66,3.327,0,23.39,23.92,0.036
"2021-03-08 08:00:00",6475,13.29,100.5161,1.532,357.8,37.37,25.54,85.3,177.3,8.9,0,25.03,26.08,0.036
"2021-03-08 09:00:00",6476,13.42,100.498,1.753,346,36.31,26.05,76.7,278.7,14.51,0,26.15,27.3,0.036
"2021-03-08 10:00:00",6477,13.98,100.4351,2.08,353.3,38.1,28.17,67.79,669.6,33.14,0,28.42,30.67,0.036
"2021-03-08 11:00:00",6478,14.01,100.3131,2.428,3.614,39.24,29.79,61,895,43.73,0,32.25,33.62,0.036
"2021-03-08 12:00:00",6479,14.04,100.1668,2.549,8.97,38.41,30.87,59.62,967,47.82,0,34.73,35.61,0.036
"2021-03-08 13:00:00",6480,14.01,100.0777,2.807,359.4,36.05,31.51,59.36,962,47.26,0,35.61,36.52,0.036
"2021-03-08 14:00:00",6481,13.99,100.0221,2.769,19.02,33.57,31.58,65.28,882,43,0,35.75,36.79,0.036
"2021-03-08 15:00:00",6482,14.16,99.98211,3.053,32.98,30.64,30.81,65.06,764.5,36.15,0,35.5,36.1,0.035
"2021-03-08 16:00:00",6483,14.15,99.94318,3.326,30.43,28.82,29.75,72.62,564.2,25.47,0,32.59,34.06,0.035
"2021-03-08 17:00:00",6484,13.91,99.93605,3.397,28.79,28.39,28.57,78.64,328.5,13.94,0,29.95,31.46,0.035
"2021-03-08 18:00:00",6485,12.97,99.98032,2.869,27.56,26.69,27.14,85.7,81.4,4.149,0,27.15,28.28,0.035
"2021-03-08 19:00:00",6486,12.91,100.0453,1.711,27.53,23.35,25.76,91.2,1.112,0.167,0,25.94,26.47,0.035
"2021-03-08 20:00:00",6487,12.94,100.0698,1.196,23.48,22.49,24.97,91.1,0,0,0,25.23,25.56,0.035
"2021-03-08 21:00:00",6488,12.9,100.0697,1.757,20.13,25.08,25,89.6,0,0,0,25.05,25.12,0.035
"2021-03-08 22:00:00",6489,12.93,100.0535,1.848,10.33,27.44,25.12,90.4,0,0,0,24.91,25.02,0.034
"2021-03-08 23:00:00",6490,12.88,100.0616,1.797,0.249,34.23,25.01,93.1,0,0,0,24.75,24.91,0.034
"2021-03-09 00:00:00",6491,12.9,100.0697,1.418,359.2,34.63,24.86,94.8,0,0,0,24.69,24.74,0.034
"2021-03-09 01:00:00",6492,12.87,100.0616,1.434,358.7,33.81,24.79,95.1,0,0,0,24.57,24.68,0.034
"2021-03-09 02:00:00",6493,12.87,99.9891,1.435,337.4,32.39,24.61,96.3,0,0,0,24.28,24.44,0.034
"2021-03-09 03:00:00",6494,12.82,100.0619,0.986,320.4,46.49,24.33,96.9,0,0,0,23.9,24.16,0.034
"2021-03-09 04:00:00",6495,12.79,100.1601,0.107,194.5,19.28,23.74,98.8,0,0,0,23.6,23.82,0.034
"2021-03-09 05:00:00",6496,12.82,100.1789,0.003,212.1,0.901,23.19,99.6,0,0,0,22.88,23.34,0.034
"2021-03-09 06:00:00",6497,12.75,100.2555,0,0,0,22.75,100,1.815,0.164,0,22.38,22.72,0.034
"2021-03-09 07:00:00",6498,12.8,100.3299,0.025,66.67,3.014,23.66,97.9,94.4,4.136,0,22.44,23.86,0.034
"2021-03-09 08:00:00",6499,13.4,100.3586,0.752,356.5,38.69,26.42,83,269,12.59,0,25.66,27.2,0.034
"2021-03-09 09:00:00",6500,13.43,100.3737,0.448,356.8,25.99,27,81.9,176,9.41,0,28.04,28.39,0.034
"2021-03-09 10:00:00",6501,13.5,100.3913,0.267,180.9,42.94,27.18,87.8,142.5,8.1,0,27.74,28.61,0.034
"2021-03-09 11:00:00",6502,13.53,100.2732,0.601,143.6,51.09,28.26,74.21,526.5,26.74,0,27.7,30.05,0.034
"2021-03-09 12:00:00",6503,14.09,100.2236,1.452,64.41,37.59,30.16,71.99,822,39.44,0,32.73,34.97,0.034
"2021-03-09 13:00:00",6504,14.07,100.1592,1.607,70.24,29.55,30.35,74.3,706.4,34.74,0,34.63,36.18,0.034
"2021-03-09 14:00:00",6505,14.06,100.0782,2.322,65.6,28.77,30.77,72.09,771.2,36.94,0,34.19,36.4,0.034
