"TOA5","Science Centre AWS","CR1000","88296","CR1000.Std.31.08","CPU:Vasi_Science Centre AWS.CR1","64103","Hourly"
"TIMESTAMP","RECORD","BattV_Min","BP_kPa","WS_ms_S_WVT","WindDir_D1_WVT","WindDir_SD1_WVT","AirTC_Avg","RH","SlrW_Avg","CUV5_W_Avg","Rain_mm_Tot","T107_C_Min","T107_C_Avg","VW_Avg"
"TS","RN","Volts","kPa","meters/second","Deg","Deg","Deg C","%","W/m^2","W/m^2","mm","Deg C","Deg C",""
"","","Min","Smp","WVc","WVc","WVc","Avg","Smp","Avg","Avg","Tot","Min","Avg","Avg"
"2022-11-07 15:00:00",21098,13.33,100.792,2.439,48.78,29.09,27.14,68.09,733.7,35.57,0,32.03,33.77,0.075
"2022-11-07 16:00:00",21099,13.23,100.7758,2.36,51.38,28.68,26.39,72.84,460.7,22.56,0,29.62,31.24,0.075
"2022-11-07 17:00:00",21100,12.97,100.7352,2.373,49.36,25.59,25.59,79.07,261.9,12.15,0,26.26,28.24,0.075
"2022-11-07 18:00:00",21101,12.93,100.7514,2.1,40.74,25.68,24.03,86.4,39.43,3.466,0,24.62,25.33,0.075
"2022-11-07 19:00:00",21102,12.9,100.7982,1.219,35.66,18.49,23.05,92,0.622,0.122,0,23.81,24.14,0.074
"2022-11-07 20:00:00",21103,12.87,100.8653,0.87,31.37,16.36,22.58,94.1,0,0,0,23.37,23.54,0.074
"2022-11-07 21:00:00",21104,12.85,100.8893,0.589,29.18,11.62,22.47,96.1,0,0,0,23.24,23.36,0.074
"2022-11-07 22:00:00",21105,12.86,100.922,0.084,22.84,5.745,22.2,97.8,0,0,0,23.01,23.21,0.073
"2022-11-07 23:00:00",21106,12.85,100.9139,0.109,352.2,1.746,22.16,98.7,0,0,0,22.85,22.97,0.073
"2022-11-08 00:00:00",21107,12.83,100.8719,0.19,353.6,8.84,22.31,99,0,0,0,22.98,23.19,0.073
"2022-11-08 01:00:00",21108,12.82,100.8153,0.568,357.8,17.92,22.66,99,0,0,0,23.32,23.46,0.073
"2022-11-08 02:00:00",21109,12.81,100.7652,0.695,17.04,12.81,22.96,98.6,0,0,0,23.46,23.55,0.073
"2022-11-08 03:00:00",21110,12.78,100.7487,0.414,14.57,10.33,23.14,98.9,0,0,0,23.58,23.68,0.073
"2022-11-08 04:00:00",21111,12.75,100.7229,0.171,12.13,6.216,23.04,99.3,0,0,0,23.69,23.74,0.073
"2022-11-08 05:00:00",21112,12.74,100.7386,0.448,18.29,9.18,23.08,99.4,0.555,0.024,0,23.61,23.69,0.072
"2022-11-08 06:00:00",21113,12.72,100.744,0.641,18.15,11.98,23.4,98.6,43.6,2.128,0,23.65,23.92,0.073
"2022-11-08 07:00:00",21114,12.74,100.7839,1.162,23.96,17.71,24.26,93.9,96.2,5.389,0,24.28,24.73,0.072
"2022-11-08 08:00:00",21115,13.05,100.8083,1.915,19.91,24.99,25.74,88.2,259.4,13.79,0,25.84,26.97,0.072
"2022-11-08 09:00:00",21116,13.21,100.7839,1.807,4.785,27.36,26.99,75.34,420.8,21.68,0,27.01,28.39,0.072
"2022-11-08 10:00:00",21117,13.41,100.719,1.839,5.737,28.19,28.42,72.64,532.4,29.19,0,30.02,30.94,0.072
"2022-11-08 11:00:00",21118,13.5,100.6459,2.095,8.91,27.5,29.85,65.27,709.6,37.47,0,31.43,32.74,0.072
"2022-11-08 12:00:00",21119,13.58,100.5404,2.033,5.173,31.59,30.53,69.14,702.1,37.75,0,32.95,34.13,0.071
"2022-11-08 13:00:00",21120,13.33,100.4917,2.309,33.83,22.91,28.48,84.4,430.7,24.92,0,30.42,32.31,0.071
"2022-11-08 14:00:00",21121,13.24,100.4268,2.322,34.91,20.2,27.05,86.9,318.6,18.7,0,29.63,30.08,0.071
"2022-11-08 15:00:00",21122,13.08,100.3375,2.053,29.14,22.68,26.35,88.9,177.1,10.99,0,27.99,28.61,0.071
"2022-11-08 16:00:00",21123,13.04,100.3294,2.143,30.27,21.93,26.13,90.2,181.1,10.18,0,27.73,28.09,0.071
"2022-11-08 17:00:00",21124,12.92,100.3294,2.123,28.76,20.88,25.81,92.1,108.7,6.353,0,26.63,27.47,0.07
"2022-11-08 18:00:00",21125,12.86,100.3375,1.97,33.57,20.72,25.18,94.4,32.94,1.819,0,25.8,26.25,0.07
"2022-11-08 19:00:00",21126,12.84,100.3943,1.18,37.56,15.58,24.74,96.7,0,0.03,0,25.41,25.59,0.07
"2022-11-08 20:00:00",21127,12.82,100.4187,1.577,31.32,15.11,24.74,96.8,0,0,0,25.23,25.33,0.07
"2022-11-08 21:00:00",21128,12.79,100.4349,2.003,24.23,21.72,24.99,96,0,0,0,25.27,25.32,0.07
"2022-11-08 22:00:00",21129,12.79,100.4033,1.81,24.03,17.87,24.88,97.8,0,0,0,24.93,25.13,0.07
"2022-11-08 23:00:00",21130,12.77,100.3944,1.309,6.314,19.81,24.67,98.6,0,0,0.254,24.81,24.88,0.07
"2022-11-09 00:00:00",21131,12.76,100.3225,0.433,336.6,3.844,23.82,98.4,0,0,0,23.94,24.45,0.07
"2022-11-09 01:00:00",21132,12.74,100.2684,0.001,332.9,0,23.26,99.2,0,0,0,23.97,24.18,0.07
"2022-11-09 02:00:00",21133,12.7,100.1996,0,0,0,23.6,99.7,0,0,0,24.34,24.43,0.07
"2022-11-09 03:00:00",21134,12.69,100.153,0.012,332.9,0.008,22.78,100,0,0,0,23.55,23.92,0.069
"2022-11-09 04:00:00",21135,12.68,100.1226,0.044,332.8,0.057,22.49,100,0,0,0,23.5,23.59,0.069
"2022-11-09 05:00:00",21136,12.69,100.1491,0.003,332.6,0.003,22.58,100,0.321,0.072,0,23,23.59,0.069
"2022-11-09 06:00:00",21137,12.69,100.2049,0.013,332.7,0.004,22.75,100,45.41,2.711,0,22.93,23.46,0.069
"2022-11-09 07:00:00",21138,12.73,100.2969,0.231,332.4,0.211,24.51,93.7,196.4,10.05,0,24.28,25.36,0.069
"2022-11-09 08:00:00",21139,13.07,100.3294,0.478,332.2,3.209,25.41,86,331.1,16.04,0,25.9,26.47,0.069
"2022-11-09 09:00:00",21140,13.22,100.3456,0.928,187.9,53.41,27.77,76.39,765.7,35.75,0,27.5,29.18,0.069
"2022-11-09 10:00:00",21141,13.24,100.3294,0.977,163,20.81,28.84,65.24,825,42.84,0,30.26,31.66,0.068
"2022-11-09 11:00:00",21142,13.37,100.2888,1.133,109.9,35.07,30.02,71.51,925,48.09,0,32.9,34.28,0.068
"2022-11-09 12:00:00",21143,13.41,100.2564,1.645,99,29.93,29.7,69.1,940,49.24,0,33.6,34.66,0.068
"2022-11-09 13:00:00",21144,13.38,100.1914,1.543,114.4,31.53,30.31,70.88,1014,52.5,0,35.24,35.81,0.068
"2022-11-09 14:00:00",21145,13.25,100.1752,1.885,96.6,30.41,29.61,70.8,930,46.66,0,35.19,35.82,0.068
"2022-11-09 15:00:00",21146,13.16,100.1427,1.714,99.2,35.87,29.64,68.02,771.5,37.78,0,34.6,35.62,0.067
"2022-11-09 16:00:00",21147,13.17,100.159,1.45,126,39.54,29.13,70.14,563.3,26.19,0,32.63,33.7,0.067
"2022-11-09 17:00:00",21148,12.96,100.1346,1.356,116.7,39.44,27.61,78.29,324.8,14.04,0,27.83,30.57,0.066
"2022-11-09 18:00:00",21149,12.92,100.2158,0.642,110.7,29.48,25.31,90.5,30.45,3.739,0,26.3,26.98,0.066
"2022-11-09 19:00:00",21150,12.89,100.3593,0.059,143.1,7.214,23.68,96.4,0.908,0.151,0,24.92,25.65,0.066
"2022-11-09 20:00:00",21151,12.88,100.4839,0.043,158.7,3.468,22.74,98.7,0,0,0,24.03,24.5,0.066
"2022-11-09 21:00:00",21152,12.85,100.5814,0.11,174.7,6.112,22.54,99.3,0,0,0,23.63,23.92,0.066
"2022-11-09 22:00:00",21153,12.84,100.687,0.605,171.2,24.12,22.52,98.3,0,0,0,23.35,23.45,0.066
"2022-11-09 23:00:00",21154,12.83,100.6866,1.064,171,28.05,22.81,96.2,0,0,0,22.96,23.29,0.065
"2022-11-10 00:00:00",21155,12.81,100.687,1.109,174,25.09,22.31,96.7,0,0,0,22.51,22.75,0.065
"2022-11-10 01:00:00",21156,12.8,100.7438,1.29,178.2,28.21,22.19,93.6,0,0,0,22.45,22.57,0.065
"2022-11-10 02:00:00",21157,12.79,100.7429,1,177.6,24.4,22.43,93.4,0,0,0,22.66,22.76,0.065
"2022-11-10 03:00:00",21158,12.77,100.7519,0.858,184,22.32,22.47,93.7,0,0,0,22.8,22.85,0.065
"2022-11-10 04:00:00",21159,12.76,100.76,0.808,181.2,20.26,22.39,94.1,0,0,0,22.68,22.75,0.065
"2022-11-10 05:00:00",21160,12.74,100.8574,1.066,184.5,21.32,22.46,94.1,0.203,0.056,0,22.61,22.77,0.065
"2022-11-10 06:00:00",21161,12.73,100.9355,1.248,191.2,22.11,22.65,91.3,50.98,2.77,0,22.59,22.9,0.065
"2022-11-10 07:00:00",21162,12.79,101.0204,1.447,180.7,28.56,23.42,88.2,167.9,8.71,0,23.68,24.26,0.065
"2022-11-10 08:00:00",21163,13.15,101.0599,1.534,176.7,30.6,24.9,83.8,325.3,16.98,0,25.11,26.26,0.065
"2022-11-10 09:00:00",21164,13.25,101.0923,1.735,175,30.48,25.46,80.3,379.5,22.72,0,26,26.94,0.065
"2022-11-10 10:00:00",21165,13.36,101.1492,1.88,179.1,34.77,26.14,79.54,513.6,28.69,0,27.26,28.29,0.064
"2022-11-10 11:00:00",21166,13.37,101.1329,1.727,168.3,31.98,26.33,76.03,517.6,28.71,0,27.41,28.73,0.064
"2022-11-10 12:00:00",21167,13.27,101.1329,1.499,169.7,32.86,25.28,81.4,415.2,23.81,0,26.2,27.6,0.064
"2022-11-10 13:00:00",21168,13.3,101.1167,1.45,177.2,32.91,24.31,87.1,407.6,23.94,0,25.44,26.58,0.064
"2022-11-10 14:00:00",21169,13.34,101.0599,1.931,155.2,36.15,26.67,74.49,786,40.8,0,27.5,29.89,0.064
"2022-11-10 15:00:00",21170,13.15,101.0518,1.612,149.3,36.69,25.32,83.9,235.2,14.62,0,26.51,27.82,0.063
"2022-11-10 16:00:00",21171,13.08,101.0761,1.56,163.4,35.31,24.16,80.6,160.1,9.87,0,25.45,25.92,0.063
"2022-11-10 17:00:00",21172,13.04,101.0274,1.633,149.2,35.3,24.02,80.7,137.4,8.9,0,25.1,25.38,0.063
"2022-11-10 18:00:00",21173,12.91,101.0776,1.527,143.5,33.51,23.52,81.4,58.51,3.312,0,23.93,24.47,0.063
"2022-11-10 19:00:00",21174,12.87,101.2171,1.19,146.7,31.24,23.15,81.5,0.562,0.068,0,23.6,23.75,0.063
"2022-11-10 20:00:00",21175,12.87,101.2541,0.757,152.5,25.06,22.96,78.96,0,0,0,23.35,23.52,0.063
"2022-11-10 21:00:00",21176,12.88,101.2779,0.582,140.6,22.82,22.93,84.3,0,0,0,23.27,23.36,0.063
"2022-11-10 22:00:00",21177,12.86,101.3437,0.399,141.4,16.28,22.64,87.5,0,0,0,22.73,23.15,0.062
"2022-11-10 23:00:00",21178,12.84,101.3849,0.147,174.3,4.408,21.75,93.8,0,0,0,22.22,22.57,0.062
"2022-11-11 00:00:00",21179,12.82,101.3688,0.522,209,11.4,20.68,97.8,0,0,0,21.08,21.55,0.062
"2022-11-11 01:00:00",21180,12.81,101.3201,0.632,207.4,17.23,20.1,99.4,0,0,0,20.56,20.91,0.062
"2022-11-11 02:00:00",21181,12.79,101.2633,0.577,194.8,16.32,19.69,99.9,0,0,0,20.55,20.65,0.062
"2022-11-11 03:00:00",21182,12.77,101.2552,0.562,188.9,15.97,19.54,100,0,0,0,20.41,20.58,0.062
"2022-11-11 04:00:00",21183,12.76,101.239,0.497,182.8,12.21,19.38,100,0,0,0,20.34,20.44,0.062
"2022-11-11 05:00:00",21184,12.73,101.2714,0.434,182.3,12.76,19.46,100,0.722,0.063,0,20.35,20.49,0.062
"2022-11-11 06:00:00",21185,12.74,101.3201,0.24,178.6,11.54,19.92,100,38.11,2.163,0,20.55,21.09,0.062
"2022-11-11 07:00:00",21186,12.79,101.3351,0.71,182.5,18.6,21.23,92.1,170.5,9.65,0,21.67,22.66,0.062
"2022-11-11 08:00:00",21187,13.05,101.3683,1.069,141.4,50.83,24.07,80.9,269.6,13.5,0,24.22,25.63,0.062
"2022-11-11 09:00:00",21188,13.33,101.3764,1.869,72.25,25.04,25.55,76.56,399.6,20.45,0,26.53,28.1,0.062
"2022-11-11 10:00:00",21189,13.23,101.3358,1.84,79.38,20.78,25.21,83,282,16.24,0,26.48,28.06,0.062
"2022-11-11 11:00:00",21190,13.19,101.3034,1.222,72.88,15.26,24.68,79.11,165.8,10.59,0,26.16,26.37,0.061
"2022-11-11 12:00:00",21191,13.48,101.2141,1.928,65.18,18.33,25.36,81.1,428.9,25.21,0,26.79,28.55,0.061
"2022-11-11 13:00:00",21192,13.46,101.1816,2.156,61.86,20.92,25.55,77.07,404.1,24.09,0,26.86,28.5,0.061
"2022-11-11 14:00:00",21193,13.17,101.141,1.836,56.22,22.11,25.52,83.3,235.1,14.56,0,26.85,28.51,0.061
"2022-11-11 15:00:00",21194,13.2,101.068,1.532,70.41,24.01,24.81,83,204.1,12.72,0,26.79,27.14,0.061
"2022-11-11 16:00:00",21195,12.98,101.0436,1.929,61.63,18.47,24.99,86.4,192.8,11.61,0,25.98,27.68,0.061
"2022-11-11 17:00:00",21196,12.93,101.0386,1.306,69.69,14.29,23.5,85.3,34.58,2.797,0,24.46,24.77,0.06
"2022-11-11 18:00:00",21197,12.88,101.0844,1.11,61.66,13.37,23.86,86.3,18.2,1.224,0,24.37,24.61,0.06
"2022-11-11 19:00:00",21198,12.85,101.1046,0.972,45.23,14.48,23.47,87.1,0.071,0.031,0,23.78,24.1,0.06
"2022-11-11 20:00:00",21199,12.87,101.1094,1.359,43.43,17.4,23.51,86.6,0,0,0,23.78,23.84,0.06
"2022-11-11 21:00:00",21200,12.86,101.0976,1.505,38.14,17.02,23.36,88.8,0,0,0,23.21,23.49,0.06
"2022-11-11 22:00:00",21201,12.83,101.1026,1.603,28.72,16.5,23.62,88.4,0,0,0,23.3,23.66,0.06
"2022-11-11 23:00:00",21202,12.82,101.0964,1.4,28.66,18.57,23.49,91.5,0,0,0,23.36,23.64,0.06
"2022-11-12 00:00:00",21203,12.81,101.0722,0.298,16.06,9.22,23.05,93.1,0,0,0,23.35,23.45,0.06
"2022-11-12 01:00:00",21204,12.78,101.0659,0.035,16.33,1.932,22.67,94.6,0,0,0,23.3,23.47,0.06
"2022-11-12 02:00:00",21205,12.75,101.0245,0.062,355,5.135,22.59,94.6,0,0,0,23.03,23.26,0.06
"2022-11-12 03:00:00",21206,12.74,101.0441,0.005,60.52,0,21.88,97.1,0,0,0,22.37,22.62,0.06
"2022-11-12 04:00:00",21207,12.75,101.0522,0,0,0,21.76,98.1,0,0,0,22.37,22.51,0.06
"2022-11-12 05:00:00",21208,12.72,101.0843,0.024,25.54,7.407,21.9,97.6,0.908,0.062,0,22.48,22.59,0.06
"2022-11-12 06:00:00",21209,12.72,101.1233,0.02,7.477,0.393,22.2,95.8,31.95,1.938,0,22.64,22.92,0.059
"2022-11-12 07:00:00",21210,12.72,101.1753,0.234,18.27,19.4,23.29,92.6,95.6,5.586,0,23.3,24.03,0.059
"2022-11-12 08:00:00",21211,12.99,101.1329,0.952,24.05,16.87,24.96,88.2,209.9,12.34,0,25.4,26.36,0.059
"2022-11-12 09:00:00",21212,13.34,101.1086,1.974,20.81,24.77,27.11,78.39,537.3,27.63,0,27.62,29.51,0.059
"2022-11-12 10:00:00",21213,13.43,101.076,1.947,13.56,26.62,28.6,73.1,654.4,34.52,0,30.39,31.94,0.059
"2022-11-12 11:00:00",21214,13.51,101.0111,2.199,26.59,22.13,28.61,69.39,668.9,36.95,0,31.24,32.18,0.059
"2022-11-12 12:00:00",21215,13.71,100.9219,2.192,34.8,20.03,29.37,71.1,746.2,41.94,0,33.48,33.99,0.059
"2022-11-12 13:00:00",21216,13.32,100.8651,2.63,28.42,25.53,28.41,76.34,481.9,27.44,0,30.62,32.04,0.058
"2022-11-12 14:00:00",21217,13.39,100.7677,3.121,29.54,23.98,28.23,73.24,578.2,31.89,0,30.92,31.69,0.058
"2022-11-12 15:00:00",21218,13.33,100.6865,3.099,29.29,27.01,28.67,78.8,591.9,30.83,0,30.84,32.38,0.058
"2022-11-12 16:00:00",21219,13.12,100.6459,2.867,30.49,25.69,27.35,86.1,303,16.73,0,28.75,30.04,0.057
"2022-11-12 17:00:00",21220,12.98,100.6621,2.886,28.18,25.91,26.23,89.5,111.8,6.623,0,27.2,27.76,0.057
"2022-11-12 18:00:00",21221,12.94,100.6784,2.656,29.8,26.62,25.66,92.8,27.61,1.586,0,26.17,26.59,0.056
"2022-11-12 19:00:00",21222,12.92,100.7027,2.64,31.17,22.6,25.38,93.6,0.967,0.094,0,25.8,25.96,0.056
"2022-11-12 20:00:00",21223,12.89,100.7515,1.988,23.16,23.48,25.41,93.6,0,0,0,25.77,25.85,0.056
"2022-11-12 21:00:00",21224,12.87,100.8002,1.924,17.97,25.92,25.33,92.6,0,0,0,25.52,25.62,0.056
"2022-11-12 22:00:00",21225,12.87,100.7839,1.787,21.02,21.69,25.28,93.4,0,0,0,25.33,25.53,0.056
"2022-11-12 23:00:00",21226,12.85,100.7515,1.665,20.68,19.54,25.21,92.2,0,0,0,25.32,25.39,0.056
"2022-11-13 00:00:00",21227,12.85,100.6784,1.796,21.3,18.71,25.13,92.2,0,0,0,25.16,25.3,0.056
"2022-11-13 01:00:00",21228,12.84,100.6145,1.999,24.13,19.69,24.99,92.5,0,0,0,25.07,25.12,0.056
"2022-11-13 02:00:00",21229,12.83,100.6054,1.767,17.28,20.13,25.01,91.5,0,0,0,25.05,25.11,0.056
"2022-11-13 03:00:00",21230,12.81,100.581,1.772,20.43,18.14,25.06,91.8,0,0,0,24.94,25.1,0.056
"2022-11-13 04:00:00",21231,12.8,100.5417,1.641,15.41,17.75,24.72,94.2,0,0,0,24.57,24.73,0.055
"2022-11-13 05:00:00",21232,12.78,100.5487,1.48,21.12,16.37,24.75,93,0.505,0.022,0,24.58,24.82,0.055
"2022-11-13 06:00:00",21233,12.78,100.6055,1.583,20.04,16.23,25.02,92.1,19.41,0.863,0,24.99,25.2,0.055
"2022-11-13 07:00:00",21234,12.78,100.6297,2.045,17.78,18.38,25.56,87.9,88.4,4.619,0,25.45,26,0.055
"2022-11-13 08:00:00",21235,12.82,100.6459,2.028,14.39,18.58,25.94,88.7,97.3,5.685,0,26.41,26.65,0.055
"2022-11-13 09:00:00",21236,12.81,100.6541,1.619,4.241,24.19,26.45,87.1,156.5,9.32,0,26.45,27.4,0.055
"2022-11-13 10:00:00",21237,13,100.6541,1.583,355.2,27.16,27.12,84.7,227,13.4,0,27.44,28.56,0.055
"2022-11-13 11:00:00",21238,13.13,100.6054,1.306,359.6,23.13,27.27,79.36,245.9,15.24,0,28.3,28.8,0.055
"2022-11-13 12:00:00",21239,13.25,100.581,1.153,14.18,11.84,28.31,78.04,323,19.44,0,30.03,30.76,0.055
"2022-11-13 13:00:00",21240,13.21,100.5323,0.553,6.368,4.385,28.3,84.1,221.9,14.69,0,29.66,30.36,0.055
"2022-11-13 14:00:00",21241,13.12,100.5242,0.35,63.72,9.88,26.6,91.4,152,10.54,0,27.65,28.15,0.054
"2022-11-13 15:00:00",21242,12.99,100.5485,0.755,70.2,7.312,23.77,97.1,146.6,9.93,0.508,25.35,26.13,0.054
"2022-11-13 16:00:00",21243,12.87,100.6704,1.484,147.8,43.73,21.44,98.2,37.26,2.824,0.762,21.27,22.89,0.054
"2022-11-13 17:00:00",21244,12.82,100.6788,1.733,162.1,27,20.19,99.5,6.81,0.646,6.096,20.5,21.01,0.054
"2022-11-13 18:00:00",21245,12.78,100.7762,1.801,164.4,28.3,20.06,99.8,9.48,0.598,4.318,20.45,20.63,0.055
"2022-11-13 19:00:00",21246,12.74,100.8899,1.136,177.4,17.47,20.54,100,0.929,0.037,2.032,20.9,21.17,0.093
"2022-11-13 20:00:00",21247,12.72,100.9792,1.593,174.7,20.84,20.55,100,0,0,1.016,20.93,21.15,0.099
"2022-11-13 21:00:00",21248,12.71,101.0604,1.531,183.2,22.21,20.41,100,0,0,0.508,20.84,20.94,0.103
"2022-11-13 22:00:00",21249,12.7,101.0847,1.443,189.5,21.79,20.47,100,0.002,0,0.508,20.88,20.99,0.103
"2022-11-13 23:00:00",21250,12.69,101.1578,1.41,195.3,21.52,20.48,100,0,0,0.254,20.84,20.98,0.101
"2022-11-14 00:00:00",21251,12.67,101.174,1.804,189.7,23.86,19.97,99.7,0,0,0,20,20.41,0.1
"2022-11-14 01:00:00",21252,12.66,101.1497,1.909,186.1,23.84,19.2,98.5,0,0,0,19.02,19.63,0.098
"2022-11-14 02:00:00",21253,12.64,101.1415,1.578,191.8,21.09,18.25,98.4,0,0,0,18.27,18.69,0.096
"2022-11-14 03:00:00",21254,12.63,101.1984,1.401,191.8,18.72,17.76,98.9,0,0,0,18.09,18.24,0.095
"2022-11-14 04:00:00",21255,12.62,101.239,1.387,201.6,20.25,17.88,97.7,0,0,0,18.05,18.27,0.094
"2022-11-14 05:00:00",21256,12.61,101.2877,1.291,197.9,18.94,17.65,95.5,0.685,0.098,0,17.79,17.92,0.093
"2022-11-14 06:00:00",21257,12.6,101.3364,1.535,185.2,23.29,18.52,88.4,98.4,3.417,0,17.89,18.56,0.092
"2022-11-14 07:00:00",21258,12.77,101.4662,1.926,179.4,25.3,20.18,85.3,199.2,8.72,0,20.08,20.47,0.091
"2022-11-14 08:00:00",21259,12.99,101.4895,2.012,182.1,27.35,20.67,87.1,224.6,12.3,0,20.7,21.21,0.09
"2022-11-14 09:00:00",21260,13.29,101.5063,2.308,177.8,30.07,22.86,77,681.3,34,0,21.82,24.29,0.09
"2022-11-14 10:00:00",21261,13.31,101.5144,2.339,178.9,34.65,23.41,78.38,659.1,34.78,0,24.11,25.36,0.089
"2022-11-14 11:00:00",21262,13.37,101.5063,2.132,162.8,39.34,25,74.46,742.1,40.28,0,25.66,27.58,0.088
"2022-11-14 12:00:00",21263,13.41,101.4657,2.359,151.3,40.56,25.72,64.36,822,44.71,0,26.44,28.32,0.087
"2022-11-14 13:00:00",21264,13.47,101.4576,2.371,144.6,44.69,26.73,62.15,1020,52.65,0,29.6,30.6,0.086
"2022-11-14 14:00:00",21265,13.41,101.417,2.273,147.2,41,26.3,65.48,827,42.76,0,29.07,30.13,0.085
"2022-11-14 15:00:00",21266,13.31,101.4008,2.091,142.9,40.26,25.32,67.22,511.5,27.85,0,27.19,28.48,0.084
"2022-11-14 16:00:00",21267,13.26,101.4089,1.929,151.8,40.07,24.51,66.62,322.9,18.16,0,26.14,26.77,0.083
"2022-11-14 17:00:00",21268,13.05,101.417,1.583,153.2,39.46,24.15,70.24,237.1,12.13,0,24.64,25.54,0.083
"2022-11-14 18:00:00",21269,12.94,101.4605,1.09,160.2,38.2,22.88,77.59,51.94,4.237,0,22.62,23.6,0.082
"2022-11-14 19:00:00",21270,12.91,101.5068,0.525,179.9,27.17,21.13,88.8,1.648,0.223,0,21.3,21.86,0.082
"2022-11-14 20:00:00",21271,12.9,101.5393,0.342,188.4,16.8,20.23,94.3,0,0,0,21.03,21.27,0.081
"2022-11-14 21:00:00",21272,12.87,101.5718,0.103,217,6.828,19.32,96.7,0,0,0,20.29,20.66,0.081
"2022-11-14 22:00:00",21273,12.85,101.5961,0.35,237.6,12.89,18.81,97.2,0,0,0,19.8,20.03,0.081
"2022-11-14 23:00:00",21274,12.84,101.5799,0.368,235.7,11.65,18.23,98.5,0,0,0,19.13,19.43,0.08
"2022-11-15 00:00:00",21275,12.83,101.5231,0.93,211.2,23.99,17.93,97.6,0,0,0,18.63,18.93,0.08
"2022-11-15 01:00:00",21276,12.82,101.4744,0.783,204,19.19,17.58,97.9,0,0,0,18.24,18.48,0.079
"2022-11-15 02:00:00",21277,12.81,101.4094,0.57,209.4,12.42,17.14,98.6,0,0,0,17.85,18.02,0.079
"2022-11-15 03:00:00",21278,12.79,101.3932,0.834,217,18.19,16.98,98.5,0,0,0,17.5,17.75,0.079
"2022-11-15 04:00:00",21279,12.78,101.3851,0.717,209.9,16.15,16.6,98.8,0,0,0,17.22,17.47,0.079
"2022-11-15 05:00:00",21280,12.76,101.3939,0.618,210.4,15.95,16.54,98.4,0.933,0.102,0,17.18,17.32,0.078
"2022-11-15 06:00:00",21281,12.76,101.4094,0.795,215.3,15.13,17.5,92,83.6,3.687,0,17.39,18.1,0.078
"2022-11-15 07:00:00",21282,12.82,101.4314,0.925,207.6,18.66,20.18,82.4,308.4,13.22,0,19.56,21.59,0.078
"2022-11-15 08:00:00",21283,12.97,101.4008,1.017,178.4,25.2,22.84,71.61,516.1,24.18,0,23.45,24.2,0.078
"2022-11-15 09:00:00",21284,13.25,101.3358,0.94,163.8,42.95,25.02,62.47,773.5,36.5,0,25.07,26.72,0.077
"2022-11-15 10:00:00",21285,13.31,101.2466,0.877,158.6,48.71,25.9,58.96,901,44.83,0,28.45,29.46,0.077
"2022-11-15 11:00:00",21286,13.4,101.1573,1.379,68.74,79.51,26.77,62.13,1033,51.35,0,31.34,32.51,0.077
"2022-11-15 12:00:00",21287,13.98,101.0599,2.068,67.22,27.9,26.58,61.58,1092,53.49,0,32.72,33.29,0.076
"2022-11-15 13:00:00",21288,13.94,100.9625,2.208,69.43,30.36,26.49,63.64,1063,53.47,0,32.95,33.8,0.076
"2022-11-15 14:00:00",21289,13.54,100.857,2.219,67.48,30.78,26.34,62.98,966,47.09,0,33.69,34.07,0.075
"2022-11-15 15:00:00",21290,13.52,100.7758,2.497,66.07,26.97,26,60.26,809,38.43,0,32.11,32.91,0.075
"2022-11-15 16:00:00",21291,13.31,100.7109,2.484,53.66,26.31,25.75,63.4,597.8,26.94,0,30.3,31.67,0.075
"2022-11-15 17:00:00",21292,12.98,100.7028,2.415,44.49,27,24.96,68.68,351.9,14.67,0,25.56,28.38,0.074
"2022-11-15 18:00:00",21293,12.93,100.706,1.771,33.37,21.88,23.31,73.31,45.1,4.25,0,23.76,24.57,0.073
"2022-11-15 19:00:00",21294,12.91,100.7275,0.62,30.36,13.2,21.42,84.6,1.551,0.231,0,22.34,23.03,0.073
"2022-11-15 20:00:00",21295,12.87,100.7275,0.025,25.48,1.863,19.68,92.2,0,0,0,20.83,21.71,0.073
"2022-11-15 21:00:00",21296,12.85,100.7357,0.012,295.8,0.808,18.79,94.8,0,0,0,19.86,20.27,0.073
"2022-11-15 22:00:00",21297,12.83,100.7113,0,0,0,18.31,97.3,0,0,0,19.51,19.9,0.073
"2022-11-15 23:00:00",21298,12.82,100.6789,0,0,0,17.77,98.5,0,0,0,19.06,19.37,0.073
"2022-11-16 00:00:00",21299,12.8,100.6789,0,0,0,17.3,99.4,0,0,0,18.83,19,0.073
"2022-11-16 01:00:00",21300,12.79,100.6471,0,0,0,17.44,99.6,0,0,0,18.78,18.9,0.072
"2022-11-16 02:00:00",21301,12.77,100.5821,0,0,0,17.02,99.9,0,0,0,18.57,18.7,0.072
"2022-11-16 03:00:00",21302,12.76,100.5576,0,0,0,16.97,100,0,0,0,18.22,18.39,0.072
"2022-11-16 04:00:00",21303,12.76,100.5654,0,0,0,17.17,100,0,0,0,18.19,18.34,0.072
"2022-11-16 05:00:00",21304,12.74,100.6469,0,0,0,17.07,100,1.607,0.081,0,18.31,18.43,0.072
"2022-11-16 06:00:00",21305,12.75,100.7357,0.037,298,0.14,18.67,100,65.06,2.494,0,18.41,19.73,0.072
"2022-11-16 07:00:00",21306,12.83,100.6626,0.57,346.2,21.19,20.19,91.6,197.2,9.36,0,20.9,21.54,0.072
"2022-11-16 08:00:00",21307,13.24,100.581,1.799,351.7,30.16,23.31,80.6,472.7,21.76,0,23.14,24.7,0.072
"2022-11-16 09:00:00",21308,13.41,100.5972,2.209,3.715,31.04,25.85,57.43,715.7,33.37,0,25.54,28.01,0.071
"2022-11-16 10:00:00",21309,13.48,100.5725,1.958,352.2,28.05,28.04,59.52,903,43.56,0,29.41,31.53,0.071
"2022-11-16 11:00:00",21310,13.59,100.5079,1.645,345.3,35.98,29.35,57.03,1013,50.06,0,33.01,34.19,0.071
"2022-11-16 12:00:00",21311,14,100.4349,1.716,48.19,30.48,30.59,61.57,1056,51.55,0,35.27,36.05,0.07
"2022-11-16 13:00:00",21312,13.8,100.3781,2.601,49.85,21.24,29.94,65.55,1026,50.52,0,35.45,36.54,0.07
"2022-11-16 14:00:00",21313,13.23,100.3294,3.11,60.61,22.93,29.3,63.75,936,44.77,0,34.83,35.95,0.07
"2022-11-16 15:00:00",21314,13.17,100.2969,2.855,55.18,25.08,28.6,66.45,778.3,36.28,0,33.89,35.08,0.069
"2022-11-16 16:00:00",21315,13.2,100.3375,2.644,54.63,24.95,27.62,65.54,540.1,23.98,0,31.17,32.89,0.068
"2022-11-16 17:00:00",21316,12.96,100.3943,2.284,62.89,22.45,26.12,75.64,253.6,11.59,0,27.29,29.64,0.068
"2022-11-16 18:00:00",21317,12.88,100.5488,1.306,65.32,18.92,24.39,84,42.64,2.656,0,25.82,26.56,0.068
"2022-11-16 19:00:00",21318,12.83,100.6515,0.185,75,6.199,23.4,88.6,0.154,0.065,0,24.52,25.15,0.068
"2022-11-16 20:00:00",21319,12.83,100.7275,0.122,194.8,18.43,22.69,91,0,0,0,23.88,24.3,0.067
"2022-11-16 21:00:00",21320,12.85,100.5733,0.155,108.6,21.79,22.19,94.7,0,0,0,23.08,23.84,0.067
"2022-11-16 22:00:00",21321,12.83,100.687,0.169,147.7,29.96,21.33,96.8,0,0,0,22.46,22.73,0.067
"2022-11-16 23:00:00",21322,12.82,100.7032,0.024,231.2,0.454,21.26,97.2,0,0,0,22.48,22.77,0.067
"2022-11-17 00:00:00",21323,12.78,100.7275,0.011,233,0.272,21.49,97.3,0.034,0,0,22.72,23.1,0.067
"2022-11-17 01:00:00",21324,12.77,100.7032,0,0,0,22.11,96.3,0,0,0,23.31,23.65,0.067
"2022-11-17 02:00:00",21325,12.78,100.6697,0.014,227.6,0.01,22.21,97.1,0,0,0,23.44,23.73,0.067
"2022-11-17 03:00:00",21326,12.77,100.6301,0,0,0,21.27,98.4,0,0,0,21.83,22.64,0.067
"2022-11-17 04:00:00",21327,12.76,100.6139,0.018,227.8,0,21.04,98.9,0,0,0,21.51,21.95,0.066
"2022-11-17 05:00:00",21328,12.74,100.6951,0.026,227.6,0.018,21.1,98.9,0.813,0.061,0,21.68,22.01,0.066
"2022-11-17 06:00:00",21329,12.7,100.8002,0.055,227.7,0.015,22.14,96.7,21.53,1.291,0,22.39,23.05,0.066
"2022-11-17 07:00:00",21330,12.71,100.8614,0.511,310.7,49.82,23.37,90.7,97.1,5.506,0,23.65,24.22,0.066
"2022-11-17 08:00:00",21331,12.88,100.8245,0.968,21.67,16.79,24.31,81,166.7,9.33,0,25.18,25.72,0.066
"2022-11-17 09:00:00",21332,13.23,100.8489,1.239,6.973,24.02,26.11,76.78,400.7,21.93,0,27.2,28.56,0.066
"2022-11-17 10:00:00",21333,13.49,100.7839,1.172,7.146,28.89,27.9,67.28,621.2,33.34,0,30.53,31.95,0.066
"2022-11-17 11:00:00",21334,13.47,100.6784,1.363,25.02,25.78,29.25,63.65,813,41.86,0,33.16,34.78,0.066
"2022-11-17 12:00:00",21335,13.58,100.6216,1.609,21.28,18.4,29.72,64.24,651.3,35.51,0,33.61,34.59,0.065
"2022-11-17 13:00:00",21336,13.45,100.5242,2.329,41.81,22.09,30.05,62.61,783,40.5,0,33.9,35.4,0.065
"2022-11-17 14:00:00",21337,13.3,100.4755,2.844,53.77,24.05,30.2,62.01,916,44.31,0,35.93,36.82,0.064
"2022-11-17 15:00:00",21338,13.21,100.4025,2.909,63.44,22.93,29.75,58.93,762.9,35.98,0,35.24,35.86,0.063
"2022-11-17 16:00:00",21339,13.19,100.3619,2.812,54.73,27.6,29.05,61.53,561.4,24.97,0,32.73,34.18,0.063
"2022-11-17 17:00:00",21340,12.99,100.3781,2.386,56.24,24.51,28.13,59.77,312.2,12.92,0,28.61,31.19,0.063
"2022-11-17 18:00:00",21341,12.93,100.4593,1.705,51.71,24.45,26.29,79.96,62.05,4.052,0,26.66,27.65,0.062
"2022-11-17 19:00:00",21342,12.9,100.5009,0.734,63.72,12.16,24.41,91,3.439,0.234,0,25.31,25.96,0.062
"2022-11-17 20:00:00",21343,12.88,100.5796,0.234,65.19,5.309,23.49,94.2,0,0,0,24.55,24.86,0.062
"2022-11-17 21:00:00",21344,12.86,100.622,0.029,72.53,3.063,23.09,94.1,0,0,0,23.79,24.14,0.062
"2022-11-17 22:00:00",21345,12.85,100.6625,0.016,75.14,0.506,22.89,95.8,0,0,0,23.35,23.57,0.062
"2022-11-17 23:00:00",21346,12.83,100.6707,0,0,0,22.34,97.5,0,0,0,22.75,23.03,0.062
"2022-11-18 00:00:00",21347,12.82,100.6626,0.001,75.56,0.001,21.74,99,0,0,0,22.52,22.75,0.061
"2022-11-18 01:00:00",21348,12.81,100.6626,0.005,75.64,0.013,21.75,99.4,0,0,0,22.75,22.89,0.062
"2022-11-18 02:00:00",21349,12.8,100.6545,0,0,0,21.53,99.7,0,0,0,22.8,23.07,0.061
"2022-11-18 03:00:00",21350,12.79,100.6301,0,0,0,21.58,99.8,0.001,0,0,22.53,23.01,0.061
"2022-11-18 04:00:00",21351,12.77,100.6626,0,0,0,20.76,100,0,0,0,21.57,21.95,0.061
"2022-11-18 05:00:00",21352,12.75,100.6707,0.011,75.44,0.003,20.76,100,1.322,0.097,0,21.15,21.31,0.061
"2022-11-18 06:00:00",21353,12.7,100.76,0,0,0,21.77,100,47.22,2.774,0,21.55,22.59,0.061
"2022-11-18 07:00:00",21354,12.83,100.8013,0.346,42.69,26.03,23.96,90.5,190.5,9.59,0,23.95,25.25,0.061
"2022-11-18 08:00:00",21355,13.15,100.7839,1.72,23.37,26.68,26.81,73.46,475.8,22,0,27.03,28.43,0.061
"2022-11-18 09:00:00",21356,13.29,100.7839,2.233,21.21,26.27,28.49,71.21,585.5,29.22,0,29.56,30.85,0.061
"2022-11-18 10:00:00",21357,13.33,100.6865,2.175,25.58,23,28.92,69.12,611.2,32.05,0,30.46,32.15,0.06
"2022-11-18 11:00:00",21358,13.6,100.5729,2.818,31.11,25.81,29.63,65.23,851,43.9,0,32.96,34.17,0.06
"2022-11-18 12:00:00",21359,13.61,100.4674,3.216,31.65,24.14,30.2,64.32,1037,52.59,0,34.62,35.48,0.059
"2022-11-18 13:00:00",21360,13.6,100.3538,3.511,34.06,23.43,30.53,59.54,1023,51,0,35.76,36.43,0.059
"2022-11-18 14:00:00",21361,13.37,100.2807,3.797,31.56,23.34,30.21,62.81,922,43.99,0,35.38,35.93,0.058
"2022-11-18 15:00:00",21362,13.32,100.1914,3.871,31.65,28.31,29.54,67.83,769.5,35.77,0,33.91,34.76,0.057
"2022-11-18 16:00:00",21363,13.3,100.1346,3.414,30.11,29.27,29.03,70.87,556.2,24.2,0,32.83,33.45,0.057
"2022-11-18 17:00:00",21364,13.04,100.0859,3.001,23.69,29.7,28.39,77.86,254.2,11.5,0,28.97,30.87,0.056
"2022-11-18 18:00:00",21365,12.93,100.0859,2.665,25.2,29.6,26.75,82.2,60.84,3.825,0,27.07,27.99,0.056
"2022-11-18 19:00:00",21366,12.9,100.1022,2.04,15.82,26.42,25.86,87.1,1.29,0.246,0,25.9,26.44,0.056
"2022-11-18 20:00:00",21367,12.88,100.111,1.851,6.587,28.61,25.21,91.6,0,0,0,25.32,25.63,0.055
"2022-11-18 21:00:00",21368,12.86,100.0809,1.541,1.548,26.81,24.8,93.6,0,0,0,24.9,25.1,0.055
"2022-11-18 22:00:00",21369,12.85,100.4849,1.334,351.7,45.9,24.9,89.6,0,0,0,24.9,25.07,0.055
"2022-11-18 23:00:00",21370,12.84,100.3965,1.013,306.4,63.43,25.07,97.5,0,0.001,1.778,24.97,25.37,0.055
"2022-11-19 00:00:00",21371,12.82,100.2774,1.613,9.58,20.79,24.14,95.8,0,0,0,24.18,24.56,0.055
"2022-11-19 01:00:00",21372,12.8,100.2057,0.924,1.355,19.08,23.85,95.1,0.014,0,2.032,23.71,24.15,0.055
"2022-11-19 02:00:00",21373,12.78,100.1506,1.277,320,20.05,23.76,93.2,0,0,0,23.44,23.5,0.055
"2022-11-19 03:00:00",21374,12.78,100.1268,0.05,298.2,0.016,23.03,98.6,0,0,0,23.4,23.48,0.055
"2022-11-19 04:00:00",21375,12.77,100.1837,0.013,298.3,0.012,22.47,99.1,0,0,0,22.95,23.3,0.055
"2022-11-19 05:00:00",21376,12.74,100.2485,0.648,224.4,33.68,22.36,98.3,1.044,0.112,0,22.56,22.71,0.055
"2022-11-19 06:00:00",21377,12.75,100.3612,0.054,172.6,1.128,22.64,97.6,75.51,3.322,0,22.59,23.25,0.055
"2022-11-19 07:00:00",21378,12.82,100.4189,0.6,166.4,9.49,24.71,92,244.2,11.13,0.254,24.31,25.35,0.055
"2022-11-19 08:00:00",21379,13.22,100.3943,0.996,169.5,20.46,25.78,89.4,310.5,16.25,0,26.49,26.89,0.055
"2022-11-19 09:00:00",21380,13.39,100.3538,0.975,179,21.07,27.1,82.1,588.2,30.36,0,27.5,28.81,0.055
"2022-11-19 10:00:00",21381,13.47,100.2482,0.926,173,21.25,29.08,72.96,818,41.83,0,30.05,31.71,0.055
"2022-11-19 11:00:00",21382,13.62,100.1833,1.07,122.2,47.2,30.54,75.98,955,48.2,0,33.85,35.33,0.055
"2022-11-19 12:00:00",21383,13.6,100.1427,1.692,95.7,34.29,30.23,76.17,1011,51.55,0,35.53,36.1,0.054
"2022-11-19 13:00:00",21384,13.42,100.094,2.023,90.2,31.71,29.49,78.89,931,47.99,0,35.3,36.02,0.054
"2022-11-19 14:00:00",21385,13.18,100.0535,1.574,104.5,33.68,27.94,85.2,474.1,27.82,0,31.19,33.33,0.054
"2022-11-19 15:00:00",21386,13.27,100.0616,1.915,140.8,30,27.49,81.6,561.8,29.71,0,30.56,31.55,0.054
"2022-11-19 16:00:00",21387,13.22,100.1184,2.284,149,37.57,26.97,83.2,398.8,19.75,0,28.77,29.9,0.053
"2022-11-19 17:00:00",21388,12.92,100.2726,2.422,151.6,40.68,25.86,88.6,132.3,7.463,0,26.47,27.72,0.053
"2022-11-19 18:00:00",21389,12.9,100.3099,2.157,156.9,41.03,23.72,96.2,42.01,1.31,2.032,23.93,24.81,0.053
"2022-11-19 19:00:00",21390,12.88,100.4346,2.019,164.2,35.14,22.96,93.6,5.216,0.189,0,23.1,23.47,0.053
"2022-11-19 20:00:00",21391,12.85,100.5652,2.184,175.2,36.3,22.19,96.9,0.371,0,0,22.22,22.71,0.053
"2022-11-19 21:00:00",21392,12.83,100.687,1.886,173.3,32.68,21.98,96.7,0,0,0,22.18,22.41,0.053
"2022-11-19 22:00:00",21393,12.83,100.7925,1.952,175.6,33.1,21.89,95.7,0,0,0.254,22.12,22.3,0.053
"2022-11-19 23:00:00",21394,12.82,100.8493,2.312,172,34.51,21.32,93.8,0,0,0,21.25,21.59,0.053
"2022-11-20 00:00:00",21395,12.79,100.9305,2.617,173.9,33.4,20.55,95.2,0,0,0,20.42,20.77,0.053
"2022-11-20 01:00:00",21396,12.77,100.9873,2.435,173.9,35.72,19.33,97.7,0,0,0.254,19.51,19.89,0.053
"2022-11-20 02:00:00",21397,12.77,101.0035,1.923,176.6,29.02,18.81,95.2,0,0,0,19.05,19.36,0.053
"2022-11-20 03:00:00",21398,12.75,101.0279,1.678,188.5,26.15,18.33,94.4,0,0,0,18.31,18.69,0.053
"2022-11-20 04:00:00",21399,12.72,101.0694,1.615,193.7,26.12,17.49,93.5,0,0,0,17.59,17.89,0.052
"2022-11-20 05:00:00",21400,12.71,101.1093,1.379,190.5,24.92,17.2,90.9,1.14,0.133,0,17.22,17.43,0.052
"2022-11-20 06:00:00",21401,12.71,101.1904,1.365,193.7,21.19,17.74,81.8,83.8,3.842,0,17.22,17.84,0.052
"2022-11-20 07:00:00",21402,12.8,101.2633,2.034,181.9,32.74,19.76,73.83,312.1,13.44,0,19.01,20.42,0.052
"2022-11-20 08:00:00",21403,12.96,101.3196,2.31,173.4,39.95,21.9,67.05,599.1,26.6,0,21.71,22.93,0.052
"2022-11-20 09:00:00",21404,13.34,101.3439,2.44,167.9,46.35,23.59,64.9,767.2,37.06,0,24.04,25.09,0.052
"2022-11-20 10:00:00",21405,13.38,101.3439,2.454,166,45.01,24.41,63.14,816,41.96,0,25.2,26.53,0.052
"2022-11-20 11:00:00",21406,13.45,101.3196,2.403,161.2,45.06,25.52,61.2,958,49.22,0,26.59,28.66,0.052
"2022-11-20 12:00:00",21407,13.52,101.2871,2.296,163.6,47.64,25.4,62.72,807,40.07,0,27.79,28.62,0.052
"2022-11-20 13:00:00",21408,13.36,101.2466,1.975,144.6,43.95,24.72,70,560.1,29.33,0,26.6,27.93,0.052
"2022-11-20 14:00:00",21409,13.32,101.1897,2.082,143.9,49.16,25.26,59.61,753.3,34.88,0,26.37,28.72,0.052
"2022-11-20 15:00:00",21410,13.32,101.1735,2.225,144.5,41.98,24.62,65.77,500.9,25.1,0,26.08,27.71,0.052
"2022-11-20 16:00:00",21411,13.22,101.1654,2.236,141.9,44.91,24.42,66.17,488.4,19.14,0,25.45,27.11,0.051
"2022-11-20 17:00:00",21412,12.94,101.1735,1.868,147.2,45.8,23.67,62.51,271.6,10.71,0,23.3,25.15,0.051
"2022-11-20 18:00:00",21413,12.88,101.181,1.268,147,36.91,22.29,67.61,59.89,4.444,0,21.61,22.52,0.051
"2022-11-20 19:00:00",21414,12.85,101.1821,0.514,163,23.98,20.34,76.7,2.332,0.327,0,19.71,20.68,0.051
"2022-11-20 20:00:00",21415,12.84,101.2552,0.079,188.3,8.51,18.59,82,0,0,0,17.86,18.75,0.051
"2022-11-20 21:00:00",21416,12.81,101.3128,0.018,211.5,0.015,17.08,88.9,0,0,0,17.32,17.52,0.051
"2022-11-20 22:00:00",21417,12.8,101.3148,0.071,233.8,5.772,17.01,89.6,0,0,0,17.09,17.3,0.05
"2022-11-20 23:00:00",21418,12.76,101.3061,0.12,196.9,7.13,17.19,89.1,0,0,0,17.03,17.18,0.051
"2022-11-21 00:00:00",21419,12.76,101.2527,0.36,225.9,23.27,16.62,90.4,0,0,0,16.89,17,0.05
"2022-11-21 01:00:00",21420,12.69,101.193,0.71,201.2,22.05,16.54,88.9,0,0,0,16.86,16.95,0.05
"2022-11-21 02:00:00",21421,12.69,101.1681,0.8,213.8,23.09,16.57,88.9,0,0,0,16.76,16.9,0.05
"2022-11-21 03:00:00",21422,12.68,101.176,0.857,219.2,21.53,16.38,90.9,0,0,0,16.46,16.83,0.05
"2022-11-21 04:00:00",21423,12.66,101.1958,0.919,218.2,23.2,15.85,90.5,0,0,0,16.23,16.33,0.05
"2022-11-21 05:00:00",21424,12.63,101.2211,0.812,215.3,21.11,16.02,89.2,1.095,0.137,0,16.22,16.3,0.05
"2022-11-21 06:00:00",21425,12.64,101.2392,0.624,208.1,19.27,17.43,81.3,88.2,3.931,0,16.39,17.48,0.05
"2022-11-21 07:00:00",21426,12.76,101.2831,0.761,200.3,23.2,20.77,69.73,317.4,13.7,0,19.29,21.82,0.05
"2022-11-21 08:00:00",21427,12.9,101.279,0.662,331.1,67.68,23.89,58.05,558,25.68,0,24.09,24.94,0.05
"2022-11-21 09:00:00",21428,13.07,101.2384,1.51,37.14,26.39,25.18,54.11,779.5,37.14,0,25.41,27.48,0.05
"2022-11-21 10:00:00",21429,13.14,101.1735,1.827,25.69,33.72,26.15,52.96,939,45.91,0,29.09,30.88,0.05
"2022-11-21 11:00:00",21430,13.39,101.068,1.6,17.56,39.92,27.02,48.73,965,48.35,0,31.86,32.98,0.05
"2022-11-21 12:00:00",21431,13.41,100.9625,2.059,20.68,38.47,27.41,57.04,962,47.83,0,32.62,33.52,0.049
"2022-11-21 13:00:00",21432,13.65,100.8407,2.645,35.34,32.29,27.91,55.5,1064,53.09,0,33.46,34.83,0.049
"2022-11-21 14:00:00",21433,13.32,100.7352,2.918,32.33,28.18,27.35,55.04,970,47.23,0,33.96,34.6,0.049
"2022-11-21 15:00:00",21434,13.21,100.6541,3.163,36.04,27.28,27.11,55.61,816,38.81,0,32.98,33.59,0.048
"2022-11-21 16:00:00",21435,13.27,100.6054,3.275,35.08,28.39,26.51,59.3,610.2,27.54,0,30.48,31.69,0.048
"2022-11-21 17:00:00",21436,12.96,100.6216,3.157,36.16,26.53,25.65,62.7,370.1,15.39,0,26.04,28.67,0.048
"2022-11-21 18:00:00",21437,12.91,100.6142,2.777,34.19,27.63,24.1,69.91,71.67,4.747,0,24.03,24.9,0.047
"2022-11-21 19:00:00",21438,12.87,100.6869,1.653,27.89,20.97,22.52,79.11,2.821,0.33,0,22.77,23.33,0.047
"2022-11-21 20:00:00",21439,12.8,100.7438,1.279,29.7,19.11,21.56,81.4,0,0,0,21.91,22.26,0.047
"2022-11-21 21:00:00",21440,12.83,100.7762,0.951,30.79,14.59,21.14,83,0,0,0,21.49,21.7,0.047
"2022-11-21 22:00:00",21441,12.82,100.7925,0.296,30.74,10.08,20.46,86.1,0,0,0,20.53,21.12,0.047
"2022-11-21 23:00:00",21442,12.81,100.7925,0.076,328.6,14.17,19.6,91.2,0,0,0,19.21,19.87,0.046
"2022-11-22 00:00:00",21443,12.79,100.7438,0.234,302.5,6.71,18.79,91.2,0,0,0,18.89,19.02,0.047
"2022-11-22 01:00:00",21444,12.76,100.7033,0.445,303.3,10.76,18.37,92.9,0,0,0,18.82,18.93,0.046
"2022-11-22 02:00:00",21445,12.76,100.6383,0.31,314.5,10.03,17.88,94.2,0,0,0,18.4,18.71,0.046
"2022-11-22 03:00:00",21446,12.75,100.5985,0.564,317.2,15.03,17.82,91.4,0,0,0,18.19,18.33,0.046
"2022-11-22 04:00:00",21447,12.71,100.6464,0.689,319,15.64,18.53,90.3,0,0,0,18.32,18.52,0.046
"2022-11-22 05:00:00",21448,12.7,100.6545,0.772,327.3,20.17,18.54,88.1,1.415,0.127,0,18.36,18.53,0.046
"2022-11-22 06:00:00",21449,12.69,100.6951,0.882,332.8,21.33,18.92,79.82,84.5,3.479,0,18.38,19.1,0.046
"2022-11-22 07:00:00",21450,12.82,100.73,1.786,347,31.93,21.75,67.7,301.6,12.01,0,20.43,22.54,0.046
"2022-11-22 08:00:00",21451,13.05,100.7109,2.469,353.2,33.09,24.1,61.49,523.8,22.31,0,24.48,25.49,0.046
"2022-11-22 09:00:00",21452,13.25,100.6459,3.055,0.244,36.13,25.88,57.01,745.8,34.21,0,26.56,28.24,0.046
"2022-11-22 10:00:00",21453,13.31,100.5567,2.59,2.25,39.7,27.83,54.63,916,44.03,0,29.59,31.66,0.046
"2022-11-22 11:00:00",21454,13.47,100.508,3,15.37,31.26,29.11,51.98,1025,50.39,0,33.62,34.27,0.045
"2022-11-22 12:00:00",21455,13.91,100.4998,3.304,32.29,30.08,29.37,59.78,1063,52.21,0,34.19,34.98,0.045
"2022-11-22 13:00:00",21456,13.52,100.4511,3.742,35.5,24.37,28.97,60.19,1055,50.73,0,35.16,35.59,0.044
"2022-11-22 14:00:00",21457,13.31,100.3619,3.752,30.07,27.57,28.72,62.53,948,44.48,0,34.16,35.29,0.044
"2022-11-22 15:00:00",21458,13.25,100.3294,3.635,33.23,27.1,28.29,65.82,739.9,34.36,0,31.71,34.22,0.044
"2022-11-22 16:00:00",21459,13.13,100.3619,3.18,37.31,28.43,26.68,75,281.3,15.25,0,28.7,29.98,0.043
"2022-11-22 17:00:00",21460,12.98,100.4755,2.506,42.07,26.4,25.4,78.97,104.1,5.777,0,27.03,27.54,0.043
"2022-11-22 18:00:00",21461,12.9,100.581,2.032,49.95,22.63,25.08,80.4,56.54,3.011,0,25.9,26.63,0.043
"2022-11-22 19:00:00",21462,12.88,100.7225,1.71,48.57,22.52,24.42,83.8,2.215,0.219,0,24.96,25.27,0.042
"2022-11-22 20:00:00",21463,12.87,100.8999,1.461,44.47,35.65,24.45,82.6,0,0,0,24.85,24.95,0.042
"2022-11-22 21:00:00",21464,12.86,100.9898,0.061,286.3,3.718,24.02,88.3,0,0,0,24.34,24.72,0.042
"2022-11-22 22:00:00",21465,12.82,101.0259,0.144,23.17,26.15,23.43,92.7,0,0,0,24.31,24.54,0.042
"2022-11-22 23:00:00",21466,12.81,100.9873,1.094,32.13,24.59,22.6,88.6,0,0,0,22.57,23.48,0.042
"2022-11-23 00:00:00",21467,12.79,100.9061,1.176,74.56,17.28,21.86,93.1,0,0,0,22.26,22.36,0.042
"2022-11-23 01:00:00",21468,12.79,100.8737,0.803,48.24,18.32,22.44,93.6,0,0,0,22.33,22.64,0.042
"2022-11-23 02:00:00",21469,12.77,100.8655,0.258,13.72,9.61,22.76,95.2,0,0,0,22.87,23.05,0.041
"2022-11-23 03:00:00",21470,12.76,100.8573,0.002,19.81,0.001,22.39,97.5,0,0,0,22.93,23.09,0.041
"2022-11-23 04:00:00",21471,12.76,100.8492,0.002,19.91,0,22.31,97.7,0,0,0,23.11,23.23,0.041
"2022-11-23 05:00:00",21472,12.74,100.9221,0.047,23.22,8.12,22.51,95.8,0.054,0.007,0,23.06,23.22,0.041
"2022-11-23 06:00:00",21473,12.74,100.9788,0.802,319.9,18.14,22.57,97.4,3.942,0.43,0.254,22.87,22.98,0.041
"2022-11-23 07:00:00",21474,12.73,101.0035,0.625,348.7,25.27,22.22,98.4,25.26,1.717,1.016,22.8,23.02,0.041
"2022-11-23 08:00:00",21475,12.74,101.0598,0.484,31.38,25.85,22.39,97,103,6.551,0.508,23,23.35,0.041
"2022-11-23 09:00:00",21476,13.19,101.0541,1.318,313.5,33.21,23.11,82,396.3,22.43,0,23.65,24.35,0.041
"2022-11-23 10:00:00",21477,13.55,101.0274,1.813,349.7,30,26.02,77.74,797.4,42.15,0,25.81,28.27,0.041
"2022-11-23 11:00:00",21478,13.48,100.9625,2.229,344.2,32.23,27.4,67,835,44.63,0,29.48,30.63,0.041
"2022-11-23 12:00:00",21479,13.49,100.8894,2.571,2.1,28.49,28.92,58.53,976,51.2,0,31.75,32.83,0.041
"2022-11-23 13:00:00",21480,13.41,100.7839,2.78,7.113,28.26,29.68,56.23,1003,51.16,0,34.19,35.04,0.041
"2022-11-23 14:00:00",21481,13.31,100.6865,3.46,27.46,26.58,29.49,61.47,902,44.85,0,33.89,35.11,0.041
"2022-11-23 15:00:00",21482,13.21,100.5891,3.535,33.99,25.74,28.83,67.16,793.4,38.12,0,32.86,34.32,0.04
"2022-11-23 16:00:00",21483,13.22,100.5729,3.451,32.96,28.45,27.86,72.85,589.4,26.89,0,30.89,32.61,0.04
"2022-11-23 17:00:00",21484,13.03,100.581,3.297,30.5,28.19,26.54,83,337.5,14.03,0,27.66,29.72,0.04
"2022-11-23 18:00:00",21485,12.92,100.6135,2.949,30.78,28.69,25.03,86.7,79.03,4.4,0,25.62,26.5,0.04
"2022-11-23 19:00:00",21486,12.89,100.6313,2.496,32.75,24.89,24.19,88.6,3.012,0.321,0,24.52,25.02,0.039
"2022-11-23 20:00:00",21487,12.87,100.6835,2.277,30.59,22.69,23.84,87.8,0,0,0,24.11,24.26,0.039
"2022-11-23 21:00:00",21488,12.85,100.7325,2.159,33.05,21.34,23.94,87.6,0,0,0,24.09,24.2,0.039
"2022-11-23 22:00:00",21489,12.84,100.7653,2.147,30.71,19.4,23.97,86.7,0,0,0,24.06,24.14,0.039
"2022-11-23 23:00:00",21490,12.83,100.7978,1.548,23.39,23.13,23.98,88.4,0,0,0,24,24.07,0.039
"2022-11-24 00:00:00",21491,12.82,100.7669,0.459,14.81,13.9,23.44,91.1,0,0,0,23.81,23.95,0.039
"2022-11-24 01:00:00",21492,12.81,100.7355,0.183,4.578,7.147,23.1,92.1,0,0,0,23.64,23.86,0.039
"2022-11-24 02:00:00",21493,12.79,100.735,0.164,351.5,8.59,22.73,94.4,0,0,0,23.22,23.43,0.039
"2022-11-24 03:00:00",21494,12.77,100.6951,0.154,1.592,6.581,22.22,96.1,0,0,0,22.55,22.9,0.039
"2022-11-24 04:00:00",21495,12.76,100.687,0.387,18.23,7.861,21.65,96.3,0,0,0,22,22.27,0.039
"2022-11-24 05:00:00",21496,12.75,100.7194,1.266,4.78,22.05,22.02,88.5,1.371,0.14,0,21.83,21.9,0.039
"2022-11-24 06:00:00",21497,12.74,100.7344,2.072,9.89,23.21,22.92,80.9,80.2,3.605,0,21.96,22.63,0.039
"2022-11-24 07:00:00",21498,12.8,100.7271,2.825,10.88,29.08,24.4,74.85,289.9,12.21,0,23.75,25.19,0.039
"2022-11-24 08:00:00",21499,12.98,100.7271,3.161,8.84,31.46,26.11,67.13,526.3,23.54,0,26.35,27.44,0.039
"2022-11-24 09:00:00",21500,13.18,100.7028,2.893,2.335,35.74,28.01,57.91,742.7,35.02,0,28.23,30.24,0.038
"2022-11-24 10:00:00",21501,13.28,100.6297,2.676,354.8,35.51,29.6,55.04,901,44.02,0,31.59,33.21,0.038
"2022-11-24 11:00:00",21502,13.44,100.5729,2.906,5.316,39.29,30.62,51.9,1010,50.28,0,34.5,35.55,0.038
"2022-11-24 12:00:00",21503,13.72,100.4917,2.961,22.33,35.02,31.31,62.63,1050,52.3,0,36.26,36.82,0.038
"2022-11-24 13:00:00",21504,13.71,100.3943,3.799,34.27,26.88,30.2,62.12,1029,50.69,0,36.26,36.62,0.038
"2022-11-24 14:00:00",21505,13.16,100.3213,3.79,35.26,27.97,29.93,62.78,950,45.77,0,35.62,36.52,0.038
"2022-11-24 15:00:00",21506,13.09,100.2645,3.801,30.79,28.43,29.33,66.34,801,37.83,0,34.5,35.31,0.037
"2022-11-24 16:00:00",21507,13.06,100.2726,3.446,33.12,24.54,28.77,68.1,588.4,26.31,0,32.87,33.83,0.037
"2022-11-24 17:00:00",21508,12.9,100.2726,3.434,33.67,27.54,27.75,73.98,347.9,14.16,0,28.54,30.98,0.037
"2022-11-24 18:00:00",21509,12.84,100.3051,2.753,34.58,23.33,26.28,82.3,84.4,4.672,0,26.7,27.64,0.036
"2022-11-24 19:00:00",21510,12.85,100.3386,1.575,29.28,21.83,24.92,88.2,3.087,0.351,0,25.54,26.11,0.036
"2022-11-24 20:00:00",21511,12.83,100.4559,1.456,28.66,21.83,24.35,91.7,0,0,0,25.03,25.23,0.036
"2022-11-24 21:00:00",21512,12.81,100.5245,0.321,24.94,11.86,23.87,94.9,0,0,0,24.49,24.92,0.036
"2022-11-24 22:00:00",21513,12.78,100.5408,0,0,0,23.01,97.4,0,0,0,23.58,24.2,0.036
"2022-11-24 23:00:00",21514,12.78,100.6382,0.122,193.6,38.4,22.67,98.5,0,0,0,23.27,23.49,0.036
"2022-11-25 00:00:00",21515,12.75,100.6535,0.542,183.2,18.07,22.96,97.3,0.003,0,0,23.75,23.85,0.036
"2022-11-25 01:00:00",21516,12.75,100.7661,0.712,180.1,21.41,23.26,97.6,0,0,0,23.78,23.89,0.036
"2022-11-25 02:00:00",21517,12.7,100.8324,1.091,171.5,30.89,23.56,95.3,0,0,0,23.83,23.9,0.036
"2022-11-25 03:00:00",21518,12.7,100.8327,1.287,172.4,32.25,23.06,92.7,0,0,0,22.82,23.54,0.036
"2022-11-25 04:00:00",21519,12.66,100.8006,1.302,166.5,27.13,22.24,89.8,0,0,0,22.56,22.68,0.035
"2022-11-25 05:00:00",21520,12.71,100.8574,0.936,159.8,23.95,22.16,88.9,0.266,0.046,0,22.62,22.66,0.036
"2022-11-25 06:00:00",21521,12.71,100.9548,0.772,180.6,18.8,22.32,86.2,34.21,1.851,0,22.66,22.92,0.036
"2022-11-25 07:00:00",21522,12.8,101.0358,1.419,182.6,28.7,23.89,78.89,260.7,11.73,0,23.47,24.93,0.035
"2022-11-25 08:00:00",21523,13.3,101.0599,1.778,181.8,31.64,24.65,77.26,348.9,17.13,0,25.86,26.35,0.035
"2022-11-25 09:00:00",21524,13.34,100.9787,1.67,173.6,30.69,24.94,74.47,352.7,19.16,0,26.55,26.89,0.035
"2022-11-25 10:00:00",21525,13.45,101.068,1.529,181.4,31.77,26.38,74.26,552.4,29.02,0,27.4,29.13,0.035
"2022-11-25 11:00:00",21526,13.42,101.0436,1.509,180.8,31.45,25.47,72.97,307.5,18.64,0,27.38,27.86,0.035
"2022-11-25 12:00:00",21527,13.47,100.9706,1.288,178.8,30.02,26.41,65.75,452.6,25.57,0,27.44,29.09,0.035
"2022-11-25 13:00:00",21528,13.46,100.857,1.339,119.7,51.37,28.24,60.41,695.3,37.19,0,29.85,32.43,0.035
"2022-11-25 14:00:00",21529,13.42,100.8651,1.699,122.9,39.41,28.99,68.55,794,40.12,0,33.06,34.74,0.035
"2022-11-25 15:00:00",21530,13.21,100.8164,1.492,155.1,27.26,26.8,74.15,338.9,21.85,0,28.4,30.36,0.035
"2022-11-25 16:00:00",21531,13.04,100.8164,1.5,149.5,29.31,25.56,77.76,206.4,12.03,0,26.96,28.12,0.035
"2022-11-25 17:00:00",21532,12.97,100.8164,1.359,148.9,28.46,24.79,79.6,84.7,4.93,0,26.09,26.47,0.035
"2022-11-25 18:00:00",21533,12.9,100.8004,1.279,151.2,24.41,24.38,85,61.52,4.031,0,24.63,25.71,0.035
"2022-11-25 19:00:00",21534,12.88,100.902,1.049,159.6,23.18,23.69,86.5,2.022,0.267,0,24.28,24.44,0.034
"2022-11-25 20:00:00",21535,12.86,101.0158,0.77,166.8,19.75,23.46,87,0,0,0,23.88,24.07,0.034
"2022-11-25 21:00:00",21536,12.84,101.1163,0.355,176.7,16.26,23.11,90.6,0,0,0,23.59,23.79,0.034
"2022-11-25 22:00:00",21537,12.83,101.1334,0.504,193.7,15.32,22.57,91.2,0,0,0,22.95,23.26,0.034
"2022-11-25 23:00:00",21538,12.81,101.1497,0.625,201,16.79,22.23,90.3,0,0,0,22.72,22.81,0.034
"2022-11-26 00:00:00",21539,12.8,101.109,0.594,195.3,16.31,22.23,90.1,0,0,0,22.69,22.79,0.034
"2022-11-26 01:00:00",21540,12.77,101.0604,0.461,188.6,12.62,22.15,91.6,0,0,0,22.58,22.76,0.034
"2022-11-26 02:00:00",21541,12.77,101.0196,0.754,197.5,13.46,22.23,91,0,0,0,22.58,22.8,0.034
"2022-11-26 03:00:00",21542,12.76,100.9873,0.927,196.2,16.32,22.21,90.9,0,0,0,22.69,22.78,0.034
"2022-11-26 04:00:00",21543,12.75,100.9711,0.949,189.4,18.95,22.01,89.1,0,0,0,22.48,22.6,0.034
"2022-11-26 05:00:00",21544,12.73,101.0198,1.022,188.4,18.38,21.82,91.8,0,0.014,0,22.05,22.37,0.034
"2022-11-26 06:00:00",21545,12.72,101.0685,0.689,184.2,15.4,21.25,93.6,9.88,0.788,0,21.8,21.95,0.034
"2022-11-26 07:00:00",21546,12.72,101.1172,1.018,189.2,19.25,21.86,88.7,81.7,4.808,0,22.02,22.68,0.034
"2022-11-26 08:00:00",21547,12.87,101.0896,1.488,180.6,24.41,22.71,83.1,178.8,10.12,0,23.39,23.85,0.034
"2022-11-26 09:00:00",21548,13.28,101.1248,1.728,169.6,25.85,24.09,82.8,338.3,19.21,0,25.39,26.11,0.034
"2022-11-26 10:00:00",21549,13.31,101.1005,1.553,167.6,29.5,24.73,74.67,439.3,24.9,0,25.93,27.08,0.034
"2022-11-26 11:00:00",21550,13.59,101.068,1.562,171.5,29.57,27.07,68.16,732,41.13,0,29.42,30.54,0.034
"2022-11-26 12:00:00",21551,13.55,101.0112,1.37,158.8,33.49,28.7,64.22,813,43.49,0,31.93,33.26,0.034
"2022-11-26 13:00:00",21552,13.41,100.9138,1.66,159.4,41.1,28.54,68.78,624.9,35.18,0,31.48,32.76,0.034
"2022-11-26 14:00:00",21553,13.37,100.8326,1.721,141.4,38.32,27.08,72.74,449.4,25.28,0,29.91,30.6,0.034
"2022-11-26 15:00:00",21554,13.26,100.7433,1.578,128.7,39.56,26.23,77.88,356,20.5,0,28.71,29.71,0.033
"2022-11-26 16:00:00",21555,13.02,100.7271,1.436,134.3,38.17,25.3,80.4,236.5,13.63,0,27.29,28.16,0.034
"2022-11-26 17:00:00",21556,12.94,100.7359,1.228,137.4,35.97,24.81,81.3,119.5,6.827,0,26.3,26.92,0.033
"2022-11-26 18:00:00",21557,12.85,100.7678,0.657,145.2,23.25,24.39,85.2,36.77,2.179,0,25.57,26.01,0.033
"2022-11-26 19:00:00",21558,12.8,100.7861,0.482,152.7,18,23.86,86.7,2.444,0.251,0,24.79,25.07,0.033
"2022-11-26 20:00:00",21559,12.81,100.9012,0.146,201.2,10.92,23.44,90.4,0,0,0,24.53,24.68,0.033
"2022-11-26 21:00:00",21560,12.82,100.9349,0.053,209.4,0.125,23.36,91.7,0,0,0,24.44,24.52,0.033
"2022-11-26 22:00:00",21561,12.78,100.9612,0.077,213.2,2.654,23.08,93.1,0,0,0,23.98,24.4,0.033
"2022-11-26 23:00:00",21562,12.75,100.9303,0.608,212.8,13.05,22.55,96.7,0,0,0,23.25,23.49,0.033
"2022-11-27 00:00:00",21563,12.77,100.8574,0.679,201.8,16.51,22.16,97.9,0,0,0,22.85,23.11,0.033
"2022-11-27 01:00:00",21564,12.71,100.8006,0.804,192.3,18.71,21.75,98.7,0,0,0,22.48,22.64,0.033
"2022-11-27 02:00:00",21565,12.71,100.7681,0.992,194.9,22.85,21.5,98.8,0.011,0,0.762,21.12,22.36,0.033
"2022-11-27 03:00:00",21566,12.69,100.687,1.873,177.4,33.95,19.14,99.2,0,0,1.27,19.78,20.09,0.033
"2022-11-27 04:00:00",21567,12.7,100.6788,1.164,185.3,26.1,19.23,99.5,0,0,0.508,19.77,19.98,0.033
"2022-11-27 05:00:00",21568,12.68,100.7519,0.508,207.9,14.54,19.44,99.7,0.185,0.035,0,20.23,20.37,0.033
"2022-11-27 06:00:00",21569,12.64,100.7762,0.574,198.7,13,19.53,100,20.76,1.41,0,20.25,20.41,0.033
"2022-11-27 07:00:00",21570,12.65,100.7925,0.844,212,22.85,19.84,100,31.93,2.039,4.064,20.45,20.73,0.033
"2022-11-27 08:00:00",21571,12.74,100.7844,1.104,214,18.85,20.01,99.9,91.5,5.962,3.048,20.55,20.83,0.033
"2022-11-27 09:00:00",21572,12.93,100.7032,1.203,202.4,18.69,20.73,99.3,177.7,11.41,0.762,21.14,21.66,0.05
"2022-11-27 10:00:00",21573,13.06,100.7194,0.767,205,15.32,21.51,98.6,159.3,10.81,0.254,22.02,22.44,0.066
"2022-11-27 11:00:00",21574,13.22,100.6699,1.009,197.2,16.98,22.27,97.1,299.9,19.24,1.016,22.79,23.3,0.07
"2022-11-27 12:00:00",21575,13.38,100.5908,1.26,188.3,20.42,23.24,96.3,395.1,24.68,0.254,24.2,24.64,0.075
"2022-11-27 13:00:00",21576,13.36,100.5323,1.427,185.1,28.24,23.79,89.8,441.6,26.43,0,24.17,25.2,0.077
"2022-11-27 14:00:00",21577,13.34,100.4836,1.87,167.9,32.69,24.59,73.3,529,29.96,0,25.28,26.15,0.077
"2022-11-27 15:00:00",21578,13.37,100.4674,1.836,172.7,33.06,25.1,82.2,404,23.12,0,26.13,27.05,0.077
"2022-11-27 16:00:00",21579,13.21,100.443,1.886,165.9,35.37,24.31,82.9,230.2,13.24,0,25.29,25.59,0.076
"2022-11-27 17:00:00",21580,13.01,100.4593,2.073,158,35.47,24.69,77.37,300.5,13.75,0,24.64,25.63,0.075
"2022-11-27 18:00:00",21581,12.92,100.5251,1.479,161.6,32.62,23.57,87,83.5,5.339,0,23.25,23.82,0.075
"2022-11-27 19:00:00",21582,12.89,100.5615,1.195,176.9,28.19,22.54,90.8,3.918,0.32,0,22.61,22.91,0.075
"2022-11-27 20:00:00",21583,12.87,100.6626,0.956,178.1,21.48,22.11,93.8,0,0,0,22.24,22.48,0.074
"2022-11-27 21:00:00",21584,12.84,100.7032,0.553,181.2,21.67,21.58,97.9,0,0,2.032,21.68,22.06,0.074
"2022-11-27 22:00:00",21585,12.83,100.7275,0.656,189.7,20.03,20.86,99.5,0,0,2.032,21.25,21.56,0.074
"2022-11-27 23:00:00",21586,12.82,100.6951,0.656,191.7,18.14,20.65,100,0,0,3.556,21.14,21.23,0.084
"2022-11-28 00:00:00",21587,12.8,100.7032,1.067,208.8,19.13,20.54,100,0,0,0.508,20.78,21.02,0.098
"2022-11-28 01:00:00",21588,12.77,100.6626,0.864,202.5,15.5,20.28,100,0,0,0.254,20.7,20.78,0.098
"2022-11-28 02:00:00",21589,12.75,100.6301,1.112,196.3,17.37,20.22,100,0,0,0,20.26,20.59,0.096
"2022-11-28 03:00:00",21590,12.73,100.6626,1.277,194.1,22.35,19.64,99.5,0,0,0,19.9,20.02,0.094
"2022-11-28 04:00:00",21591,12.72,100.6788,1.469,198.6,23.92,19.31,99,0,0,0.254,19.31,19.6,0.093
"2022-11-28 05:00:00",21592,12.7,100.7844,1.314,193.1,22.54,19.08,98.6,0.788,0.085,0,19.24,19.32,0.092
"2022-11-28 06:00:00",21593,12.7,100.8493,1.101,190.4,20.06,19.26,97.1,47.46,2.683,0,19.53,19.63,0.09
"2022-11-28 07:00:00",21594,12.77,100.9142,1.472,190.8,23.73,20.21,91.6,220.3,11.32,0,19.83,20.69,0.09
"2022-11-28 08:00:00",21595,13.01,100.9237,1.694,182.8,26.64,21.83,83.3,347.9,18.25,0,21.25,22.37,0.089
"2022-11-28 09:00:00",21596,13.22,100.9544,2.196,165.2,36,24.39,78.75,634.5,32.68,0,24.4,25.48,0.088
"2022-11-28 10:00:00",21597,13.27,100.9787,2.029,158.6,37.83,23.92,68.61,363.2,21,0,24.16,24.94,0.087
"2022-11-28 11:00:00",21598,13.45,100.9787,2.213,144.6,37.44,25.69,64.25,798.8,42.61,0,25.94,27.98,0.087
"2022-11-28 12:00:00",21599,13.48,100.9706,2.338,142.7,36.68,26.12,61.46,872,46.48,0,27.7,29.27,0.085
"2022-11-28 13:00:00",21600,13.54,100.9544,2.055,144.2,38.69,26.3,64.33,870,46.19,0,28.77,30.04,0.084
"2022-11-28 14:00:00",21601,13.42,100.9219,2.088,138.6,42.91,26.2,57.41,829,41.96,0,28.17,30.32,0.083
"2022-11-28 15:00:00",21602,13.42,100.9219,2.083,133.6,45.73,25.62,62.83,635.3,32.7,0,27.3,29.54,0.083
"2022-11-28 16:00:00",21603,13.16,100.9219,1.9,144.1,41.83,24.61,69.28,339.7,19.8,0,26.18,27.28,0.082
"2022-11-28 17:00:00",21604,12.98,100.9463,1.393,135.3,42.52,24.22,67.44,249.3,13.06,0,25.01,26.04,0.081
"2022-11-28 18:00:00",21605,12.84,100.9962,0.966,136.5,35.12,23.41,72.29,86.9,4.806,0,23.59,24.18,0.08
"2022-11-28 19:00:00",21606,12.84,101.0519,0.446,159.5,24.46,21.9,78.24,1.533,0.226,0,22.58,23.06,0.08
"2022-11-28 20:00:00",21607,12.85,101.1091,0.488,160.3,19.02,21.42,80.8,0,0,0,21.02,21.83,0.079
"2022-11-28 21:00:00",21608,12.83,101.1253,0.138,174.7,6.734,19.83,83.1,0,0,0,19.82,20.27,0.079
"2022-11-28 22:00:00",21609,12.81,101.1659,0.062,176.7,3.018,19.88,86.3,0,0,0,19.85,20.06,0.079
"2022-11-28 23:00:00",21610,12.79,101.1497,0.024,183.8,1.131,19.27,88.9,0,0,0,19.3,19.6,0.078
"2022-11-29 00:00:00",21611,12.77,101.0928,0.21,225.4,10.41,19.37,89.2,0,0,0,19.88,20.16,0.078
"2022-11-29 01:00:00",21612,12.76,101.0522,0.097,232,3.117,18.54,93.6,0,0,0,19.07,19.68,0.078
"2022-11-29 02:00:00",21613,12.74,101.0198,0.351,226.7,9.04,18.18,93.7,0,0,0,18.65,18.8,0.077
"2022-11-29 03:00:00",21614,12.72,101.0035,0.582,222.8,13.79,17.93,95.8,0,0,0,18.32,18.43,0.077
"2022-11-29 04:00:00",21615,12.7,101.0117,0.62,214.8,14.15,17.69,96.3,0,0,0,17.94,18.15,0.077
"2022-11-29 05:00:00",21616,12.69,101.0522,0.829,213.8,18.69,17.38,96,0.984,0.162,0,17.78,17.85,0.077
"2022-11-29 06:00:00",21617,12.69,101.1253,0.914,207.7,21.72,18.02,93.6,43.52,3.173,0,17.79,18.33,0.076
"2022-11-29 07:00:00",21618,12.75,101.1659,1.041,210.7,21.18,19.13,95.4,125.1,6.917,0,19.16,19.79,0.076
"2022-11-29 08:00:00",21619,13.03,101.2227,0.985,188.7,22.47,19.85,97.5,194.1,10.9,0.508,20.41,20.91,0.076
"2022-11-29 09:00:00",21620,13.19,101.2146,0.839,204.2,27.39,20.28,93.1,303.8,17.9,0.508,20.85,21.62,0.076
"2022-11-29 10:00:00",21621,13.25,101.2258,0.539,214.2,19.33,21.64,93.1,333.7,19.74,0.254,22.5,23.46,0.076
"2022-11-29 11:00:00",21622,13.25,101.206,0.971,269.7,37.97,22.71,91,745.7,39.88,0.508,22.59,25.7,0.076
"2022-11-29 12:00:00",21623,13.2,101.1252,1.037,159.1,26.56,21.54,80.8,548,31.19,1.524,22.02,24.09,0.076
"2022-11-29 13:00:00",21624,13.69,101.0761,1.543,99.1,33.89,25.13,62.31,1003,50.91,0,25.94,28.91,0.078
"2022-11-29 14:00:00",21625,13.4,101.0274,2.196,85.9,29.14,25.52,60.57,971,48.49,0,30.09,31.1,0.08
"2022-11-29 15:00:00",21626,13.25,101.0112,2.083,91.2,35.46,25.65,60.45,766.7,38.45,0,30.14,30.78,0.08
"2022-11-29 16:00:00",21627,13.25,100.9949,2.267,82.6,34.63,25.56,57.52,659.8,30.01,0,29.29,30.19,0.079
"2022-11-29 17:00:00",21628,13,101.0031,1.742,98.4,37.81,24.7,62.5,336.4,15.24,0,25.39,27.42,0.079
"2022-11-29 18:00:00",21629,12.9,101.0605,1.683,84.9,29.39,23.34,74.34,96.6,5.548,0,23.5,24.01,0.079
"2022-11-29 19:00:00",21630,12.87,101.1009,0.438,104.5,28.02,21.38,79.89,4.236,0.505,0,21.47,22.44,0.078
"2022-11-29 20:00:00",21631,12.85,101.1497,0.045,129.2,9.82,20.14,81.6,0,0,0,20.36,21.06,0.078
"2022-11-29 21:00:00",21632,12.82,101.1821,0.072,172.8,1.774,18.88,86.1,0,0,0,19.03,19.42,0.077
"2022-11-29 22:00:00",21633,12.8,101.2471,0.109,199.3,7.13,19.57,87.4,0,0,0,19.14,19.55,0.077
"2022-11-29 23:00:00",21634,12.79,101.2146,0.005,210.9,0.004,18.2,93.8,0,0,0,18.46,19.08,0.077
"2022-11-30 00:00:00",21635,12.72,101.1745,0.034,211.7,0.142,17.16,94.6,0,0,0,17.74,18.03,0.077
"2022-11-30 01:00:00",21636,12.71,101.1178,0.143,227.2,5.865,17.22,93.5,0,0,0,17.61,17.71,0.076
"2022-11-30 02:00:00",21637,12.72,101.0714,0.034,218.1,0.38,16.56,97.4,0,0,0,17.26,17.61,0.076
"2022-11-30 03:00:00",21638,12.71,101.0229,0.242,207.8,11.06,16.77,92.6,0,0,0,17.16,17.25,0.076
"2022-11-30 04:00:00",21639,12.7,101.0287,0.274,205.2,12.6,17.12,92.7,0,0,0,17.11,17.24,0.076
"2022-11-30 05:00:00",21640,12.67,101.0719,0.347,199.1,15.43,17.38,90.6,1.368,0.162,0,17.06,17.17,0.075
"2022-11-30 06:00:00",21641,12.67,101.1334,0.35,206.4,17.95,18.77,83.6,94.6,4.103,0,17.29,18.3,0.075
"2022-11-30 07:00:00",21642,12.74,101.1511,0.673,191.5,23.48,21.48,75.65,324.1,13.97,0,20.12,22.12,0.075
"2022-11-30 08:00:00",21643,12.84,101.1816,0.597,176.1,24.38,24.48,62.04,556.3,25.63,0,23.87,25.63,0.075
"2022-11-30 09:00:00",21644,13,101.1654,0.407,136.5,17.8,24.99,56.25,433.2,25.32,0,25.23,26.14,0.075
"2022-11-30 10:00:00",21645,13.3,101.141,0.848,121,31.46,26.11,59.88,488.9,28.01,0,27.97,28.51,0.075
"2022-11-30 11:00:00",21646,13.4,101.1167,0.965,89.3,27.59,26.25,54.53,722.8,39.29,0,28.3,29.86,0.074
"2022-11-30 12:00:00",21647,13.81,101.0923,2.17,82.5,30.95,27.19,57.79,1153,57.63,0,32.9,33.78,0.074
"2022-11-30 13:00:00",21648,13.72,101.0274,2.28,81.5,29.86,27.16,52.14,1092,55.32,0,33.52,34.01,0.074
"2022-11-30 14:00:00",21649,13.29,100.9625,2.428,80.2,26.82,27.39,53.18,1005,49.16,0,33.91,34.53,0.073
"2022-11-30 15:00:00",21650,13.22,100.9138,2.77,77.87,24.08,26.92,61.24,852,40.73,0,32.43,33.47,0.073
"2022-11-30 16:00:00",21651,13.23,100.9057,3.202,77.31,23.93,26.39,66.23,649.5,29.6,0,30.27,31.74,0.072
"2022-11-30 17:00:00",21652,12.96,100.9463,2.965,76.8,24.78,25.62,69.49,410.7,17.32,0,26.36,29.13,0.072
"2022-11-30 18:00:00",21653,12.9,100.9712,2.467,78.46,23.85,24.3,77.73,105.3,6.029,0,24.2,25.05,0.071
"2022-11-30 19:00:00",21654,12.86,101.0196,1.865,76.93,20.23,22.8,81.4,4.619,0.569,0,22.66,23.39,0.071
"2022-11-30 20:00:00",21655,12.84,101.0685,1.635,69.88,15.13,22.08,81.9,0,0,0,22.02,22.32,0.071
"2022-11-30 21:00:00",21656,12.82,101.0928,1.018,71.81,13.18,21.67,84.2,0,0,0,21.41,21.69,0.071
"2022-11-30 22:00:00",21657,12.81,101.1253,0.704,72.46,10.57,21.45,85.3,0,0,0,21.03,21.29,0.071
"2022-11-30 23:00:00",21658,12.79,101.1253,0.118,66.81,3.309,20.46,91.9,0,0,0,19.72,20.38,0.071
"2022-12-01 00:00:00",21659,12.76,101.0604,0.042,66.14,0.038,18.23,97.5,0,0,0,18.94,19.39,0.07
"2022-12-01 01:00:00",21660,12.75,101.0198,0.358,232.7,10.56,18.07,97.5,0,0,0,18.86,18.97,0.07
"2022-12-01 02:00:00",21661,12.73,100.9792,0.139,230.6,6.097,18.01,97.7,0,0,0,18.83,18.91,0.07
"2022-12-01 03:00:00",21662,12.71,100.9305,0.21,225.2,8.14,18.34,96.5,0,0,0,18.77,18.9,0.07
"2022-12-01 04:00:00",21663,12.7,100.9386,0.052,212.7,1.71,17.82,98.1,0,0,0,18.47,18.82,0.07
"2022-12-01 05:00:00",21664,12.67,100.963,0.473,218.4,10.64,18.3,95.8,1.829,0.166,0,18.3,18.66,0.07
"2022-12-01 06:00:00",21665,12.67,101.0279,0.59,221,16.48,19.05,92.1,78.69,3.635,0,18.86,19.42,0.07
"2022-12-01 07:00:00",21666,12.9,101.0933,0.676,229.1,18.26,22.02,85.9,275.2,12.43,0,20.84,22.69,0.07
"2022-12-01 08:00:00",21667,13.04,101.1248,0.545,257.5,25.08,23.96,76.71,338,18.02,0,23.64,25.03,0.07
"2022-12-01 09:00:00",21668,13.31,101.0842,0.631,355.5,36.51,24.94,69.88,386.6,21.41,0,26.78,27.28,0.07
"2022-12-01 10:00:00",21669,13.34,101.0274,1.553,21.77,26.29,26.56,69.63,760.4,38,0,28.23,30.56,0.07
"2022-12-01 11:00:00",21670,13.39,100.9706,2.041,55.64,22.17,26.94,70.14,612.2,31.82,0,29.58,31.56,0.069
"2022-12-01 12:00:00",21671,13.5,100.8651,2.484,61.77,22.64,27.27,63.37,758.8,41.71,0,29.56,31.91,0.069
"2022-12-01 13:00:00",21672,13.5,100.7839,2.843,59.42,20.26,27.83,64.99,957,49.84,0,32.08,33.69,0.068
"2022-12-01 14:00:00",21673,13.44,100.6946,3.157,56.05,21.24,27.98,68.2,983,48.16,0,34.43,35.29,0.068
"2022-12-01 15:00:00",21674,13.18,100.6378,3.459,61.42,22.57,27.21,71.24,731.9,36.28,0,30.76,33.58,0.068
"2022-12-01 16:00:00",21675,13.23,100.5972,3.26,50.37,25.93,27.02,69.59,634.2,29.14,0,30.89,32.26,0.067
"2022-12-01 17:00:00",21676,13.03,100.6378,3.199,58.04,25.44,25.73,73.38,318,15.14,0,27.63,29.08,0.067
"2022-12-01 18:00:00",21677,12.89,100.6703,2.764,50.44,24.67,24.47,78.35,104.2,5.718,0,24.9,26.08,0.066
"2022-12-01 19:00:00",21678,12.87,100.7023,1.682,40.7,20.24,23.02,82.3,6.108,0.56,0,23.29,24.1,0.066
"2022-12-01 20:00:00",21679,12.84,100.76,0.804,34.74,16.37,21.93,86.4,0,0,0,22.56,22.93,0.066
"2022-12-01 21:00:00",21680,12.81,100.7681,0.525,31.14,7.659,21.33,89.1,0,0,0,22,22.28,0.066
"2022-12-01 22:00:00",21681,12.77,100.76,0.601,32.04,10.52,21.11,88,0,0,0,21.35,21.71,0.066
"2022-12-01 23:00:00",21682,12.79,100.7113,0.132,13.34,9.44,20.47,93.2,0,0,0,20.52,21.01,0.066
"2022-12-02 00:00:00",21683,12.77,100.6707,0.145,318.9,8.28,19.32,96.2,0,0,0,20.13,20.44,0.066
"2022-12-02 01:00:00",21684,12.75,100.6139,0.162,309.6,0.203,18.76,97.1,0,0,0,19.81,19.98,0.065
"2022-12-02 02:00:00",21685,12.73,100.549,0.074,309,0.083,18.54,97.6,0,0,0,19.56,19.69,0.065
"2022-12-02 03:00:00",21686,12.71,100.5571,0.088,259.9,9.71,18.27,98.4,0,0,0,19.1,19.28,0.065
"2022-12-02 04:00:00",21687,12.69,100.5408,0,0,0,17.18,99,0,0,0,18.31,18.74,0.065
"2022-12-02 05:00:00",21688,12.68,100.541,0.005,249.8,0,16.95,100,1.593,0.162,0,17.86,18.08,0.065
"2022-12-02 06:00:00",21689,12.67,100.5571,0.172,274.2,17.6,18.43,95.7,92.7,4.067,0,18.1,19.24,0.065
"2022-12-02 07:00:00",21690,12.74,100.5662,1.072,351.9,27.45,22.5,75.39,321,13.87,0,20.79,22.79,0.065
"2022-12-02 08:00:00",21691,12.84,100.508,2.071,0.35,32.2,25.48,66.14,570,25.82,0,25.31,26.48,0.065
"2022-12-02 09:00:00",21692,13.03,100.4106,2.239,356.2,33.35,27.15,63.87,792.6,37.57,0,27.47,29.25,0.065
"2022-12-02 10:00:00",21693,13.14,100.2645,2.293,352.6,35.07,28.58,56.37,937,46.11,0,30.27,32,0.064
"2022-12-02 11:00:00",21694,13.29,100.1427,2.428,359.5,35.8,30.39,46.82,1070,53.28,0,33.69,35.14,0.064
"2022-12-02 12:00:00",21695,13.66,100.0453,2.964,17.64,37.57,31.05,60.88,1110,54.8,0,35.61,36.16,0.063
"2022-12-02 13:00:00",21696,13.79,99.93982,3.935,30.07,28.36,29.94,59.85,1083,53.25,0,35.54,36.08,0.063
"2022-12-02 14:00:00",21697,13.37,99.84243,4.215,32.09,26.19,29.63,57.97,994,47.59,0,34.74,35.67,0.062
"2022-12-02 15:00:00",21698,13.27,99.76938,4.19,29.88,28.33,29.04,61.89,777.6,37.26,0,32.82,34.29,0.061
"2022-12-02 16:00:00",21699,13.27,99.68822,4.311,30.49,28.8,28.44,59.31,629.9,28.35,0,31.65,32.72,0.061
"2022-12-02 17:00:00",21700,13,99.71256,3.584,27.53,28.66,28,64.83,389.3,16.23,0,28.64,30.96,0.06
"2022-12-02 18:00:00",21701,12.9,99.73692,2.834,31.14,26.32,26.34,74.33,105.6,5.643,0,26.2,27.29,0.06
"2022-12-02 19:00:00",21702,12.84,99.73766,2.432,30.95,24.16,24.86,80.6,2.853,0.533,0,25.02,25.5,0.06
"2022-12-02 20:00:00",21703,12.83,99.82197,2.29,24.97,26.04,24.59,84.5,0,0,0,24.75,24.86,0.059
"2022-12-02 21:00:00",21704,12.83,99.87223,1.873,23.66,24.94,24.48,89.8,0,0,0,24.66,24.72,0.059
"2022-12-02 22:00:00",21705,12.81,99.92115,1.64,14.48,25.01,24.34,89.7,0,0,0,24.44,24.61,0.059
"2022-12-02 23:00:00",21706,12.8,99.93134,0.445,353.6,16.84,23.72,92.4,0,0,0,24.03,24.26,0.059
"2022-12-03 00:00:00",21707,12.78,99.8427,0.081,342.3,3.998,22.92,95.5,0,0,0,23.45,23.81,0.059
"2022-12-03 01:00:00",21708,12.76,99.81835,0.09,326.3,1.82,22.28,97.1,0,0,0,22.93,23.2,0.059
"2022-12-03 02:00:00",21709,12.69,99.94824,0.256,219.5,29.58,22.11,97.6,0,0,0,22.73,22.97,0.058
"2022-12-03 03:00:00",21710,12.7,99.98071,0.97,77.23,83.4,22.06,96.4,0.208,0,13.97,22.12,22.73,0.059
"2022-12-03 04:00:00",21711,12.7,99.98883,0.236,45.11,11.71,21.39,98.3,0.062,0,0.254,21.89,22.12,0.105
"2022-12-03 05:00:00",21712,12.65,100.0375,0.025,81.2,5.05,21.72,99.5,1.045,0.023,0,22.22,22.57,0.106
"2022-12-03 06:00:00",21713,12.69,100.0944,0.431,166.9,19.84,22.1,99.9,25.45,1.445,0,22.61,22.83,0.103
"2022-12-03 07:00:00",21714,12.71,100.2461,0.698,172.2,22.74,22.93,98.3,92.4,5.197,0,23.35,23.69,0.1
"2022-12-03 08:00:00",21715,12.72,100.3164,1.505,172.5,29.53,23,93.9,131.6,8.51,0,23.19,23.44,0.099
"2022-12-03 09:00:00",21716,13.06,100.2971,1.735,174.3,28.94,23.49,89,335.1,20.23,0,23.47,24.37,0.097
"2022-12-03 10:00:00",21717,13.36,100.3294,2.264,169.2,28.04,25.26,78.96,730.6,39.03,0,25.54,27.16,0.096
"2022-12-03 11:00:00",21718,13.38,100.37,2.17,175.2,25.68,25.7,84.1,556.3,31.3,0,26.29,28.09,0.094
"2022-12-03 12:00:00",21719,13.47,100.3294,2.25,169.7,25.23,25.71,71.51,708.3,39.32,0,26.21,27.93,0.092
"2022-12-03 13:00:00",21720,13.5,100.3132,2.487,164.2,26.51,27.23,76.55,904,47.94,0,28.63,30.74,0.091
"2022-12-03 14:00:00",21721,13.2,100.3051,2.133,165.8,25.06,24.54,80.1,238,14.8,0,25.64,26.55,0.089
"2022-12-03 15:00:00",21722,13.3,100.2888,2.233,165,24.51,24.65,75.26,389.8,23.1,0,25.76,26.61,0.088
"2022-12-03 16:00:00",21723,13.22,100.2726,2.205,156,23.56,24.85,78.14,358.7,18.55,0,25.84,26.97,0.087
"2022-12-03 17:00:00",21724,13,100.3213,1.954,156,22.75,24.39,75.59,213.2,11.23,0,24.98,25.97,0.086
"2022-12-03 18:00:00",21725,12.89,100.363,1.587,161.1,20.19,23.57,77.47,57.89,4.886,0,23.63,24.3,0.085
"2022-12-03 19:00:00",21726,12.87,100.4433,1.443,159.6,20.65,22.91,77.27,4.312,0.576,0,22.83,23.09,0.084
"2022-12-03 20:00:00",21727,12.84,100.5082,1.381,161.3,16.4,23.05,75.22,0,0,0,23.04,23.11,0.083
"2022-12-03 21:00:00",21728,12.83,100.5717,1.347,158.9,19.43,23.16,76,0,0,0,23.15,23.19,0.083
"2022-12-03 22:00:00",21729,12.82,100.7012,1.185,167.3,17.38,23.18,78.96,0,0,0,23.1,23.18,0.083
"2022-12-03 23:00:00",21730,12.8,100.6622,0.943,191.2,21.85,22.21,87.3,0,0,0,22.45,22.7,0.082
"2022-12-04 00:00:00",21731,12.79,100.6139,0.778,198.9,10.18,21.64,89.2,0,0,0,22.02,22.27,0.082
"2022-12-04 01:00:00",21732,12.77,100.6545,0.765,206.1,12.03,21.17,91.9,0,0,0,21.66,21.86,0.081
"2022-12-04 02:00:00",21733,12.76,100.6301,0.839,205,13.12,20.3,96.6,0,0,0,20.76,21.14,0.081
"2022-12-04 03:00:00",21734,12.74,100.5977,0.97,202.3,14.11,19.66,98.4,0,0,0,20.36,20.53,0.081
"2022-12-04 04:00:00",21735,12.72,100.6464,0.828,205.7,12.39,19.54,98.6,0,0,0,20.33,20.42,0.081
"2022-12-04 05:00:00",21736,12.7,100.687,0.644,207.3,12.67,19.61,97,0.265,0.037,0,20.37,20.45,0.08
"2022-12-04 06:00:00",21737,12.7,100.7032,0.503,205.1,10.01,19.98,94.7,28.3,1.611,0,20.5,20.79,0.08
"2022-12-04 07:00:00",21738,12.72,100.7844,0.792,206.9,10.86,20.97,89.4,107.9,5.965,0,21.07,21.73,0.079
"2022-12-04 08:00:00",21739,12.85,100.7668,0.962,203.1,13.96,21.81,86.4,143.1,8.75,0,22.45,22.75,0.079
"2022-12-04 09:00:00",21740,13.17,100.784,0.842,211.3,12.39,23.12,84,214.6,12.57,0,23.69,24.39,0.079
"2022-12-04 10:00:00",21741,13.32,100.7028,1.111,191.5,24.1,25.16,70.78,630.3,33.31,0,24.85,27.36,0.079
"2022-12-04 11:00:00",21742,13.58,100.6378,0.837,161.4,19.53,27.01,70.17,596.9,33.29,0,30.05,30.82,0.078
"2022-12-04 12:00:00",21743,13.47,100.5485,1.182,129.9,18.32,27.72,73.47,764.7,38.59,0,30.95,32.97,0.078
"2022-12-04 13:00:00",21744,13.28,100.5161,1.586,117.9,10.67,26.76,77.9,386.2,22.38,0,29.54,31.03,0.077
"2022-12-04 14:00:00",21745,13.27,100.4106,2.162,91.1,14.62,26.35,75.54,538.9,29.57,0,28.94,30.47,0.077
"2022-12-04 15:00:00",21746,13.24,100.3781,2.334,73.16,17.51,26.24,79.87,444.1,23.45,0,29.07,31.02,0.077
"2022-12-04 16:00:00",21747,13.26,100.2969,2.511,69.79,13.55,26.14,79.94,482.8,23.33,0,29.38,30.47,0.076
"2022-12-04 17:00:00",21748,13.04,100.3213,2.562,60.91,13.36,25.56,83.1,225.4,11.28,0,27.68,28.63,0.076
"2022-12-04 18:00:00",21749,12.9,100.3538,2.296,61.81,14.49,24.71,86.2,52.7,2.903,0,25.69,26.65,0.075
"2022-12-04 19:00:00",21750,12.87,100.4196,2.066,64.7,12.57,24.22,87.5,6.204,0.383,0,25.02,25.36,0.075
"2022-12-04 20:00:00",21751,12.86,100.4942,1.383,65.57,10.58,24.14,89.1,0,0,0,24.98,25.07,0.075
"2022-12-04 21:00:00",21752,12.82,100.5265,1.4,63.52,10.61,24.12,94.1,0,0,1.016,24.57,24.93,0.075
"2022-12-04 22:00:00",21753,12.8,100.5483,1.11,57.8,9.79,23.1,98.5,0,0,0.508,23.93,24.12,0.074
"2022-12-04 23:00:00",21754,12.75,100.5805,0.53,61.02,8.5,23.09,99.2,0,0,0,23.93,24.03,0.075
"2022-12-05 00:00:00",21755,12.73,100.4568,1.233,57.67,9.12,23.42,99.2,0,0,0,24.12,24.19,0.074
"2022-12-05 01:00:00",21756,12.73,100.3929,0.45,67.86,6.642,23.73,99.1,0,0,0,24.25,24.45,0.074
"2022-12-05 02:00:00",21757,12.72,100.3802,0.266,65.43,4.66,23.84,99.5,0,0,0,24.49,24.62,0.074
"2022-12-05 03:00:00",21758,12.67,100.3904,0.069,50.07,2.333,23.88,99.8,0,0,0,24.57,24.64,0.074
"2022-12-05 04:00:00",21759,12.66,100.3891,0.262,47.37,1.196,23.87,100,0,0,0,24.41,24.59,0.074
"2022-12-05 05:00:00",21760,12.65,100.3164,1.178,38.4,7.865,23.96,100,0.543,0.024,0,24.28,24.36,0.074
"2022-12-05 06:00:00",21761,12.65,100.3556,1.902,32.56,16,24.24,99.8,33.2,1.844,0,24.22,24.48,0.074
"2022-12-05 07:00:00",21762,12.64,100.443,0.769,14.86,11.56,25.13,98.8,19.49,1.418,0.508,24.94,25.15,0.074
"2022-12-05 08:00:00",21763,12.66,100.4106,0.428,9.01,6.191,25.33,99.6,78.89,4.93,0.508,25.35,25.75,0.074
"2022-12-05 09:00:00",21764,12.72,100.3456,0.64,16.91,10.54,25.44,99.1,115.2,7.533,0,25.97,26.22,0.074
"2022-12-05 10:00:00",21765,12.82,100.3456,1.163,12.41,10.87,26.24,93.9,179.3,11.66,0,26.33,26.68,0.074
"2022-12-05 11:00:00",21766,13.11,100.2158,1.619,7.667,19.38,27.93,87.8,421.7,24.27,0,27.34,28.44,0.075
"2022-12-05 12:00:00",21767,13.34,100.1833,1.808,354.7,23.97,29.89,80.5,626.7,34.29,0,29.85,31.49,0.075
"2022-12-05 13:00:00",21768,13.3,100.0616,1.806,0.318,29.91,31.25,74.22,710.7,38.07,0,32.59,33.77,0.075
"2022-12-05 14:00:00",21769,13.64,100.021,2.144,36.67,22.35,32.43,77.77,906,45.06,0,35.7,37.17,0.075
