"TOA5","Science Centre AWS","CR1000","88296","CR1000.Std.31.08","CPU:Vasi_Science Centre AWS.CR1","64103","Daily"
"TIMESTAMP","RECORD","WS_ms_S_WVT","WindDir_D1_WVT","WindDir_SD1_WVT","WS_ms_Max","AirTC_Min","AirTC_Max","RH_Min","RH_Max","SlrW_Max","SlrW_Std","CUV5_W_Max","CUV5_W_Std","CUV5_MJ_Tot","Rain_mm_Tot","T107_C_Min","T107_C_Avg","VW_Avg"
"TS","RN","meters/second","Deg","Deg","meters/second","Deg C","Deg C","%","%","W/m^2","W/m^2","W/m^2","W/m^2","MJ/m^2","mm","Deg C","Deg C",""
"","","WVc","WVc","WVc","Max","Min","Max","Min","Max","Max","Std","Max","Std","Tot","Tot","Min","Avg","Avg"
"2021-06-11 00:00:00",364,0.698,178.2,43.76,4.7,15.08,24.05,65.79,100,884,213,34.99,9.84,0.553,2.286,15.27,18.28,0.068
"2021-06-12 00:00:00",365,0.516,140.8,45.14,3.5,14.3,24.68,59.76,100,837,232.3,33.58,10.62,0.614,0.254,14.27,18.29,0.068
"2021-06-13 00:00:00",366,0.578,7.412,53.84,4.1,13.19,25.62,57.78,100,758.6,229.1,32.26,10.39,0.618,0,13.61,19.18,0.067
"2021-06-14 00:00:00",367,0.701,345.9,29.47,5.075,13.56,27.21,50.82,100,626.7,228.3,28.22,10.03,0.597,0,12.3,18.99,0.064
"2021-06-15 00:00:00",368,0.722,283.9,73.46,3.575,15.07,27.98,44.13,100,612.1,222.2,27.31,9.68,0.574,0,14.47,19.61,0.063
"2021-06-16 00:00:00",369,0.655,336.8,52.84,4.175,12.5,25.96,61.88,100,696.8,214.9,25.08,8.61,0.513,0,13.11,19.32,0.061
"2021-06-17 00:00:00",370,1.483,348.1,31.62,7.25,14.98,26.99,38.84,100,822,208.9,27.1,8.24,0.48,0,14.95,19.87,0.06
"2021-06-18 00:00:00",371,0.785,311.4,78.73,4.475,15.29,27.03,49.59,99.7,591.4,214.3,25.89,9.02,0.532,0,14.17,19.85,0.058
"2021-06-19 00:00:00",372,0.961,175.6,40.03,5.075,16.61,25.5,56.13,100,739,218.6,28.72,9.57,0.542,4.318,16.55,19.66,0.057
"2021-06-20 00:00:00",373,0.515,159.1,42.46,3.65,12.56,24.82,49.62,99.7,784.8,226.2,31.15,10.36,0.614,1.27,12.67,18.7,0.065
"2021-06-21 00:00:00",374,0.532,357.2,59.28,4.85,11.33,24.39,62.83,100,880,202.7,34.39,9.23,0.542,0,11.44,17.48,0.065
"2021-06-22 00:00:00",375,0.62,340.2,39.85,4.85,12.53,25.2,43.49,100,638.3,233.3,29.33,10.55,0.629,0,12.09,17.71,0.063
"2021-06-23 00:00:00",376,0.919,350,27.7,5.3,10.75,25.69,55.24,100,617.9,225.4,27.71,9.74,0.578,0,10.15,17.47,0.061
"2021-06-24 00:00:00",377,0.667,337.6,28.47,3.5,13.82,28.12,32.59,99.8,590.4,214,24.88,8.77,0.518,0,13.27,18.62,0.059
"2021-06-25 00:00:00",378,0.559,170.3,43.89,4.625,11.49,24.74,61.5,100,712.5,205.9,24.98,8.16,0.483,0,10.71,17.92,0.058
"2021-06-26 00:00:00",379,0.546,345.6,48.94,4.775,11.98,29.01,40.15,100,592.2,214.4,25.89,9.2,0.543,0,12.56,19.08,0.056
"2021-06-27 00:00:00",380,0.77,198.4,58.55,6.05,12.51,28.04,30.91,100,615.8,223.6,26.9,9.48,0.568,0,11.78,18.31,0.055
"2021-06-28 00:00:00",381,0.748,101.1,54.32,4.85,13.37,25.22,52,98.2,786.6,219,31.45,9.49,0.552,0,12.37,17.89,0.053
"2021-06-29 00:00:00",382,1.595,340.9,29.52,6.125,12.34,29.42,44.09,100,622.6,226.6,27.1,9.6,0.565,0,11.45,20.43,0.051
"2021-06-30 00:00:00",383,0.792,47.68,72.51,4.25,13.09,27.61,43.4,100,592.4,215.4,25.18,8.79,0.525,0,13.46,19.8,0.05
"2021-07-01 00:00:00",384,0.867,353.3,30.79,3.8,13.01,32.56,33.36,100,635.7,226.4,27.31,9.5,0.552,0,12.05,20.52,0.048
"2021-07-02 00:00:00",385,0.641,259,52.07,4.625,10.69,33.27,18.86,100,693.9,211.5,28.11,8.71,0.511,0,10.31,19.94,0.045
"2021-07-03 00:00:00",386,0.833,349.1,57.96,5.45,10.98,26.47,50.08,100,649.6,224.2,27.31,9.51,0.568,0,10.65,18.46,0.043
"2021-07-04 00:00:00",387,1.717,350.6,28.43,6.275,15.29,30.62,36.01,100,637.2,225.6,25.69,8.95,0.532,0,14.4,21.95,0.041
"2021-07-05 00:00:00",388,1.327,191.7,62.25,7.1,12.24,26.08,55.56,98.9,744.3,222.2,28.32,9.18,0.532,0,9.91,18.99,0.039
"2021-07-06 00:00:00",389,0.823,189.9,35.86,4.1,14.88,20.14,89.9,100,790.1,99.1,29.95,5.03,0.273,7.874,15.12,17.32,0.041
"2021-07-07 00:00:00",390,0.724,145.2,69.96,4.175,13.78,23.68,58.62,100,745.3,200.7,29.94,8.87,0.504,0,13.36,17.32,0.057
"2021-07-08 00:00:00",391,0.816,0.525,25.73,5.225,12.42,24.79,51.6,100,643.8,221.3,27.51,9.49,0.562,0,12.09,17.42,0.057
"2021-07-09 00:00:00",392,1.229,359.4,29.14,5.975,11.33,24.82,54.92,100,797.6,234.4,30.44,9.96,0.588,0,11.22,18.03,0.056
"2021-07-10 00:00:00",393,1.666,281.8,85.5,7.4,14.65,27.16,34.81,100,671.2,212.8,26.9,8.97,0.533,0,14.19,18.67,0.054
"2021-07-11 00:00:00",394,0.811,207.6,79.34,4.55,13.02,25.57,50.31,100,631.5,216,26.09,8.88,0.535,0,12.99,18.11,0.052
"2021-07-12 00:00:00",395,0.771,14.3,25.87,5.375,12.95,26.1,54.16,100,618.1,218.2,27.2,9.35,0.542,0,11.56,17.94,0.05
"2021-07-13 00:00:00",396,1.854,358.3,29.8,7.25,14.92,26.71,47.33,100,625.7,229.2,27.41,9.73,0.583,0,13.55,19.99,0.048
"2021-07-14 00:00:00",397,1.81,142.2,95.4,6.35,14.53,27.69,24.06,92.4,632.7,227.5,26.7,9.52,0.572,0,13.77,19.5,0.046
"2021-07-15 00:00:00",398,1.53,179.4,42.28,6.65,11.59,20.89,42.59,97.1,646.9,235.9,29.54,10.35,0.608,0,11.31,16.08,0.043
"2021-07-16 00:00:00",399,0.939,168.6,58.63,4.175,10.16,22.04,54.63,98.2,847,186.1,32.26,8.23,0.493,0,10.17,14.79,0.042
"2021-07-17 00:00:00",400,0.492,107,38.2,4.4,8.94,23.24,47.63,99.2,771.3,200.9,30.75,8.86,0.517,0,8.06,14.49,0.04
"2021-07-18 00:00:00",401,0.6,70.7,64.92,4.1,5.906,23.89,38.05,100,648.6,234.4,28.42,9.7,0.582,0,5.982,14.2,0.039
"2021-07-19 00:00:00",402,0.802,172.2,36.69,4.55,9.2,23.46,46.28,96.9,818,228.9,33.27,9.95,0.577,0,8.01,14.52,0.037
"2021-07-20 00:00:00",403,0.907,231.8,73.78,4.625,7.965,24.3,44.34,99.8,698.9,251,31.35,11.21,0.675,0,7.641,16.28,0.036
"2021-07-21 00:00:00",404,0.979,340.1,35.21,5.975,8.51,27.17,33.42,100,650.1,239.3,27.61,9.89,0.6,0,7.524,17.65,0.035
"2021-07-22 00:00:00",405,0.974,237.2,80.3,4.775,12.39,28.71,23.14,100,663.7,239.9,28.72,9.99,0.599,0,10.5,18.28,0.034
"2021-07-23 00:00:00",406,1.192,196.6,51.02,5.975,11.11,23.97,15.08,97.7,726.6,257.2,30.74,11.03,0.672,0,11,16.6,0.033
"2021-07-24 00:00:00",407,1.633,183.9,45.26,6.275,10.89,20.76,27.85,74.98,693.2,255.5,31.05,10.96,0.664,0,10.3,14.88,0.032
"2021-07-25 00:00:00",408,1.453,188.1,42.27,5.825,9.63,21.13,48.68,93.2,906,220,38.13,9.9,0.599,0,9.31,15.17,0.031
"2021-07-26 00:00:00",409,0.648,230.9,54.34,3.35,11.25,17.51,80.1,99.1,505.5,110.4,24.99,6.116,0.365,0.762,11.65,14.8,0.031
"2021-07-27 00:00:00",410,0.748,101.8,70.37,5.45,11.61,23.22,49.66,98.2,891,237.2,37.22,10.76,0.652,0,9.22,15.71,0.031
"2021-07-28 00:00:00",411,1.427,353.6,37.21,6.575,9.37,24.67,45.62,99,861,260.3,37.22,11.73,0.707,0,8.58,16.86,0.031
"2021-07-29 00:00:00",412,1.53,357.4,33.37,7.25,11.53,26.38,38.43,99.9,694.7,255.3,31.25,11.06,0.674,0,10.82,17.9,0.031
"2021-07-30 00:00:00",413,0.834,2.752,60.73,4.775,11.58,29.56,25.52,100,700.4,256.6,31.05,11.05,0.662,0,10.63,18.54,0.03
"2021-07-31 00:00:00",414,0.879,169.9,41.25,4.25,13.1,24.84,51.92,100,888,232.6,35.7,10.34,0.628,0,11.3,17.64,0.03
"2021-08-01 00:00:00",415,0.737,14.59,32.8,5.3,7.732,25.36,55.54,100,799.6,252.5,33.78,11.11,0.676,0,8.13,17.08,0.03
"2021-08-02 00:00:00",416,1.066,359,25.06,5.675,10.16,28.34,40.97,100,694.9,256.6,30.74,10.95,0.666,0,9.4,18.26,0.03
"2021-08-03 00:00:00",417,1.234,162.6,32.26,8,8.79,24.81,63.68,100,881,224.2,32.06,9.19,0.548,3.81,7.813,17.37,0.029
"2021-08-04 00:00:00",418,0.946,18.31,32.07,5.825,14.14,23.92,64.33,100,1003,226.9,41.17,10.45,0.633,0.762,13.63,18.97,0.03
"2021-08-05 00:00:00",419,1.296,355.9,30.48,6.425,12.19,25.4,47.22,100,688.4,253.8,30.04,10.79,0.661,0,12.17,18.19,0.032
"2021-08-06 00:00:00",420,0.849,15.18,24.48,5.45,10.79,25.7,58.99,100,687.1,252.8,29.83,10.63,0.652,0,10.89,18.23,0.032
"2021-08-07 00:00:00",421,1.364,340.4,68.6,5.9,12.44,31.69,27.45,100,690.9,255,29.73,10.67,0.652,0,11.45,20.72,0.033
"2021-08-08 00:00:00",422,0.879,163.8,38.59,5.15,14.23,25.56,56.29,99.9,782,263.6,33.47,11.87,0.733,0,13.18,18.72,0.032
"2021-08-09 00:00:00",423,1.091,359,27.37,6.725,9.04,28.43,37.2,100,749.3,275.7,34.38,12.34,0.762,0,9.23,18.8,0.032
"2021-08-10 00:00:00",424,2.108,32.7,97.1,7.175,15.73,31.68,28.23,100,647.1,230.7,23.66,7.715,0.471,0.254,14.68,20.42,0.031
"2021-08-11 00:00:00",425,1.403,179.4,45.14,5.825,11.93,21.49,60.99,98.1,933,206.1,36.82,9.61,0.533,1.016,11.6,16.54,0.031
"2021-08-12 00:00:00",426,1.73,351.5,57.4,7.475,8.39,23.95,48.26,99.2,913,252.3,34.79,10.9,0.673,0,9.1,17.7,0.031
"2021-08-13 00:00:00",427,1.816,345.4,85.3,6.575,13.83,34.21,24.22,91.8,671.7,242,27,9.17,0.558,0,12.93,21.64,0.03
"2021-08-14 00:00:00",428,1.696,190.5,43.81,6.275,12.46,18.95,71.68,99.3,186.9,39.22,10.62,2.326,0.136,4.318,12.79,14.34,0.03
"2021-08-15 00:00:00",429,0.855,190.2,40.61,3.875,11.97,20.3,67.57,100,960,227.9,35.91,9.81,0.507,3.302,12.29,15.37,0.037
"2021-08-16 00:00:00",430,0.65,1.769,41.16,4.925,13.67,22.75,58,100,892,213,36.81,9.43,0.5,0,13.52,17.41,0.05
"2021-08-17 00:00:00",431,1.083,7.137,32.78,5.9,13.62,24.49,60.09,98.9,950,219,38.23,10.07,0.636,0,13.16,18.82,0.05
"2021-08-18 00:00:00",432,1.858,357.4,29.74,7.175,14.17,25.91,53.88,100,930,266,35.8,11.45,0.71,0,13.88,20.1,0.048
"2021-08-19 00:00:00",433,1.441,357.9,31.01,4.775,16.05,31.63,31.72,100,683.8,250.2,28.11,9.96,0.609,0,15.07,22.31,0.045
"2021-08-20 00:00:00",434,1.354,149.1,51,5.6,17.25,25.89,64.32,98.6,870,259.5,34.38,10.96,0.658,0,16.72,21.06,0.043
"2021-08-21 00:00:00",435,1.116,155.4,40.82,4.7,16.67,24.54,54.27,94.8,955,264.9,38.53,12.15,0.748,0,16.87,20.44,0.041
"2021-08-22 00:00:00",436,0.675,20.38,21.71,5.375,16.35,24.64,68.09,100,1028,173.5,41.97,8.14,0.45,0,16.15,19.93,0.039
"2021-08-23 00:00:00",437,1.301,174.7,42.2,5.3,16.37,22.38,64.91,100,836,129.7,31.45,6.16,0.33,0,16.65,19.25,0.037
"2021-08-24 00:00:00",438,1.419,10.85,72.54,5.975,14.35,23.97,61.16,96.3,876,209.5,31.45,8.56,0.499,0,14.05,19.76,0.036
"2021-08-25 00:00:00",439,1.758,345.6,73.18,6.65,17.97,30.46,42.33,97,871,208.3,27.91,8.17,0.468,0,18.03,22.8,0.035
"2021-08-26 00:00:00",440,0.986,145.1,49.18,4.55,14.63,26.14,44.39,100,792.6,290.6,36.41,12.97,0.805,0,14.11,20.49,0.034
"2021-08-27 00:00:00",441,1.57,359.8,31.22,6.875,14.88,27.07,66.06,100,875,216.9,29.73,8.76,0.519,0,14.34,21.7,0.032
"2021-08-28 00:00:00",442,2.344,2.899,41.81,8,18.85,33.77,26.85,100,849,272.5,30.95,10.69,0.651,0,18.09,23.85,0.031
"2021-08-29 00:00:00",443,2.421,176.1,46.73,8.3,9.76,21.56,75.8,97.8,471.9,89.3,20.63,4.284,0.236,1.27,10.01,16.19,0.03
"2021-08-30 00:00:00",444,1.785,178.8,42.73,7.1,10.06,21.85,44.11,96.6,1081,320.4,45.52,14.75,0.938,0,9.76,15.58,0.03
"2021-08-31 00:00:00",445,1.54,351.6,43.19,7.1,8.38,26.93,36.57,97.7,830,309.1,38.33,13.76,0.867,0,8.33,18.08,0.03
"2021-09-01 00:00:00",446,1.288,359.9,52.29,5.6,14.19,33.23,21.21,100,836,311.5,38.03,13.71,0.867,0,12.17,21.91,0.03
"2021-09-02 00:00:00",447,1.506,147,38.91,6.05,15.16,24.29,61.36,96.5,1046,184.6,41.67,8.96,0.542,0,14.71,20.43,0.03
"2021-09-03 00:00:00",448,2.003,8.36,40.54,8.6,14.65,28.64,46.78,99,923,293,37.42,12.41,0.771,0,14.57,21.72,0.029
"2021-09-04 00:00:00",449,1.91,8.02,28.41,7.7,17.09,28.82,51.37,100,777,289.3,31.65,11.41,0.725,0,16.63,22.42,0.029
"2021-09-05 00:00:00",450,1.082,147,63.24,5.15,16.42,27.75,52.64,100,981,247.4,36,10.61,0.664,0,15.07,21.05,0.029
"2021-09-06 00:00:00",451,1.941,4.964,30.91,7.1,17.57,33.69,38.26,100,830,289.7,34.18,11.97,0.736,0,16.26,24.58,0.029
"2021-09-07 00:00:00",452,1.29,155.9,37.67,5.225,17.08,27.42,61.68,99.7,964,222.1,34.99,9.43,0.557,0,16.15,22.02,0.029
"2021-09-08 00:00:00",453,1.502,190.3,42.9,5.225,14.37,19.28,89.4,100,404.2,65.05,20.54,3.493,0.195,10.16,14.86,17.45,0.028
"2021-09-09 00:00:00",454,0.813,180.3,38.42,4.175,14.32,22.47,70.39,100,1112,191.8,44.71,9.37,0.539,5.588,14.78,17.51,0.077
"2021-09-10 00:00:00",455,0.576,110,34.08,5.075,12.44,26.15,50.2,100,1114,303.1,48.54,14.09,0.872,0,12.46,19.13,0.073
"2021-09-11 00:00:00",456,1.089,53.44,35.82,6.575,12.76,24.63,47.35,100,1245,329.8,51.88,15.2,0.977,0,12.78,19.3,0.068
"2021-09-12 00:00:00",457,1.695,4.806,31.69,8.3,11.33,26.47,46.66,100,1068,336.2,44.4,15.61,1.01,0,11.58,19.73,0.064
"2021-09-13 00:00:00",458,1.751,1.199,31.8,7.7,13.35,28.71,38.13,100,919,345.5,43.59,16.02,1.051,0,13.01,20.94,0.061
"2021-09-14 00:00:00",459,1.554,18.64,42.03,7.175,14.33,29.17,42.69,100,895,334.6,41.87,15.28,0.977,0,14.86,22.33,0.058
"2021-09-15 00:00:00",460,1.553,8.89,27.58,6.425,14.53,31.22,41.68,100,868,323.2,37.62,13.57,0.87,0,15.58,23.14,0.056
"2021-09-16 00:00:00",461,1.729,159.3,67.9,6.575,17.52,26.92,63.01,98.9,1012,291.1,39.34,12.3,0.759,0,17.01,21.84,0.053
"2021-09-17 00:00:00",462,0.86,173.9,46.17,3.575,17.46,23.07,72.26,100,442.7,99.3,22.25,5.304,0.304,9.14,18.03,20.17,0.055
"2021-09-18 00:00:00",463,1.736,177.1,45.62,6.65,14.65,22.53,64.63,100,1337,262.6,59.27,13.14,0.747,2.286,14.95,18.35,0.082
"2021-09-19 00:00:00",464,1.014,165.1,41.29,4.925,11.15,23.53,43.59,97.7,1399,316.3,60.88,15.01,0.976,0,12.04,17.66,0.073
"2021-09-20 00:00:00",465,2.034,4.809,34.02,7.7,11.94,25.16,45.29,98.7,954,323.5,41.87,14.51,0.934,0,12.04,19.97,0.069
"2021-09-21 00:00:00",466,2.465,6.377,48.88,7.7,17.39,26.17,51.27,98,920,241.3,35.09,9.9,0.586,0.254,16.8,21.37,0.065
"2021-09-22 00:00:00",467,1.881,168.6,44.7,7.1,15.58,22.01,61.05,97.1,1066,118.6,47.84,6.47,0.373,0.762,15.34,19.16,0.063
"2021-09-23 00:00:00",468,1.117,174.1,43.23,5.9,11.03,24.51,42.35,96.9,1290,330.9,55.82,15.69,1.019,0,11.72,18.45,0.061
"2021-09-24 00:00:00",469,1.391,13.39,36.46,8.08,11.13,25.11,47.42,98.1,1227,347.1,53.2,16.03,1.046,0,11.77,19.76,0.059
"2021-09-25 00:00:00",470,1.641,8.88,35.49,7.025,14.37,28.4,46.16,99.1,928,347,43.49,15.9,1.049,0,14.56,21.51,0.056
"2021-09-26 00:00:00",471,1.341,13.25,32.65,7.1,13.68,29.39,54.91,100,1007,330.4,44.09,14.24,0.928,0,14.2,22.14,0.053
"2021-09-27 00:00:00",472,1.314,17.8,51.76,6.2,16.67,32.86,38.77,100,954,359.1,44.19,16.29,1.09,0,16.94,24,0.05
"2021-09-28 00:00:00",473,1.615,11.02,30.39,7.55,17.89,32.38,43.04,100,932,351.8,43.49,15.93,1.029,0,17.11,25.12,0.045
"2021-09-29 00:00:00",474,1.187,151.7,39.86,5.45,17.33,27.34,63.91,97.4,1133,279.5,42.78,11.96,0.794,0,16.28,22.72,0.041
"2021-09-30 00:00:00",475,1.177,146.7,36.98,5.825,19.31,26.74,62.14,97.9,1113,188.3,39.24,8.34,0.486,0,19.64,22.66,0.039
"2021-10-01 00:00:00",476,1.47,89.4,48.32,5.45,17.71,25.52,55.75,97.7,1164,215.1,43.29,9.87,0.618,0.508,18.08,22.11,0.037
"2021-10-02 00:00:00",477,1.484,339.9,32.92,6.8,18.04,27.09,62.09,96.9,750.8,143.7,28.92,6.562,0.373,0,18.45,22.93,0.035
"2021-10-03 00:00:00",478,1.021,28.08,72.93,7.475,18.51,26.33,69.46,100,1046,139.1,39.85,6.651,0.318,51.05,18.45,21.6,0.06
"2021-10-04 00:00:00",479,1.288,183,41.52,5.375,15.2,19.02,94.6,100,604,84.8,32.68,4.914,0.292,11.18,15.58,17.47,0.088
"2021-10-05 00:00:00",480,1.051,141.9,52.58,4.925,14.66,22.59,55.73,98.6,987,163.4,42.48,9.03,0.599,0,15.15,19.01,0.075
"2021-10-06 00:00:00",481,1.332,54.13,46.04,5.975,16.83,24.21,65.93,94.7,1390,194.4,60.27,10.28,0.677,0,17.17,21.44,0.069
"2021-10-07 00:00:00",482,0.679,95.8,25.57,4.925,18.79,22.85,86,100,1157,148.9,50.77,8.52,0.52,5.334,18.63,20.57,0.073
"2021-10-08 00:00:00",483,1.488,41.62,26.12,5.525,18.88,24.12,67.87,96.6,1021,149.8,40.25,7.619,0.483,0,19.15,21.14,0.077
"2021-10-09 00:00:00",484,2.357,22.68,35.55,8.15,19.91,27.07,61.17,91.9,1323,277,56.43,13.16,0.775,0,19.65,22.75,0.071
"2021-10-10 00:00:00",485,2.298,33.65,74.59,7.625,19.48,32.06,44.45,94,983,374.2,47.33,17.59,1.182,0,18.86,24.8,0.066
"2021-10-11 00:00:00",486,1.756,166.6,41.62,6.725,15.5,24.43,61.75,97.7,1470,264.5,66.56,13.43,0.796,1.27,15.64,19.66,0.062
"2021-10-12 00:00:00",487,1.203,67.1,78.14,6.275,13.63,23.82,43.02,89.7,1402,375.8,59.26,17.59,1.118,0,13.6,19.34,0.06
"2021-10-13 00:00:00",488,1.671,5.868,29.28,6.725,11.59,28.9,41.21,98.5,1150,374.6,50.67,16.85,1.159,0,12.24,20.98,0.057
"2021-10-14 00:00:00",489,1.617,6.976,30.5,6.425,16.36,35.21,23,100,1037,399.5,48.34,18.08,1.223,0,15.01,24.38,0.054
"2021-10-15 00:00:00",490,1.97,13.17,50.08,6.275,17.72,38.63,20.11,99.8,1002,373.8,42.68,15.18,1.03,0,17.51,26.24,0.049
"2021-10-16 00:00:00",491,1.688,73.19,74.9,6.2,18.45,27.96,57.13,98.1,963,362,42.48,15.22,1.027,0,18.48,24.11,0.044
"2021-10-17 00:00:00",492,2.215,107.4,91.9,7.175,20.2,34.58,40.37,100,1064,333.3,41.26,14.13,0.904,0,20.54,25.43,0.04
"2021-10-18 00:00:00",493,1.124,154,35.89,4.625,16.1,21.44,79.53,99.8,174.3,40.59,10.22,2.542,0.165,5.588,16.43,18.38,0.038
"2021-10-19 00:00:00",494,1.202,169.6,38.52,6.2,13.25,20.87,67.44,100,1437,231.4,67.16,12.12,0.689,9.4,13.7,16.96,0.075
"2021-10-20 00:00:00",495,0.827,147.1,46.17,5.15,11.61,23.2,49.17,96.5,1571,307.8,68.78,14.74,0.987,0,12.51,17.57,0.078
"2021-10-21 00:00:00",496,1.246,28.65,51.67,6.65,11.07,24.2,46.73,97.4,1510,348.6,63.51,16.38,1.14,0,12.22,19.18,0.072
"2021-10-22 00:00:00",497,2.017,16.15,29.03,7.625,12.07,27.72,48.78,99.3,1020,387.9,49.66,18.32,1.263,0,13.34,22.04,0.068
"2021-10-23 00:00:00",498,2.925,12.81,29.53,7.55,19.84,29.84,50.81,92.7,1312,358.1,55.02,16.39,1.048,0,19.8,24.49,0.064
"2021-10-24 00:00:00",499,2.247,17.35,49.12,7.475,19.48,32.64,43.2,96.3,1027,390.3,49.76,18.43,1.27,0,19.13,25.97,0.06
"2021-10-25 00:00:00",500,2.778,149.4,39.37,9.65,19.11,23.75,58.08,81.8,935,187.4,44.3,10.17,0.685,0,19.36,21.98,0.057
"2021-10-26 00:00:00",501,0.959,192.1,39.05,4.7,16.34,19.66,70.6,100,215.6,45.41,13.56,2.944,0.173,27.94,16.78,18.15,0.071
"2021-10-27 00:00:00",502,0.58,178.4,34.66,4.1,16.14,25.76,71.13,100,1156,214.4,54,12,0.715,20.57,16.59,21.01,0.089
"2021-10-28 00:00:00",503,0.724,120.6,31.44,5.075,18.97,24.39,70.15,97.1,1037,171.3,41.67,9.65,0.639,0.508,18.93,21.81,0.073
"2021-10-29 00:00:00",504,1.364,58.99,25.14,6.35,18.07,26.14,56.49,96.2,1498,363.5,66.54,17.25,1.132,0.508,18.22,22.46,0.07
"2021-10-30 00:00:00",505,2.242,15.22,29.58,8,17.77,26.52,51.49,97.8,1305,325.9,57.14,15.9,1.118,1.778,18.26,23.01,0.067
"2021-10-31 00:00:00",506,1.254,79.91,92.2,6.5,16.04,26.81,58.94,98.5,1405,222,62.3,11.11,0.7,1.524,16.42,20.99,0.065
"2021-11-01 00:00:00",507,0.818,128.1,45.71,4.925,14.19,27.43,50.74,98.9,1305,401.3,62.7,19.88,1.395,0,14.8,21.95,0.064
"2021-11-02 00:00:00",508,1.599,23.78,24.5,6.8,15.12,29.21,55.16,100,1164,403.8,55.82,19.88,1.404,0,16.11,24.11,0.062
"2021-11-03 00:00:00",509,1.712,163.1,56.23,7.7,18.7,27.88,58.84,99.9,1287,354.6,57.04,17.04,1.075,0,18.95,23.36,0.058
"2021-11-04 00:00:00",510,0.973,154,48.93,4.4,16.5,27.26,53.79,97,1324,325.3,57.04,15.76,1.062,0,17.39,22.51,0.055
"2021-11-05 00:00:00",511,1.448,42.49,33.94,7.175,16.18,27.9,48.89,98.7,1159,397.9,53.8,19.06,1.311,0,16.56,24.1,0.05
"2021-11-06 00:00:00",512,1.634,13.84,33.75,7.625,19.28,28.46,70.48,98.4,1396,203.7,61.89,10.72,0.597,2.54,19.48,24.07,0.046
"2021-11-07 00:00:00",513,1.117,111.8,76.61,8.53,20.38,28.96,67.6,99.2,1375,358.3,59.87,16.75,1.122,5.08,19.92,25.51,0.044
"2021-11-08 00:00:00",514,0.938,98.6,48.55,5.975,20.04,30.26,68.57,100,1337,370.8,60.68,18.03,1.117,0.254,20.82,25.85,0.051
"2021-11-09 00:00:00",515,0.879,2.12,37.54,5,21.51,27.96,76.45,100,1211,195.2,50.97,9.58,0.53,7.874,22.07,24.84,0.078
"2021-11-10 00:00:00",516,1.912,168.9,44.17,7.1,17.62,25.8,65.48,99.2,1271,262.7,56.84,13.12,0.862,0,18.27,22.93,0.076
"2021-11-11 00:00:00",517,1.083,110.1,69.62,5,15.66,27.49,45.94,98.1,1344,406,62.7,19.14,1.347,0,16.19,22.94,0.07
"2021-11-12 00:00:00",518,0.934,60.8,25.13,4.7,16.67,28.33,62.3,100,1345,263.5,55.22,12.56,0.808,0,17.66,23.76,0.065
"2021-11-13 00:00:00",519,1.948,14.76,61.33,6.95,20.4,31.59,55.86,97.7,1360,377.5,57.04,17.93,1.173,0,20.91,26.19,0.062
"2021-11-14 00:00:00",520,0.87,80.6,51.43,5.075,19.21,29.16,60.63,99.4,1454,317.6,63.81,15.88,0.995,1.778,20.33,24.77,0.058
"2021-11-15 00:00:00",521,1.035,156.2,33.27,5.525,21.77,27.25,69.89,100,1334,247.7,55.02,11.78,0.715,0,21.79,24.33,0.055
"2021-11-16 00:00:00",522,1.342,22.75,42.89,5.75,20.32,29.2,66.8,98.3,1459,267.9,54.41,12.53,0.831,0,20.87,25.39,0.051
"2021-11-17 00:00:00",523,1.701,75.2,86.1,6.725,21.7,38.05,41.48,100,1036,382.6,43.49,16.1,1.046,0,22.08,27.31,0.047
"2021-11-18 00:00:00",524,1.249,21.96,83.5,4.7,21.45,30.82,58.34,96.8,1397,325.2,54.81,14.67,0.966,0,21.84,26.72,0.041
"2021-11-19 00:00:00",525,2.179,142.3,85.8,8.97,19.24,30.19,54.08,98,1354,377.8,56.23,16.93,1.039,0,19.63,25.71,0.037
"2021-11-20 00:00:00",526,1.143,161.7,46.11,5.525,17.45,27.71,43.74,93.1,1428,391.9,60.68,17.93,1.167,0,17.86,23.37,0.034
"2021-11-21 00:00:00",527,0.607,156.8,48.33,3.5,18.07,24.74,58.54,97.7,715.2,139.5,37.93,7.959,0.497,0.762,18.69,21.42,0.033
"2021-11-22 00:00:00",528,0.86,29.57,30.28,4.925,19.45,25.98,62.42,91.7,716.6,137.8,39.95,8.1,0.533,0,19.35,22.78,0.032
"2021-11-23 00:00:00",529,1.286,7.897,27.86,5.45,20.27,27.1,76.61,99.4,1632,214.6,73.23,11.68,0.676,8.38,20.75,23.03,0.039
"2021-11-24 00:00:00",530,1.116,175.3,53.06,5.9,19.25,28.72,63.24,100,1548,318.2,71.4,16.26,0.931,8.89,19.31,23.37,0.076
"2021-11-25 00:00:00",531,1.653,170.9,45.95,5.6,18.34,27.64,37.84,94.5,1700,396.6,74.13,19.26,1.339,0,18.18,23,0.073
"2021-11-26 00:00:00",532,1.101,165.2,48.87,5.3,17.26,27.28,53.55,98.9,1479,300.1,68.16,15.65,0.977,2.794,17.66,22.12,0.068
"2021-11-27 00:00:00",533,0.478,133.7,35.04,4.175,17.48,23.3,61.54,98.9,593.3,134.8,29.94,8,0.528,0.254,18.3,20.75,0.066
"2021-11-28 00:00:00",534,0.917,38.29,25.17,5.225,17.25,25.04,54.35,89.3,1200,221.4,61.69,12.07,0.853,0,17.43,21.82,0.065
"2021-11-29 00:00:00",535,2.318,359.3,37.02,7.475,18.25,28.01,55.37,94,1282,323.9,60.48,16.38,1.09,0,18.7,23.83,0.062
"2021-11-30 00:00:00",536,1.429,28.51,35.94,6.125,20.45,31.48,50,96.9,1102,409.6,53.9,19.97,1.287,0,20.09,26.14,0.058
"2021-12-01 00:00:00",537,1.62,26.11,26.46,6.65,21.76,30.94,63.68,97.1,1513,369.6,66.14,17.97,1.211,0,22.27,27.03,0.054
"2021-12-02 00:00:00",538,1.229,76.2,64.98,4.85,21.14,29.85,64.49,99,1375,340.4,61.69,16.57,1.185,0,21.44,26.99,0.05
"2021-12-03 00:00:00",539,2.395,16.59,28.45,6.275,22.61,34.47,43.58,98.2,1110,407.5,54.61,19.77,1.433,0,22.74,28.51,0.044
"2021-12-04 00:00:00",540,0.803,150.3,29.64,5.45,21.37,28.64,74,99.8,1335,182.6,61.09,9.56,0.678,0,22.55,25.37,0.039
"2021-12-05 00:00:00",541,1.301,62.41,48.15,5.9,20.57,30.04,67.81,100,1329,338.8,58.45,16.36,1.099,0,21.32,27.12,0.037
"2021-12-06 00:00:00",542,1.043,20.84,21.79,4.625,21.47,29.72,71.99,100,1566,232.9,68.97,12.61,0.687,28.45,22.42,25.64,0.082
"2021-12-07 00:00:00",543,1.211,5.293,49.2,5.975,23.38,34.47,49.81,100,1567,338,66.54,16.46,1.088,0.254,23.88,27.92,0.074
"2021-12-08 00:00:00",544,1.166,158.4,33.41,5.525,22.17,30.02,55.98,99.1,1418,336.7,61.89,16.45,1.085,0.254,22.77,26.18,0.068
"2021-12-09 00:00:00",545,0.702,158.1,8.84,4.475,21.89,30.08,60.92,100,1457,356.9,64.52,17.95,1.158,0.762,22.77,27.01,0.064
"2021-12-10 00:00:00",546,1.579,33.59,47.1,6.2,22.63,34.77,44.83,99.8,1255,409.3,57.44,19.88,1.347,0,23.54,28.65,0.06
"2021-12-11 00:00:00",547,1.495,20.57,32.59,7.1,22.68,31.9,70.89,99.6,1309,359.2,59.87,17.63,1.064,1.524,23.22,28,0.055
"2021-12-12 00:00:00",548,1.683,20.74,23.55,5.9,23.4,32.87,63.79,100,1113,403.7,53.2,19.61,1.338,0,24.02,29.16,0.051
"2021-12-13 00:00:00",549,1.124,19.76,27.07,4.55,23.48,37.05,41.26,100,1531,314.5,67.96,15.77,1.107,0,24.61,30.29,0.045
"2021-12-14 00:00:00",550,0.336,4.854,16.79,3.35,22.76,31.15,70.79,99.5,1727,208.7,74.84,11.53,0.642,3.556,23.15,26.84,0.041
"2021-12-15 00:00:00",551,1.05,79.84,81.8,5.75,22.21,34.35,48.35,98.5,1321,364.9,64.42,18.31,1.254,0.508,22.41,27.09,0.039
"2021-12-16 00:00:00",552,1.282,23.42,44.81,6.05,21.16,33.01,61.17,97.7,1380,385.3,59.67,18.65,1.293,0,21.87,28.39,0.037
"2021-12-17 00:00:00",553,1.346,152.2,48.61,6.275,18.65,32.48,60.71,100,1383,295.3,60.88,14.48,0.844,3.81,19.47,25.83,0.035
"2021-12-18 00:00:00",554,1.633,176,30.2,7.925,16.24,24.02,70.72,100,1218,210.4,61.3,12,0.723,21.08,17.22,19.68,0.071
"2021-12-19 00:00:00",555,0.84,165.7,37.79,5,14.68,24.95,55.11,99.6,1654,270.7,75.05,14.14,1,0,15.22,20.59,0.083
"2021-12-20 00:00:00",556,0.737,90.7,34.24,4.85,16.78,27.02,51.27,96,1539,357,69.88,17.99,1.192,0.254,16.98,23.89,0.073
"2021-12-21 00:00:00",557,0.913,48.4,19.29,6.725,18.13,28.27,58.55,98.7,1479,319.2,65.53,15.84,1.105,0,19.84,25.2,0.068
"2021-12-22 00:00:00",558,1.248,28.27,19.93,5.975,20.52,28.51,65.46,97.2,1254,249.4,57.85,12.74,0.771,0,21.47,25.15,0.064
"2021-12-23 00:00:00",559,1.944,12.49,26.96,7.1,21.75,32.7,56.37,98.3,1274,408.9,61.08,20.14,1.333,10.41,22.42,27.32,0.062
"2021-12-24 00:00:00",560,0.721,158.5,29.64,4.4,20.7,30.79,58.4,100,1464,308.7,61.89,14.96,0.956,0,21.63,25.88,0.084
"2021-12-25 00:00:00",561,0.894,139.1,37.5,5.6,20.55,27.7,70.5,100,1554,303.8,71.7,15.89,0.931,10.16,21.33,24.1,0.087
"2021-12-26 00:00:00",562,1.077,72.62,34.8,5.525,19.81,27.89,61.98,98.2,1534,300.2,67.56,14.98,1.114,0,20.33,25.7,0.077
"2021-12-27 00:00:00",563,1.275,27.19,14.66,6.05,22.02,27.65,72.31,99.4,992,173.8,53,9.75,0.684,0.254,22.7,25.1,0.071
"2021-12-28 00:00:00",564,1.471,10.98,29.34,9.2,19.7,30.52,71.04,100,1157,190.2,58.86,10.85,0.608,37.85,20.78,25.09,0.08
"2021-12-29 00:00:00",565,1.242,129.6,77.96,5.6,21.61,30.26,63.57,100,1305,396.1,62.6,19.63,1.446,0,21.66,26.59,0.08
"2021-12-30 00:00:00",566,1.022,72.87,51.96,5.525,19.98,29.04,58.71,97.7,1324,416.1,62.3,20.16,1.408,0,20.64,27.59,0.07
"2021-12-31 00:00:00",567,1.172,36.78,37.97,7.775,20.9,30.33,77.24,100,1431,246.6,63.12,12.9,0.699,35.05,21.51,25.85,0.084
"2022-01-01 00:00:00",568,0.658,182.1,18.41,4.7,20.83,26.05,73.58,100,488.8,134.2,28.73,7.896,0.555,0.508,21.27,23.81,0.083
"2022-01-02 00:00:00",569,1.133,18.23,37.76,5.975,19.41,29.86,65.71,100,1534,380,67.56,18.17,1.272,1.524,20.46,26.84,0.074
"2022-01-03 00:00:00",570,0.327,155.4,26.24,4.175,22.03,26.82,82.4,100,1373,189.3,60.78,10.36,0.561,21.59,22.6,25.09,0.088
"2022-01-04 00:00:00",571,0.814,114.4,49.62,4.1,21.23,29.93,68.7,100,1550,361,68.57,18.03,1.27,0,21.68,27.43,0.078
"2022-01-05 00:00:00",572,1.277,23.67,30.48,6.275,21.33,31.69,71.53,100,1280,205,57.04,10.58,0.624,0,22.77,26.34,0.072
"2022-01-06 00:00:00",573,1.301,12.96,44.62,6.425,21.36,34.74,52.42,100,1221,403.4,59.16,19.73,1.431,7.874,22.21,28.27,0.087
"2022-01-07 00:00:00",574,0.622,116.5,52.73,4.25,22.33,30.12,76.35,100,1454,309.1,66.34,15.48,0.979,45.47,23.4,27.13,0.089
"2022-01-08 00:00:00",575,0.827,71.92,12.36,5.3,21.45,31.39,55.68,100,1612,384.8,72.41,18.58,1.205,0,22.75,27.88,0.076
"2022-01-09 00:00:00",576,0.859,75.71,12.59,5.75,21.62,29.53,64.1,99,1221,265.7,53.8,13.7,1.033,0,22.48,27.15,0.07
"2022-01-10 00:00:00",577,0.966,81.9,18.4,4.625,19.72,30.09,51.94,98.5,1254,410.8,62.09,19.98,1.364,0,21.66,27.52,0.066
"2022-01-11 00:00:00",578,0.898,56.93,17.8,5.45,18.56,31.77,55.82,98.8,1397,429.5,66.24,20.56,1.486,0,20.12,28.49,0.06
"2022-01-12 00:00:00",579,0.865,15.57,27.87,4.925,23.13,32.39,58.15,99.2,1465,345.6,64.32,16.85,1.175,0,24.51,29.37,0.053
"2022-01-13 00:00:00",580,0.795,165.9,24.92,4.25,22.98,31.24,71.52,100,1543,322.5,69.98,16.32,1.081,6.858,23.55,26.95,0.05
"2022-01-14 00:00:00",581,0.835,106.3,43.25,5,22.03,32.26,64.05,99.9,1461,384,66.54,19.06,1.306,0,22.58,28.85,0.051
"2022-01-15 00:00:00",582,0.584,77.58,10.85,4.475,22.41,30.92,66.6,100,1507,274.3,70.39,14.73,0.94,1.524,23.67,27.39,0.049
"2022-01-16 00:00:00",583,0.854,76.41,13.04,5.45,19.54,30.44,55.33,99.9,1287,428.7,63.51,21.33,1.492,0,21.74,28.01,0.046
"2022-01-17 00:00:00",584,0.794,55.6,17.61,5.675,18.3,30.95,62.48,100,1634,306.8,71.6,16.11,1.031,0,19.8,26.98,0.041
"2022-01-18 00:00:00",585,0.766,81.2,19.9,4.925,22.23,31.7,50.56,99.8,1657,426.7,77.47,21.06,1.317,0.254,22.47,28.81,0.038
"2022-01-19 00:00:00",586,0.821,78.84,28.56,5.3,20.4,30.62,54.32,99.5,1560,317.7,70.99,16.12,1.13,0,21.44,27.37,0.035
"2022-01-20 00:00:00",587,0.374,68.79,50.92,3.65,19.26,31.58,57.52,100,1553,280,70.4,14.06,0.978,3.556,20.27,26.73,0.033
"2022-01-21 00:00:00",588,0.616,110.7,34.76,5.45,20.66,30.05,54.48,98.6,1529,401.2,69.28,19.57,1.271,1.016,21.16,26.62,0.033
"2022-01-22 00:00:00",589,0.749,121.5,27.57,5.15,18.7,30.64,49.57,99.9,1386,428.2,64.93,20.48,1.408,0.254,20.17,27.07,0.033
"2022-01-23 00:00:00",590,0.918,144.9,30.82,7.1,20.45,30.06,53.86,99.8,1448,394.9,67.56,18.99,1.244,6.096,21.25,25.56,0.033
"2022-01-24 00:00:00",591,0.87,134.4,27.23,6.2,20.82,29.8,54.1,96.3,1613,381.9,73.02,18.76,1.242,3.048,20.79,25.94,0.034
"2022-01-25 00:00:00",592,0.732,66.97,39.85,4.925,20.26,30.32,57.41,97.2,1531,307.5,72.41,15.71,1.079,1.524,20.66,25.89,0.036
"2022-01-26 00:00:00",593,0.705,75.02,21.85,5.525,19.52,31.22,63.05,100,1215,276.2,59.87,14.43,1.048,0,20.43,27.09,0.036
"2022-01-27 00:00:00",594,0.746,90.9,20.44,4.625,22.21,32.17,58.15,99.7,1435,366,66.75,18.4,1.258,0,22.65,28.62,0.036
"2022-01-28 00:00:00",595,0.874,18.83,18.83,4.775,24.23,31.47,69.74,100,1511,310,74.04,16.09,1.085,2.794,24.8,28.16,0.034
"2022-01-29 00:00:00",596,1.408,21.91,51.42,6.35,21.51,36.08,50.54,100,1297,392.6,61.59,19.28,1.261,98.6,21.57,28.83,0.042
"2022-01-30 00:00:00",597,0.669,164.9,21.9,5.675,21.93,29.44,65.07,100,1578,235.4,73.03,13.24,0.802,2.794,21.97,24.58,0.083
"2022-01-31 00:00:00",598,0.386,142,27.44,4.1,21.95,30.34,62.36,100,1531,387.5,72.01,19.71,1.307,13.46,22.41,26.99,0.087
"2022-02-01 00:00:00",599,0.42,22.47,21.01,4.025,22.78,30.2,65.94,100,1075,218.4,47.53,11.18,0.833,12.45,22.71,26.1,0.085
"2022-02-02 00:00:00",600,0.827,39.03,19.09,6.2,21.51,31.6,57.71,100,1379,353.7,64.32,17.58,1.214,0,22.31,27.68,0.077
"2022-02-03 00:00:00",601,1.197,18.31,23.12,6.875,23.3,32.27,61.96,99.6,1375,379,63.71,18.69,1.283,0,24.04,28.44,0.069
"2022-02-04 00:00:00",602,1.442,20.18,21.47,6.275,23.09,34.5,58.04,100,1228,406.9,58.25,19.54,1.385,0,24.03,29.42,0.063
"2022-02-05 00:00:00",603,0.558,189.3,19.79,4.25,22.39,27.95,87.6,100,1102,149.1,47.33,8.65,0.521,13.21,22.91,25.68,0.082
"2022-02-06 00:00:00",604,0.892,175.6,30.02,5.525,21.22,29.28,71.83,100,1493,363.4,71.61,17.98,1.111,11.18,21.73,24.89,0.094
"2022-02-07 00:00:00",605,0.735,166.4,24.57,5.3,21.59,28.74,78.28,100,1485,318,72.82,16.48,0.99,46.23,21.97,24.53,0.098
"2022-02-08 00:00:00",606,0.765,166.8,26.68,5.225,21.5,30.1,65.43,100,1485,377.8,69.78,18.71,1.217,2.54,21.85,25.58,0.083
"2022-02-09 00:00:00",607,0.873,165,27.21,4.25,20.06,31.24,59.02,100,1342,385.6,60.88,18.92,1.32,0,20.54,25.9,0.073
"2022-02-10 00:00:00",608,0.874,57.02,40.22,5.525,18.83,34.16,50.33,100,1138,414.6,54.41,20.14,1.437,0,20.36,27.74,0.067
"2022-02-11 00:00:00",609,1.01,45.22,17.92,6.425,19.91,31.66,62.47,100,1335,415.1,60.48,19.82,1.388,0,21.05,27.85,0.061
"2022-02-12 00:00:00",610,0.964,34.55,23.27,5.675,19.3,32.11,48.53,100,1075,412,53,19.8,1.394,0,20.57,28.07,0.054
"2022-02-13 00:00:00",611,0.845,60.14,19.6,4.475,20.46,32.01,59.29,100,1419,424,62.9,19.97,1.375,0,21.51,28.15,0.047
"2022-02-14 00:00:00",612,1.166,21.77,21.3,5.825,20.76,32.77,54.47,100,1228,411.2,57.65,19.95,1.403,0,21.54,28.36,0.04
"2022-02-15 00:00:00",613,1.042,164.3,35.11,6.05,21.93,31.57,67.58,98.9,1379,355.6,63.92,17.8,1.094,4.572,22.6,26.62,0.036
"2022-02-16 00:00:00",614,0.662,159.9,29.31,5.525,21.61,28.08,73.99,100,1025,166.3,53.3,9.53,0.641,5.588,21.98,25.08,0.036
"2022-02-17 00:00:00",615,0.929,39.11,33.55,6.275,21.31,30.66,64.79,100,1443,406.5,64.42,19.71,1.324,7.366,22.84,27.35,0.078
"2022-02-18 00:00:00",616,0.863,167.2,43.57,5.45,21.29,28.43,75.84,100,1460,206.3,71.21,11.6,0.656,4.064,22.52,24.52,0.075
"2022-02-19 00:00:00",617,0.46,160.3,33.15,4.1,21.51,28.39,68.37,100,1320,228.7,62,12.48,0.769,3.556,22.18,24.9,0.085
"2022-02-20 00:00:00",618,0.788,53.51,24.61,6.05,22.11,31.19,57.95,98.5,1339,378.9,60.88,18.59,1.199,0,22.97,27.21,0.078
"2022-02-21 00:00:00",619,1.323,23.57,26.26,5.9,22.42,31.83,59.18,100,1358,385.8,63.11,18.96,1.302,0,23.47,28.2,0.071
"2022-02-22 00:00:00",620,0.706,80.4,22.52,5.225,22.83,32.38,63.36,99.7,1376,357.4,62.1,17.81,1.116,0,24.45,28.64,0.066
"2022-02-23 00:00:00",621,0.609,95.2,26.61,4.7,21.77,32.09,60.02,100,1156,366,56.43,18.52,1.198,0,23.14,27.98,0.06
"2022-02-24 00:00:00",622,0.667,106,32.8,5,21.31,31.66,59.1,99.6,1305,397.7,63.92,19.13,1.297,0,22.02,27.29,0.054
"2022-02-25 00:00:00",623,0.718,129.7,34.58,4.7,20.9,31.66,59.69,100,1277,403.7,61.69,19.76,1.354,0,21.97,26.97,0.047
"2022-02-26 00:00:00",624,0.865,159.4,34.01,5,19.25,31.94,52.72,99.8,1265,391.6,58.35,19.23,1.317,0,20.36,26.45,0.04
"2022-02-27 00:00:00",625,0.466,148.2,21.33,3.725,20.67,30.62,58,99.9,1376,225.5,61.49,11.62,0.703,0,21.16,25.15,0.036
"2022-02-28 00:00:00",626,0.632,116.7,32.84,4.4,20.51,30.08,58.82,99.9,1119,272,48.04,14.35,1.03,0,21.23,26.24,0.034
"2022-03-01 00:00:00",627,0.919,30.42,29.02,5.45,19,32.52,54.44,100,1240,327.1,57.24,16.15,1.021,0,20.54,27.3,0.033
"2022-03-02 00:00:00",628,0.429,30.1,18.34,3.425,22.03,24.22,91.7,100,381.3,76.87,24.38,5.026,0.32,15.49,22.95,24.56,0.058
"2022-03-03 00:00:00",629,0.859,30.3,15.18,4.925,20.69,29.97,60.76,100,1363,286.2,63.72,14.76,0.922,0,21.42,25.88,0.08
"2022-03-04 00:00:00",630,0.853,24.86,22.61,5.975,19.74,31.5,58.17,99.3,1417,336.1,60.68,16.65,1.106,0,21.01,26.77,0.072
"2022-03-05 00:00:00",631,0.863,40.29,27.07,5.9,18.77,31.61,54.84,100,1305,364,61.9,17.93,1.198,0,20.26,27.15,0.066
"2022-03-06 00:00:00",632,0.956,156.6,27.35,5.525,20.01,31.43,59.4,100,1199,387.8,58.86,19.12,1.286,4.064,21.13,26.67,0.06
"2022-03-07 00:00:00",633,0.865,137.4,46.13,5,21.32,30.01,68.52,100,1346,331.3,60.89,16.82,1.079,6.858,22.12,26.55,0.079
"2022-03-08 00:00:00",634,0.735,46.89,18.93,5.75,21.08,30.87,57.97,100,1256,350.7,60.07,17.5,1.12,0,22.63,27.9,0.075
"2022-03-09 00:00:00",635,0.442,61.28,20.93,4.7,21,31.14,57.21,99.9,1399,297.4,58.05,14.46,0.929,0,22.42,26.95,0.069
"2022-03-10 00:00:00",636,0.481,119.1,34.19,3.5,21.1,31.4,58.43,100,1329,327.3,54.92,15.95,1.066,1.016,22.31,26.72,0.064
"2022-03-11 00:00:00",637,0.777,56.09,27.35,5.525,21.9,32.27,58.6,99.9,1238,350.7,53,16.89,1.125,2.286,23.41,28.21,0.059
"2022-03-12 00:00:00",638,0.5,140.4,26.23,3.8,21.76,30.82,60.16,100,1157,364,53.3,17.97,1.176,7.874,22.51,27.31,0.078
"2022-03-13 00:00:00",639,0.736,82.6,31.05,4.7,21.4,30.82,54.73,100,1221,370.5,56.24,18.04,1.176,0,22.56,27.89,0.074
"2022-03-14 00:00:00",640,0.828,24.43,21.28,5.225,21.34,31.46,60.18,100,1411,312.2,62.91,15.81,1.018,0.254,22.73,27.31,0.067
"2022-03-15 00:00:00",641,0.668,158.2,41.99,4.925,21.54,30.9,73.98,100,827,157.7,35.8,7.775,0.46,0,21.8,25.57,0.063
"2022-03-16 00:00:00",642,1.422,185.9,22.75,5.9,18.79,21.66,91.7,100,324.9,64.56,21.04,4.419,0.264,32.26,19.43,20.23,0.093
"2022-03-17 00:00:00",643,0.842,169,30.08,4.925,18.43,29.07,61.42,100,1389,318.1,63.72,15.86,1.042,0,18.85,23.47,0.081
"2022-03-18 00:00:00",644,0.484,171.8,15.32,3.725,19.08,28.31,64.71,100,1151,243.2,55.12,12.86,0.835,8.38,19.55,23.03,0.086
"2022-03-19 00:00:00",645,0.587,141.7,33.9,4.1,17.68,29.43,48.47,99.1,1070,380.3,51.18,18.3,1.22,0,18.49,24.13,0.079
"2022-03-20 00:00:00",646,0.733,102,26.46,4.925,18.43,29.06,46.81,96.3,1282,358.4,57.45,17.23,1.143,0,18.98,24.48,0.071
"2022-03-21 00:00:00",647,0.579,106.3,17.28,4.85,18.83,29.29,48.62,96.8,1067,368.7,50.77,17.71,1.126,0,19.59,24.61,0.065
"2022-03-22 00:00:00",648,0.524,106.1,17.52,4.25,18.51,29.27,46.04,94.1,1085,333.4,51.48,16.45,1.029,0,18.8,24.57,0.06
"2022-03-23 00:00:00",649,0.42,67.64,17.45,4.475,20.11,29.79,47.52,98.6,1240,339.4,54.82,16.83,1.072,0.762,20.69,25.64,0.055
"2022-03-24 00:00:00",650,0.591,37.16,15.56,5.375,19.6,30.56,53.73,98.7,1190,343.8,52.19,16.3,1.052,0.254,20.6,26.04,0.05
"2022-03-25 00:00:00",651,0.986,337,66.23,5.975,18.49,35.6,39.62,100,881,329.4,41.87,15.22,0.992,6.858,19.87,27.2,0.044
"2022-03-26 00:00:00",652,0.563,164.1,26.77,4.55,19.66,30.25,61.46,100,1239,329.9,55.43,16.03,1.012,0.508,20.64,25.78,0.05
"2022-03-27 00:00:00",653,0.231,158.6,13.61,2.75,21.08,28.72,68.69,99.9,1265,206.9,56.64,11.01,0.681,0.254,22.02,25.07,0.05
"2022-03-28 00:00:00",654,0.415,162,24.26,3.275,20.08,30.95,54.43,100,1251,279.3,52.9,13.77,0.892,0,20.61,25.38,0.048
"2022-03-29 00:00:00",655,0.673,35.11,22.57,5.15,20.3,29.62,64.91,100,1220,308.3,55.83,15.17,0.949,4.064,21.83,25.48,0.047
"2022-03-30 00:00:00",656,1.308,21.47,17.3,6.125,19.22,30.47,53.8,99.6,1216,339.9,52.69,16.07,1.033,0,21.11,25.96,0.047
"2022-03-31 00:00:00",657,1.198,12.45,21.04,7.25,18.81,31.62,50.83,99,889,335.8,43.29,15.85,1.035,0,20.55,25.74,0.044
"2022-04-01 00:00:00",658,0.928,29.65,21.08,5.3,18.46,32.62,48.63,100,954,337.9,44.09,15.96,1.049,0,19.85,26.42,0.04
"2022-04-02 00:00:00",659,0.793,38.36,34.98,5.3,19.28,31.7,55.49,100,1064,325.4,46.93,15.28,0.993,2.794,20.41,27.41,0.037
"2022-04-03 00:00:00",660,0.532,91.1,20.81,3.875,22.17,31.09,69.07,100,1100,287.1,45.01,13.39,0.803,0.254,23.07,26.85,0.035
"2022-04-04 00:00:00",661,0.71,24.77,36.87,4.85,20.9,32.84,59.4,100,1085,269.9,42.07,12.73,0.808,0,22.76,27.34,0.035
"2022-04-05 00:00:00",662,0.915,14.47,18.66,5.825,22.51,34.7,33.3,100,1175,281.3,48.15,13.59,0.813,0,22.53,27.8,0.034
"2022-04-06 00:00:00",663,0.865,7.03,28.18,4.925,21.41,37.55,29.1,100,860,321.7,41.06,14.99,0.975,0,21.57,28.4,0.033
"2022-04-07 00:00:00",664,0.779,25.85,23.72,5.075,22.77,34.85,56.09,100,1227,249.7,50.37,12.03,0.749,0,23.47,28.19,0.032
"2022-04-08 00:00:00",665,1.116,180.2,26.38,6.125,18.55,27.15,75.35,100,1136,239,53.01,11.87,0.631,15.24,19.59,23,0.042
"2022-04-09 00:00:00",666,0.842,187.2,20.82,5.225,17.1,23.85,74.87,100,1051,185.3,44.82,9.88,0.574,49.28,18.11,20.78,0.092
"2022-04-10 00:00:00",667,0.518,112.3,28.63,4.85,18.86,24.92,65.25,100,631.7,134.8,30.75,7.824,0.465,9.14,19.52,21.63,0.088
"2022-04-11 00:00:00",668,0.701,94.5,44.24,6.125,18.63,26.53,68.24,100,1152,210.9,50.98,10.89,0.589,74.17,19.44,22.08,0.098
"2022-04-12 00:00:00",669,0.581,142.9,59.31,5.375,18.88,24.97,81.2,100,1219,174.9,53.01,8.52,0.3,209,19.07,21.23,0.11
"2022-04-13 00:00:00",670,0.48,359.9,21.5,3.875,16.4,31.76,45.41,100,856,313.2,40.86,15.13,0.969,0,16.53,23.86,0.079
"2022-04-14 00:00:00",671,0.808,13.48,23.31,5.45,20.36,34.01,46.86,100,927,294.6,42.88,13.99,0.831,0,20.36,26.26,0.072
"2022-04-15 00:00:00",672,0.486,102.7,30.12,3.875,19.2,30.54,54.74,100,813,303.4,40.86,14.96,0.946,0,19.68,24.82,0.067
"2022-04-16 00:00:00",673,1.115,65.05,61.05,7.55,18.85,32.22,57.42,100,876,296.8,39.24,14.15,0.896,1.27,19.95,25.99,0.063
"2022-04-17 00:00:00",674,1.614,191.4,19.63,5.75,17.56,21.67,93.5,100,932,99,46.84,5.656,0.258,34.04,18.21,19.46,0.088
"2022-04-18 00:00:00",675,0.533,197.9,12.51,3.425,17.02,22.93,80.9,100,635.9,103.7,31.87,6.143,0.337,20.83,17.87,19.44,0.097
"2022-04-19 00:00:00",676,0.519,192.4,13.13,3.575,17.42,18.9,100,100,159.4,33.23,10.93,2.311,0.122,67.56,17.88,18.48,0.109
"2022-04-20 00:00:00",677,0.816,188.9,23.29,5.075,16.58,25.5,65,100,1113,233.8,49.27,11.37,0.633,5.334,16.85,19.78,0.091
"2022-04-21 00:00:00",678,0.676,180.8,27.61,3.725,16.28,26.99,56.37,99.1,1047,285,45.51,13.27,0.778,0,16.41,20.8,0.078
"2022-04-22 00:00:00",679,0.756,79.24,50.2,4.4,15.51,27.75,57.52,100,1082,302.5,45.92,14.17,0.889,0,16.59,22.08,0.072
"2022-04-23 00:00:00",680,0.781,17.64,14.51,5,16.02,29.04,56.9,100,1052,300.1,45.52,14.05,0.87,0,16.67,22.95,0.069
"2022-04-24 00:00:00",681,0.413,143.5,54.16,3.275,18.93,29.68,61.39,100,894,248.4,40.05,11.86,0.684,0,19.36,23.52,0.066
"2022-04-25 00:00:00",682,0.77,17.24,34.48,4.925,17.93,32.29,54.92,100,757.2,282,37.12,13.55,0.847,0,18.41,25.04,0.063
"2022-04-26 00:00:00",683,1.16,160.2,38.13,6.35,19.34,24.82,77.82,100,931,117.9,36.82,6.705,0.376,0,19.65,21.85,0.06
"2022-04-27 00:00:00",684,1.322,184.5,27.54,5.15,15.2,25.63,57.55,93.2,833,274.1,37.73,13.22,0.801,0,15.61,20.34,0.058
"2022-04-28 00:00:00",685,1.025,186,23.27,4.7,15.05,25.78,56.24,98.2,967,278.8,42.68,13.08,0.812,0,15.46,19.79,0.054
"2022-04-29 00:00:00",686,0.906,311.6,78.6,4.625,15.08,26.12,61.06,100,981,278.7,41.77,12.73,0.778,0,15.7,21.04,0.051
"2022-04-30 00:00:00",687,0.975,5.54,18.33,6.275,13.3,28.04,54.05,100,768.8,284.4,36.41,13.25,0.826,0,14.14,21.35,0.048
"2022-05-01 00:00:00",688,1.025,194.2,33.48,5.6,16.63,26.87,65.18,100,1003,241.8,42.18,11.35,0.622,0.508,16.99,20.8,0.045
"2022-05-02 00:00:00",689,0.755,190,24.19,4.1,15.62,27.46,58.66,100,908,277.7,39.65,13.12,0.81,0.254,15.86,20.32,0.042
"2022-05-03 00:00:00",690,0.785,191.9,24.77,3.65,14.49,27.89,50.06,99.2,896,277,39.04,13.16,0.814,0,14.32,20.41,0.04
"2022-05-04 00:00:00",691,0.688,58.29,59.91,5.075,15.9,27.36,60.3,100,931,278.4,39.85,12.93,0.796,0,16.49,22.04,0.038
"2022-05-05 00:00:00",692,0.547,56.29,39.93,4.625,14.32,28.87,52.4,100,903,260.7,39.35,12.08,0.735,0,15.23,21.94,0.036
"2022-05-06 00:00:00",693,0.406,132.6,43.11,4.325,16,28.07,56.64,100,876,220.1,40.05,10.84,0.674,0,16.28,21.92,0.035
"2022-05-07 00:00:00",694,0.45,38.9,46.66,3.65,16.22,31.14,44.49,100,729.2,270,35.4,12.93,0.802,0,16.12,22.54,0.034
"2022-05-08 00:00:00",695,0.5,4.937,26.12,3.8,14.53,30.92,41.56,100,724.2,268.9,34.39,12.47,0.769,0,14.56,22.03,0.033
"2022-05-09 00:00:00",696,0.707,181.3,23.39,4.1,15.03,26.98,71.21,100,839,202.5,30.65,8.95,0.521,0,15.13,20.45,0.032
"2022-05-10 00:00:00",697,0.69,191.3,30.79,3.725,14.55,28,51.93,98.9,707.6,263.6,34.49,12.52,0.771,0,14.94,20.37,0.032
"2022-05-11 00:00:00",698,0.519,198,36.94,3.65,15.04,28.49,47.05,100,709.6,262.4,34.39,12.46,0.768,0,14.92,20.26,0.031
"2022-05-12 00:00:00",699,0.776,353.1,46.35,5.825,13.25,29.38,52.38,100,706.6,257.5,32.57,11.67,0.714,0,13.61,21.5,0.031
"2022-05-13 00:00:00",700,0.463,174.5,49.21,2.825,17.66,28.44,62.38,100,917,196.6,33.28,8.97,0.551,0,16.78,21.56,0.031
"2022-05-14 00:00:00",701,0.859,354,26.75,5,17.97,30.77,51.77,100,680.4,249.3,31.86,11.4,0.692,0,16.59,23.04,0.031
"2022-05-15 00:00:00",702,0.523,9.06,49.24,3.425,17.89,28.67,60.42,100,744.1,213.7,30.34,9.54,0.563,0,17.47,23.73,0.031
"2022-05-16 00:00:00",703,0.476,182.4,28.81,4.1,18.83,25.99,71.94,100,1053,222.7,43.7,10.45,0.575,12.7,19.52,21.56,0.065
"2022-05-17 00:00:00",704,0.15,196.2,16.71,3.5,17.66,23.79,86.1,100,888,102.3,38.04,5.449,0.317,8.89,18.75,20.57,0.089
"2022-05-18 00:00:00",705,0.153,13.14,22.39,3.5,17.16,27.51,58.42,100,982,229.6,41.67,10.68,0.592,1.524,18.01,21.72,0.088
"2022-05-19 00:00:00",706,0.518,3.336,21.22,4.325,16.44,28.33,58.17,100,892,242.1,39.45,11.5,0.694,0,17.15,21.98,0.079
"2022-05-20 00:00:00",707,0.681,356.1,21.11,5.15,17.59,29.33,53.85,100,892,236.3,38.64,11.07,0.671,0,17.96,22.36,0.074
"2022-05-21 00:00:00",708,0.702,353.4,34.37,4.625,18.91,29.81,49.68,100,649.1,239.1,29.84,10.78,0.648,0,17.97,22.89,0.07
"2022-05-22 00:00:00",709,0.402,193.4,22.55,4.475,15,20.89,93.1,100,305.8,53.51,14.16,3.183,0.189,6.096,16.33,19.21,0.076
"2022-05-23 00:00:00",710,0.227,195.1,15.68,3.725,14.6,24.57,63.19,99.6,816,168.8,36.42,8.37,0.454,0,16.12,19,0.08
"2022-05-24 00:00:00",711,0.998,190.4,23.41,5.075,16.71,18.66,92.5,100,105,21.94,6.98,1.429,0.08,15.24,16.83,18.03,0.087
"2022-05-25 00:00:00",712,0.313,180,32.32,2.825,15.78,28.02,61.62,100,944,237.4,39.45,11.24,0.678,0,16.11,20.06,0.082
"2022-05-26 00:00:00",713,0.444,4.1,20.48,4.325,13.02,28.76,51.71,100,661,243.2,31.76,11.45,0.694,0,14.36,20.42,0.074
"2022-05-27 00:00:00",714,0.595,171.8,33.82,4.775,15.97,27.21,71.53,100,894,180.9,36.01,8.07,0.459,0,15.24,20.65,0.071
"2022-05-28 00:00:00",715,0.39,131.5,43.56,3.875,16.77,25.09,71.59,100,874,153.9,37.03,7.245,0.42,0.508,17.03,20.22,0.068
"2022-05-29 00:00:00",716,1.017,357.2,24.93,5.675,16.06,26.6,66.66,100,806,229,31.36,10.28,0.617,0,15.93,21.08,0.067
"2022-05-30 00:00:00",717,0.945,342.5,25.07,5.45,18.11,29.9,48.2,94.8,641.9,234.2,29.33,10.47,0.624,0,17.04,21.55,0.065
"2022-05-31 00:00:00",718,1.328,174.7,40.2,6.5,15.31,22.86,52.23,99,805,169.3,34.4,8.41,0.439,0,15.97,19.22,0.063
"2022-06-01 00:00:00",719,0.797,214.2,55.54,5.3,12.71,25.27,28,93.4,803,237.8,31.96,10.74,0.628,0,12.02,18.09,0.061
"2022-06-02 00:00:00",720,0.603,201.7,32.41,3.95,11.82,24.49,22.98,79.7,649,238.9,30.45,10.93,0.654,0,11.06,15.93,0.059
"2022-06-03 00:00:00",721,0.412,208.2,36.47,2.9,11.66,26.18,40.55,100,735,231.4,30.95,10.58,0.633,0,11.52,16.62,0.057
"2022-06-04 00:00:00",722,0.503,357.4,60.22,4.55,8.77,25.9,43.09,100,646.9,236.8,30.34,10.88,0.653,0,10.46,17.55,0.055
"2022-06-05 00:00:00",723,0.634,352.6,32.86,5.3,13.6,27.02,52.38,100,706.6,231.5,30.95,10.54,0.627,0,11.63,18.72,0.053
"2022-06-06 00:00:00",724,1.015,178.6,36.09,5.225,12.57,25.58,58.17,100,750.7,225.9,30.95,10.31,0.609,0,12.31,18.27,0.051
"2022-06-07 00:00:00",725,0.449,182.1,33.82,3.2,11.03,25.34,52.65,100,820,208.2,33.99,9.52,0.542,0,10.68,17.87,0.05
"2022-06-08 00:00:00",726,0.423,356.6,34.43,3.65,9.4,26.5,44.15,100,638.4,233.5,29.94,10.71,0.642,0,9.47,16.71,0.048
"2022-06-09 00:00:00",727,0.382,40.75,35.85,4.025,9.15,25.45,56.14,100,736.8,230.8,31.56,10.4,0.62,0,9.16,16.23,0.046
"2022-06-10 00:00:00",728,0.527,347.9,29.68,5.075,9.5,25.58,43.86,100,646,233.1,30.04,10.42,0.621,0,9.25,16.58,0.044
"2022-06-11 00:00:00",729,0.604,191.2,34.37,3.425,13.66,26.01,64.27,100,874,187.6,32.98,8.49,0.477,2.286,12.38,18.55,0.043
"2022-06-12 00:00:00",730,0.445,52.46,52.43,4.25,14.27,26.04,58.86,100,732.7,233.6,31.56,10.56,0.626,0.254,14.06,18.81,0.042
"2022-06-13 00:00:00",731,0.81,353.6,24.86,5.75,12.83,25.78,52.27,100,616.2,225.6,27.11,9.74,0.584,0,11.94,18.11,0.041
"2022-06-14 00:00:00",732,1.131,348.2,29.54,5.675,13.58,27.25,43.07,99,631.8,231.1,28.32,10.03,0.594,0,13,18.71,0.04
"2022-06-15 00:00:00",733,1.039,345.9,28.65,6.5,12.4,28.51,35.22,100,637.3,233.5,28.83,10.2,0.603,0,10.2,18.81,0.039
"2022-06-16 00:00:00",734,0.803,200.2,57.12,5.15,13.7,24.95,61.57,94.9,755.2,170,30.14,7.844,0.449,0.254,13.13,17.45,0.037
"2022-06-17 00:00:00",735,0.743,188.2,35.59,5.6,10.28,21.65,28.05,92.1,657.9,239.5,29.74,10.6,0.63,0,8.86,14.38,0.036
"2022-06-18 00:00:00",736,0.506,346.1,29.97,4.775,3.422,23.39,37.95,97.9,615,224.6,27.01,9.51,0.568,0,6.103,14.05,0.035
"2022-06-19 00:00:00",737,0.879,355.5,27.69,5.225,10.22,25.93,44.62,100,613.9,223.8,26.81,9.48,0.56,0,8.45,16.32,0.035
"2022-06-20 00:00:00",738,0.531,309.8,64.81,5,14.54,25.62,49.76,99.8,608.4,216.9,26.6,9.25,0.535,0,12.52,18.7,0.034
"2022-06-21 00:00:00",739,0.395,170.9,25.74,4.25,15.44,24.27,69.22,99,759,144.5,27.72,6.915,0.401,0,15.09,18.9,0.034
"2022-06-22 00:00:00",740,0.245,199.1,15.62,3.425,14.96,20.89,92,100,498.4,69.63,18.82,3.795,0.211,11.18,15.02,17.69,0.035
"2022-06-23 00:00:00",741,0,0,0,0,16,24.68,65.59,100,777.6,198.4,30.14,8.9,0.499,13.97,15.23,19.24,0.089
"2022-06-24 00:00:00",742,0,0,0,0,13.67,25.47,53.33,100,755.3,205,30.96,9.37,0.541,0,13.32,19.11,0.077
"2022-06-25 00:00:00",743,0,0,0,0,14.48,25.5,56.63,100,674.1,219.1,27.92,9.67,0.572,0,13.72,18.49,0.072
"2022-06-26 00:00:00",744,0.231,183.7,20.68,4.7,13.1,22.85,62.52,96.9,766.2,199.8,29.74,9,0.506,0,13.15,17.11,0.07
"2022-06-27 00:00:00",745,0.574,178,31.2,4.325,12.13,23.93,47.92,98,627.3,230.2,29.03,10.47,0.622,0,12.41,16.74,0.068
"2022-06-28 00:00:00",746,0.682,184.8,33.91,4.175,13.71,23.38,67.36,100,875,215.8,33.28,9.63,0.497,6.096,14,17,0.067
"2022-06-29 00:00:00",747,0.027,191.2,9.41,2.75,11.99,24.51,57.57,100,887,217.4,34.89,9.76,0.557,0.762,12.5,17.26,0.079
"2022-06-30 00:00:00",748,0,0,0,0,9.32,25.52,45,100,794.9,234.6,32.77,10.54,0.627,0,10.79,16.81,0.076
"2022-07-01 00:00:00",749,0,32.09,0,0.275,10.87,24.61,42.22,100,639.4,234.2,29.13,10.53,0.63,0,10.17,16.1,0.072
"2022-07-02 00:00:00",750,0.203,29.33,10.02,4.1,9.96,24.07,52.38,100,693.6,234.5,30.25,10.57,0.633,0,9.4,16.37,0.07
"2022-07-03 00:00:00",751,0.51,9.48,18.33,5.225,10.56,26.56,56.82,100,671.4,231.6,30.04,10.56,0.625,0,10.98,18.52,0.068
"2022-07-04 00:00:00",752,0,0,0,0,14.68,27.97,43.85,100,605.1,219.5,26.3,9.32,0.556,0,13.9,19.48,0.066
"2022-07-05 00:00:00",753,0,0,0,0,13.89,28.68,37.5,100,611.4,224.5,27.71,9.9,0.59,0,12.14,19.12,0.065
"2022-07-06 00:00:00",754,0,0,0,0,12.13,26.85,53.82,100,604.1,218.7,27.11,9.6,0.57,0,12.46,19.34,0.064
"2022-07-07 00:00:00",755,0,0,0,0,15.75,25.79,59.12,100,734.2,189.1,27.61,7.981,0.46,0,14.61,19.74,0.062
"2022-07-08 00:00:00",756,0,0,0,0,16.41,26.74,59.61,100,711.1,210.4,26.8,8.94,0.532,0,15.11,20.11,0.061
"2022-07-09 00:00:00",757,0,0,0,0,14.35,26.26,58.01,100,746.1,202.5,28.52,8.82,0.53,0,12.68,19.16,0.06
"2022-07-10 00:00:00",758,0,0,0,0,11.03,26.16,61.86,100,864,206.5,34.59,9.15,0.536,0,11.76,18.24,0.059
"2022-07-11 00:00:00",759,0,0,0,0,13,28.32,30.79,100,624.5,230.1,28.12,10.1,0.606,0,11.61,18.9,0.058
"2022-07-12 00:00:00",760,0,0,0,0,12.58,26.02,57.62,93.7,641.6,221.6,27.71,9.58,0.569,0,11.33,17.99,0.056
"2022-07-13 00:00:00",761,0.971,83.7,20.31,4.4,19.02,21.56,85.4,97.6,79.3,15,4.654,0.82,0.008,0,18.52,19.6,0.084
"2022-07-14 00:00:00",762,0.988,355.3,28.47,5.075,17.02,26.8,58.14,100,745.2,214.2,28.22,9.53,0.561,0,15.55,20.82,0.079
"2022-07-15 00:00:00",763,0.555,151.6,55.87,3.425,13.61,25.76,57.5,100,631.5,231.4,28.52,10.18,0.609,0,13.01,18.8,0.074
"2022-07-16 00:00:00",764,0.956,186.6,40,4.25,14.36,24.68,61.96,98.6,795,196.6,32.17,8.97,0.522,0.254,14.41,18.3,0.071
"2022-07-17 00:00:00",765,0.69,169.1,40.92,4.1,14.52,24.81,59.26,100,831,239.8,35.3,11.03,0.654,2.032,14.1,18.37,0.07
"2022-07-18 00:00:00",766,0.58,71,26.91,3.725,14.96,25.2,57.22,100,787.5,253.5,34.79,11.97,0.387,0,15.23,20.45,0.067
"2022-07-19 00:00:00",767,0.739,0.206,38.68,4.7,11.62,26.42,61.38,100,792.1,231.7,33.68,10.97,0.658,0,12.78,19.34,0.068
"2022-07-20 00:00:00",768,1.212,348.8,31.2,5.525,17.42,27.65,59.9,100,750.2,223.7,33.58,10.58,0.614,0,17.06,21.25,0.066
"2022-07-21 00:00:00",769,1.002,349.4,77.24,4.775,17.63,30.9,42.34,100,642.5,235.6,30.75,11.05,0.648,4.826,17.54,22.51,0.064
"2022-07-22 00:00:00",770,0.454,239.8,58.24,3.2,16.77,27.24,60.9,100,829,202.5,30.44,9.14,0.543,0,17.08,20.58,0.069
"2022-07-23 00:00:00",771,0.511,164,57.88,3.2,15.64,25.4,68.76,100,865,174.3,28.63,8.02,0.482,30.48,15.16,19.73,0.09
"2022-07-24 00:00:00",772,0.888,346.8,23.55,5.75,12.72,26.16,60.48,100,787.1,219.4,30.14,9.58,0.581,0,13.58,19.62,0.076
"2022-07-25 00:00:00",773,1.452,183.8,53.13,6.05,13.59,20.69,63.56,95.5,844,157.7,33.49,7.662,0.441,0,13.56,17.86,0.072
"2022-07-26 00:00:00",774,0.991,190.2,40.8,4.7,9.09,23.14,41.24,94.2,686.9,254,32.78,11.76,0.714,0,9.3,15.45,0.07
"2022-07-27 00:00:00",775,0.662,201.9,75.04,4.7,9.71,23.59,44.99,100,680.8,249.3,31.86,11.29,0.687,0,10.46,16.03,0.067
"2022-07-28 00:00:00",776,0.833,1.632,51.26,5.6,9.01,25.18,54.11,100,651.1,239.4,29.23,10.44,0.628,0,10.13,17.42,0.065
"2022-07-29 00:00:00",777,0.74,117,63.84,4.025,14.5,25.5,60.82,100,839,214.5,29.53,9.26,0.565,0,13.53,18.92,0.064
"2022-07-30 00:00:00",778,0.983,357.3,29.16,5.075,11.75,25.47,49.64,100,654.3,239.6,29.74,10.55,0.636,0,11.73,17.93,0.062
"2022-07-31 00:00:00",779,1.037,350,46.63,4.775,13.6,27.05,48.18,100,637.7,229,27.51,9.64,0.58,0,13.62,19.25,0.06
"2022-08-01 00:00:00",780,1.365,175.4,41.12,5.45,14.69,24.54,72.37,100,825,182.9,30.75,7.957,0.475,0.508,14.89,18.48,0.058
"2022-08-02 00:00:00",781,0.774,193.5,31.98,4.55,13.87,20.18,72.73,98,396.4,98.3,20.44,5.245,0.254,0.254,14.37,16.77,0.057
"2022-08-03 00:00:00",782,0.819,18.65,46.64,5.975,13.63,24.03,63.7,99.7,900,175.1,34.59,7.93,0.445,0,12.73,18.09,0.056
"2022-08-04 00:00:00",783,1.046,1.976,27.68,5.45,12.59,25.66,48.37,100,745.5,233.7,30.04,10.2,0.587,0,11.71,18.04,0.054
"2022-08-05 00:00:00",784,1.034,352.2,39.93,5.3,12.79,26.55,55,100,826,218.3,30.35,9.2,0.557,0,12.43,18.97,0.052
"2022-08-06 00:00:00",785,0.522,137.7,37.11,3.8,14.77,26,62.43,100,821,232.6,33.68,10.3,0.617,0,13.8,19.21,0.05
"2022-08-07 00:00:00",786,0.744,34.63,27.39,4.775,13.37,27.38,64.18,100,822,243.4,33.68,10.94,0.654,0,14.08,20.91,0.048
"2022-08-08 00:00:00",787,0.415,116.2,44.36,3.575,17.09,27.06,70.02,100,830,186,31.15,7.848,0.471,0,16.48,21.42,0.046
"2022-08-09 00:00:00",788,1.851,12.66,61.9,7.625,17.16,29.23,39.8,100,876,206.5,31.15,8.1,0.432,0,16.5,21.17,0.044
"2022-08-10 00:00:00",789,0.899,166.1,36.54,4.475,13.91,26.67,60.09,100,903,222.2,37.42,10.24,0.613,0,13.52,19.18,0.042
"2022-08-11 00:00:00",790,1.06,6.711,37.53,6.05,13.04,28.32,51.05,100,728.1,264.3,33.17,11.91,0.736,0,12.32,20.11,0.041
"2022-08-12 00:00:00",791,1.172,16.52,27.92,5.375,15.04,27.6,62.05,100,867,250.5,32.97,11.25,0.656,0,14.87,21.11,0.04
"2022-08-13 00:00:00",792,1.795,350.7,40.74,6.725,16.45,31.64,37.84,100,726.8,266.3,32.97,11.54,0.709,0,16.11,23,0.039
"2022-08-14 00:00:00",793,0.828,137.1,47.8,4.1,16.71,25.44,68.94,100,787.6,181.8,28.32,8.08,0.508,0,16.41,20.45,0.038
"2022-08-15 00:00:00",794,1.327,168.6,74.15,7.175,14.47,31.08,33.45,100,740.4,266.6,34.18,11.79,0.719,0,14.94,21.35,0.038
"2022-08-16 00:00:00",795,1.414,181.3,44.15,6.725,11.07,24.21,28.95,92.7,968,270.5,38.24,11.61,0.728,0,11.26,17.38,0.037
"2022-08-17 00:00:00",796,1.431,336.7,54.79,5.9,10.11,25.85,36.78,90.5,760.9,282.6,34.6,12.47,0.774,0,10.43,18.41,0.036
"2022-08-18 00:00:00",797,1.712,341.6,28.48,6.575,13.06,33.6,17.79,90.7,781.5,288,34.79,12.38,0.762,0,11.79,22.26,0.035
"2022-08-19 00:00:00",798,1.48,155.6,51.89,5.6,16.5,26.67,41.12,91.5,791.5,277.7,34.59,11.82,0.72,0,14.36,20.86,0.035
"2022-08-20 00:00:00",799,1.391,190.1,46.16,6.95,11.76,20.63,55.78,94.4,562.8,99.3,17,3.669,0.213,0,11.43,17.48,0.034
"2022-08-21 00:00:00",800,1.618,213.6,84.1,7.625,8.97,28.41,25.16,97.3,807,300.7,37.83,13.81,0.866,0,7.949,18.7,0.034
"2022-08-22 00:00:00",801,1.068,162.5,49.21,4.55,10.74,23.68,43.14,96.8,989,277.7,42.18,12.8,0.787,0,10.1,17.05,0.033
"2022-08-23 00:00:00",802,1.221,1.565,40.31,7.475,8.31,24.6,46.56,100,786.3,293.8,35.91,13.23,0.836,0,8.3,17,0.033
"2022-08-24 00:00:00",803,0.924,133.4,50.23,5,12.86,25.08,46.8,97.7,1009,272.7,41.27,12.69,0.736,0,12.44,17.84,0.032
"2022-08-25 00:00:00",804,1.055,7.795,48.01,5.975,11.22,26.69,46.2,100,1074,298.6,45.31,13.79,0.874,0,12.28,19.51,0.032
"2022-08-26 00:00:00",805,1.474,356.7,32.87,6.5,11.34,28.62,45.08,100,795,293.3,36.11,12.7,0.807,0,12.01,20.39,0.032
"2022-08-27 00:00:00",806,0.974,139.7,60.97,4.475,14.21,27.06,55.29,100,945,253.4,36.41,11.2,0.697,0,13.05,20.03,0.032
"2022-08-28 00:00:00",807,1.342,23.25,62.77,5.9,13.36,31.02,42.04,100,746,277.1,31.76,11.52,0.73,0,13.85,21.9,0.031
"2022-08-29 00:00:00",808,1.306,99.3,79.29,4.175,18.59,25.92,67.3,100,948,202.9,34.59,8.67,0.557,0,18.54,22.17,0.031
"2022-08-30 00:00:00",809,1.782,150.6,90.4,6.575,18.25,28.98,55.5,100,753.5,277.6,32.77,11.95,0.759,0,17.79,22.43,0.031
"2022-08-31 00:00:00",810,1.675,173.8,40.93,5.825,10.12,20.76,51.09,97.8,745.4,142.4,29.24,6.99,0.406,1.27,9.1,16.04,0.031
"2022-09-01 00:00:00",811,1.674,188.7,44.77,6.35,10.53,23.24,41.08,86.7,1149,261.9,49.47,12.3,0.761,0,9.69,17.43,0.03
"2022-09-02 00:00:00",812,1.118,147.8,69.91,4.925,12.34,24.92,43.07,99.5,999,301.7,43.9,13.88,0.847,0,11.85,18.21,0.03
"2022-09-03 00:00:00",813,1.848,349.3,35.07,7.4,10.28,26.83,43.92,100,825,308.5,37.63,13.6,0.869,0,10.6,19.3,0.03
"2022-09-04 00:00:00",814,1.247,11.18,59.99,6.05,14.28,29.61,36.43,100,791,298.6,34.59,12.75,0.825,0,14.41,20.47,0.03
"2022-09-05 00:00:00",815,1.487,13.09,31.31,6.35,12.37,28.58,48.88,100,819,301.5,36.82,13.04,0.82,0,12.61,21.01,0.03
"2022-09-06 00:00:00",816,1.734,21.76,80.4,5.75,16.18,34.86,28.83,100,827,307.3,36.21,13.1,0.826,0,15.05,23.21,0.03
"2022-09-07 00:00:00",817,1.179,152.5,35.41,6.2,14.09,25.56,55.96,97.1,1102,305.1,46.73,13.84,0.842,0,14.19,20.58,0.03
"2022-09-08 00:00:00",818,0.951,56.7,42.55,6.2,12.83,24.9,53.82,99.7,995,237.2,41.38,10.4,0.646,0,12.92,19.26,0.029
"2022-09-09 00:00:00",819,1.577,6.367,28.93,8.9,13.13,27.77,52.66,100,806,301.7,35.6,12.94,0.831,0,13.54,20.88,0.029
"2022-09-10 00:00:00",820,1.702,17.49,27.05,7.625,16.29,28.27,54.68,100,817,304.9,36.31,13.23,0.851,0,15.93,22.08,0.029
"2022-09-11 00:00:00",821,1.275,17.52,23.92,6.425,15.96,30.07,47.85,100,852,318.4,38.84,14.01,0.902,0,15.8,22.69,0.029
"2022-09-12 00:00:00",822,1.368,137.5,67.43,5.45,17.49,30.82,53.25,99.9,817,304.8,35.4,12.8,0.814,0,16.54,23.79,0.029
"2022-09-13 00:00:00",823,1.51,168.6,37.92,5.6,17.19,24.57,63.91,100,1103,194.7,43.3,9.43,0.53,5.334,17.85,21.09,0.029
"2022-09-14 00:00:00",824,0.908,131.9,36.16,4.25,16.94,23.14,61.22,100,587.8,128.6,28.83,7.066,0.402,13.46,17.64,19.4,0.082
"2022-09-15 00:00:00",825,1.05,14.71,52.07,5.375,15.43,24.55,61.35,100,1249,207.3,50.89,9.89,0.595,0.508,15.44,19.84,0.081
"2022-09-16 00:00:00",826,1.855,358,34.52,6.875,14.74,28.86,48.82,99.9,860,325.4,40.26,14.86,0.97,0,15.06,21.27,0.074
"2022-09-17 00:00:00",827,1.301,13.55,34.65,5.075,14.81,28.76,60.11,100,865,324.8,39.85,14.54,0.938,0,15.66,22.6,0.07
"2022-09-18 00:00:00",828,1.077,33.81,62.07,5.075,17.27,31.76,46.57,100,848,318,38.03,13.74,0.891,0,18,23.61,0.067
"2022-09-19 00:00:00",829,1.285,16.11,34.06,6.575,14.48,30.51,52.2,100,822,303.6,35.4,12.6,0.788,0,15.65,23.02,0.065
"2022-09-20 00:00:00",830,1.291,120.4,63.51,5.45,15.57,30.6,44.98,100,832,309,35.6,12.75,0.807,0,16.53,23.12,0.062
"2022-09-21 00:00:00",831,2.055,184.9,34.96,6.05,14.73,20.38,87.4,100,839,61.98,27.82,2.76,0.099,55.63,15.04,16.49,0.094
"2022-09-22 00:00:00",832,1.311,192.6,26.06,6.125,15.14,19.82,88.7,100,965,109.2,40.47,5.456,0.267,19.05,15.52,16.61,0.094
"2022-09-23 00:00:00",833,1.038,15.64,41.96,5.525,14.92,28.35,57.94,100,956,333.8,42.88,15.18,0.991,0.254,15.52,21.5,0.08
"2022-09-24 00:00:00",834,1.602,354.4,81.3,6.05,18.93,36.24,27.95,100,889,331.3,40.86,14.73,0.967,0,18.74,24.86,0.072
"2022-09-25 00:00:00",835,1.577,65.78,81.4,5.825,18.63,28.01,65.47,100,1093,318.4,44.71,14.38,0.923,0,19.05,23.71,0.068
"2022-09-26 00:00:00",836,1.772,8.48,30.13,6.725,17.35,33.37,37.19,100,922,349.7,43.29,16,1.064,0,17.61,24.53,0.065
"2022-09-27 00:00:00",837,1.261,15.6,35.87,5.525,17.35,33.36,39.18,100,894,336.3,40.86,14.75,0.977,0,17.29,24.28,0.062
"2022-09-28 00:00:00",838,1.2,110.9,42.69,4.625,18.93,29.15,65.55,100,1017,309.8,39.85,13.23,0.818,0,19.34,24.92,0.06
"2022-09-29 00:00:00",839,1.218,58.67,21.9,5.75,18.64,28.6,55.43,100,1069,339.8,45.72,15.12,0.975,0,18,24.15,0.057
"2022-09-30 00:00:00",840,1.181,15.09,41.81,6.125,19.32,29.4,57.12,99.7,1162,307,50.38,14.06,0.827,0,20.19,24.34,0.054
"2022-10-01 00:00:00",841,0.986,13.67,38.55,5.675,20.32,30.88,49.18,100,1105,341.8,47.74,15.85,0.993,0,20.48,25.35,0.051
"2022-10-02 00:00:00",842,1.589,27.96,50.77,6.95,20.1,29.27,56.64,99.8,1004,332.6,43.29,15.07,0.989,0,20.71,25.24,0.048
"2022-10-03 00:00:00",843,1.057,107.6,65.33,5.45,19.06,29.32,63.02,100,1183,307.9,48.96,14.39,0.931,0,19.5,24.51,0.044
"2022-10-04 00:00:00",844,1.804,11.63,42.84,7.55,19.66,31.66,52.62,100,934,357.2,43.9,16.41,1.084,0,20.33,26,0.042
"2022-10-05 00:00:00",845,1.611,165.6,38.58,5.975,18.88,25.53,65.55,98.9,1094,171.1,43,8.42,0.546,0,19.42,23.13,0.039
"2022-10-06 00:00:00",846,1.616,10.53,64.31,6.875,17.67,29.1,55.02,96.4,927,332.9,39.65,14.3,0.949,0,17.87,24.82,0.037
"2022-10-07 00:00:00",847,2,19.3,63.25,8.53,21.83,38.51,30.99,99.7,938,351.4,42.38,15.32,0.991,0,21.85,29.03,0.035
"2022-10-08 00:00:00",848,1.958,163,41.68,6.575,19.45,28.29,57.11,92.4,1205,356,48.36,16.03,1.026,0,20.02,24.49,0.033
"2022-10-09 00:00:00",849,0.917,144.3,64.06,3.95,17.89,27.58,59.97,100,1029,240.5,38.44,10.48,0.648,0,18.74,22.84,0.032
"2022-10-10 00:00:00",850,1.806,29.23,71.37,5.6,18.75,34.57,45.94,100,911,341.3,39.25,14.15,0.924,0,18.87,27.2,0.032
"2022-10-11 00:00:00",851,1.199,171.4,37.16,5.9,20.02,28.41,65.86,99.1,1059,209.5,36.42,9.1,0.549,0,20.5,23.91,0.031
"2022-10-12 00:00:00",852,1.308,21.06,33.84,5.9,19.82,28.24,66.99,100,1108,231.1,39.45,9.67,0.622,0,20.24,24.9,0.031
"2022-10-13 00:00:00",853,1.138,33.77,33.36,5.375,18.63,31.46,58.7,100,1018,323.2,39.65,13.8,0.92,0,18.74,26.09,0.031
"2022-10-14 00:00:00",854,1.568,15.1,31.23,7.325,21,32.23,59.2,100,931,349.9,42.69,15.46,1.033,0,21.79,27.21,0.03
"2022-10-15 00:00:00",855,1.565,35.19,67.13,6.125,20.87,34.34,49.63,98.6,903,342.9,39.65,14.59,0.972,0,21.22,27.23,0.03
"2022-10-16 00:00:00",856,1.357,166.8,37.49,5.375,18.8,28.38,57.88,94.3,1150,223.8,46.23,10.85,0.709,0,19.2,23.9,0.029
"2022-10-17 00:00:00",857,0.694,163,40.7,4.325,16.96,27.45,58.44,97.1,1191,194.5,45.73,8.96,0.542,0,17.53,22.51,0.029
"2022-10-18 00:00:00",858,1.191,24.9,68.42,5.225,17.21,29.35,54.58,97,1098,280.9,46.73,12.75,0.861,0,17.76,24.94,0.029
"2022-10-19 00:00:00",859,0.964,39.99,28.88,5.675,18.62,29.95,60.28,100,1002,250.5,42.08,11.67,0.766,0,18.66,25.14,0.029
"2022-10-20 00:00:00",860,0.953,44.34,28.84,5.45,18.96,29.64,57.5,100,1153,283.9,47.14,13.42,0.887,0,19.37,25.43,0.029
"2022-10-21 00:00:00",861,1.377,23.7,28.7,6.575,17.43,29.61,63.71,100,1121,274.4,47.45,12.3,0.835,0,18.41,25.48,0.029
"2022-10-22 00:00:00",862,0.492,122,48.35,3.125,19.64,26.82,76.28,100,517.7,135.1,29.44,7.906,0.517,0,20.2,24.22,0.029
"2022-10-23 00:00:00",863,0.879,180.1,51.03,4.7,18.45,25.57,80.9,100,376.2,67.65,19.83,3.85,0.233,36.07,18.8,21.37,0.062
"2022-10-24 00:00:00",864,1.126,146.8,58.6,4.925,18.67,28.09,63.04,100,1441,318.1,65.35,15.78,1.03,0,18.91,23.86,0.075
"2022-10-25 00:00:00",865,0.756,44.67,43.58,5,19.72,28.37,68.26,100,1161,178.3,49.37,9.74,0.576,18.29,20.59,24.22,0.076
"2022-10-26 00:00:00",866,1.47,32.31,27.57,6.5,19.47,30.27,65.51,100,1380,354.1,59.07,16.89,1.108,7.874,19.79,25.9,0.082
"2022-10-27 00:00:00",867,1.409,176,41.88,5.225,19.91,27.85,64.53,100,1331,338,59.48,16.63,0.988,4.572,20.63,23.88,0.085
"2022-10-28 00:00:00",868,0.795,325.5,81,3.8,19.25,29,64.13,100,1060,203.2,51.09,10.73,0.65,0,20.04,24.15,0.074
"2022-10-29 00:00:00",869,1.467,174.1,58.32,6.95,17.68,26.13,66.74,100,1269,180.4,53.01,9.09,0.543,0.508,18.16,22.33,0.07
"2022-10-30 00:00:00",870,1.304,77.65,61.25,6.125,16.06,26.56,50.99,97.4,1377,406.2,64.54,19.58,1.327,0,16.3,23.32,0.066
"2022-10-31 00:00:00",871,1.971,2.765,42.92,7.175,16.97,30.84,55.16,99,1279,363.4,58.97,17.67,1.2,0,17.89,25.41,0.063
"2022-11-01 00:00:00",872,1.319,177,28.65,7.55,18.1,24.56,80.1,99.9,1435,214.9,65.45,11.6,0.682,7.112,18.82,21.74,0.061
"2022-11-02 00:00:00",873,0.711,182.5,19.83,3.65,16.55,23.34,74.97,99.7,596.8,127.6,33.79,7.655,0.543,1.778,17.23,20.12,0.078
"2022-11-03 00:00:00",874,0.567,133.7,40,4.475,17.55,25.52,54.75,99.8,1377,212.4,62.42,11.6,0.727,0,18.28,21.95,0.077
"2022-11-04 00:00:00",875,0.819,6.613,21.03,3.125,23.19,23.38,88.3,89.2,0,0,0,0,0,0,23,23.03,0
"2022-11-05 00:00:00",876,1.903,22.96,23.8,5.525,22.17,26.99,80.2,98.9,1311,233.7,57.66,12.59,0.496,0.254,22.16,25.32,0.072
"2022-11-06 00:00:00",877,1.313,5.117,55.81,6.35,20.03,31.96,61.89,100,1392,356.1,64.33,17.66,1.038,9.4,21.23,25.9,0.078
"2022-11-07 00:00:00",878,0.945,161.3,37.9,5,19.51,28.34,61.88,100,1469,340.5,65.35,16.89,1.17,0,20.02,24.55,0.086
