"TOA5","Science Centre AWS","CR1000","88296","CR1000.Std.31.08","CPU:Vasi_Science Centre AWS.CR1","64103","Hourly"
"TIMESTAMP","RECORD","BattV_Min","BP_kPa","WS_ms_S_WVT","WindDir_D1_WVT","WindDir_SD1_WVT","AirTC_Avg","RH","SlrW_Avg","CUV5_W_Avg","Rain_mm_Tot","T107_C_Min","T107_C_Avg","VW_Avg"
"TS","RN","Volts","kPa","meters/second","Deg","Deg","Deg C","%","W/m^2","W/m^2","mm","Deg C","Deg C",""
"","","Min","Smp","WVc","WVc","WVc","Avg","Smp","Avg","Avg","Tot","Min","Avg","Avg"
"2022-07-12 16:00:00",18267,13.54,50,0,0,0,21.49,87.3,70.49,4.654,0,20.83,20.83,0.083
"2022-07-12 17:00:00",18268,12.96,101.9608,1.138,91.4,22.15,21.24,86.6,40.03,2.083,0,20.12,20.44,0.083
"2022-07-12 18:00:00",18269,12.93,101.9815,1.119,94,21.94,20.55,87,0.997,0.086,0,19.2,19.51,0.084
"2022-07-12 19:00:00",18270,12.92,102.0264,1.23,91.6,23.77,20.95,86.8,0,0,0,19.35,19.78,0.084
"2022-07-12 20:00:00",18271,12.9,102.0675,1.915,78.65,20.75,21.14,87,0,0,0,19.91,19.98,0.084
"2022-07-12 21:00:00",18272,12.89,102.0664,1.688,72.57,20.63,21.02,90.1,0,0,0,19.54,19.73,0.084
"2022-07-12 22:00:00",18273,12.88,102.0764,0.643,78.49,17.01,20.87,91.7,0,0,0,19.51,19.66,0.083
"2022-07-12 23:00:00",18274,12.86,102.0805,0,0,0,20.17,94.6,0,0,0,18.57,19.06,0.083
"2022-07-13 00:00:00",18275,12.83,102.0173,0.038,19.66,0.129,19.38,97,0,0,0,18.52,18.66,0.083
"2022-07-13 01:00:00",18276,12.79,101.9771,0.01,18.83,0.027,19.3,98.4,0,0,0,18.34,18.62,0.083
"2022-07-13 02:00:00",18277,12.75,101.929,0.082,357,27.95,19.26,98.8,0,0,0,18.67,18.88,0.082
"2022-07-13 03:00:00",18278,12.74,101.9046,0.094,203.5,5.581,18.38,99.6,0,0,0,18.39,18.48,0.082
"2022-07-13 04:00:00",18279,12.73,101.864,0,0,0,18.18,99.9,0,0,0,18.28,18.37,0.082
"2022-07-13 05:00:00",18280,12.71,101.8397,0.006,232.7,0.008,17.99,100,0,0,0,18.04,18.14,0.081
"2022-07-13 06:00:00",18281,12.68,101.8478,0.314,324.3,19.15,17.69,100,0,0,0,17.46,17.77,0.081
"2022-07-13 07:00:00",18282,12.72,101.864,0.015,351.7,1.407,17.29,100,3.832,0.251,0,16.93,17.26,0.081
"2022-07-13 08:00:00",18283,12.73,101.9127,0.436,326.3,11.85,17.92,96.9,74.48,3.693,0,16.99,17.76,0.081
"2022-07-13 09:00:00",18284,13.57,101.9013,1.481,326,20.92,19.95,88.9,190.8,9.64,0,18.85,19.54,0.081
"2022-07-13 10:00:00",18285,13.86,101.8876,2.148,329.2,28.4,20.9,83.5,265.3,14.28,0,20.04,20.84,0.08
"2022-07-13 11:00:00",18286,14.21,101.7523,2.056,336.2,30.21,23.48,67.61,504.8,22.91,0,22.07,24.13,0.08
"2022-07-13 12:00:00",18287,14.25,101.6195,2.279,2.589,35.66,25,69.82,595.9,26.93,0,26.19,26.78,0.08
"2022-07-13 13:00:00",18288,14.27,101.4667,2.308,6.708,34.33,25.59,62.53,590.8,26.5,0,27.39,27.88,0.08
"2022-07-13 14:00:00",18289,14.28,101.3364,2.346,6.203,32.13,26.08,61.68,526.6,23.04,0,28.03,28.41,0.079
"2022-07-13 15:00:00",18290,14.28,101.2712,2.083,350.7,37.51,26.43,58.65,396.8,16.51,0,27.77,28.46,0.079
"2022-07-13 16:00:00",18291,14.23,101.2401,1.865,5.135,30.77,25.78,69.89,234.7,9.18,0,25.58,27.12,0.079
"2022-07-13 17:00:00",18292,13.01,101.2219,1.346,5.17,27.62,23.57,81.1,48.68,2.845,0,21.72,23.21,0.078
"2022-07-13 18:00:00",18293,12.94,101.2237,0.925,12.72,22.15,21.04,94,0.631,0.108,0,19.81,20.67,0.078
"2022-07-13 19:00:00",18294,12.92,101.2713,1.058,9.19,25.61,19.75,95.9,0,0,0,19.11,19.48,0.077
"2022-07-13 20:00:00",18295,12.91,101.2795,0.61,356.3,23.37,18.98,95.5,0,0,0,18.21,18.62,0.077
"2022-07-13 21:00:00",18296,12.9,101.2877,0.847,8.67,24.98,19.04,90,0,0,0,17.95,18.07,0.077
"2022-07-13 22:00:00",18297,12.88,101.2714,0.975,10.95,24.59,19.46,87.6,0,0,0,17.83,18,0.077
"2022-07-13 23:00:00",18298,12.87,101.2714,0.326,12.88,14.76,18.79,91.6,0,0,0,16.46,17.31,0.076
"2022-07-14 00:00:00",18299,12.85,101.2308,0.1,351.6,10.03,17.51,94.9,0,0,0,15.55,15.98,0.076
"2022-07-14 01:00:00",18300,12.84,101.2065,0.086,358,8.09,16.87,96.9,0,0,0,15.57,15.94,0.076
"2022-07-14 02:00:00",18301,12.82,101.1578,0.172,328,8.86,16.46,95.6,0,0,0,15.39,15.69,0.076
"2022-07-14 03:00:00",18302,12.81,101.1415,0.107,328.4,6.246,16.06,96.3,0,0,0,14.69,15.16,0.075
"2022-07-14 04:00:00",18303,12.79,101.0604,0.064,4.681,12.16,16.01,97.1,0,0,0,14.01,14.51,0.075
"2022-07-14 05:00:00",18304,12.76,101.0685,0.11,281.3,11.9,15.85,97.2,0,0,0,13.85,14.18,0.075
"2022-07-14 06:00:00",18305,12.75,101.0441,0.077,283.3,5.325,14.69,99.9,0,0,0,13.11,13.48,0.075
"2022-07-14 07:00:00",18306,12.73,101.1664,0.101,236.4,20.34,14.07,100,4.491,0.283,0,13.01,13.53,0.075
"2022-07-14 08:00:00",18307,12.76,101.2146,0.063,237,23.08,15.5,87.8,99.7,3.883,0,13.06,14.69,0.075
"2022-07-14 09:00:00",18308,14.02,101.2877,0.397,278.1,23.34,18.8,77.2,269.2,10.91,0,16.38,17.65,0.075
"2022-07-14 10:00:00",18309,14.26,101.279,0.547,239.5,53.04,20.85,71.05,434.8,18.57,0,19.21,20.51,0.075
"2022-07-14 11:00:00",18310,14.23,101.2404,0.863,131.8,42.93,23.06,65.41,555.1,24.66,0,21.84,23.17,0.075
"2022-07-14 12:00:00",18311,14.21,101.216,1.128,93.7,40.48,24.59,59.16,613.9,27.59,0,24.74,25.69,0.074
"2022-07-14 13:00:00",18312,14.21,101.1826,1.244,83,28.59,25.1,62.7,622.1,28.06,0,26.25,26.81,0.074
"2022-07-14 14:00:00",18313,14.25,101.1744,1.331,80.8,29.6,24.82,66.1,554.6,24.26,0,26.26,26.81,0.074
"2022-07-14 15:00:00",18314,14.28,101.215,1.32,90.9,32.49,24.7,67.43,423.8,17.7,0,25.19,26.25,0.074
"2022-07-14 16:00:00",18315,14.23,101.3237,1.395,140.7,29.76,23.06,78.69,252,9.96,0,21.86,23.6,0.074
"2022-07-14 17:00:00",18316,13.01,101.3764,0.922,149.6,22.96,20.95,89.9,51.27,3.062,0,19.79,20.73,0.073
"2022-07-14 18:00:00",18317,12.92,101.4743,0.118,174,17.94,18.88,95.9,0.646,0.117,0,18.23,18.86,0.073
"2022-07-14 19:00:00",18318,12.93,101.5393,0.589,176.8,32.84,19.14,95.1,0,0,0,18.16,18.63,0.073
"2022-07-14 20:00:00",18319,12.91,101.6367,0.466,187.6,27.38,18.72,96.5,0,0,0,17.95,18.38,0.073
"2022-07-14 21:00:00",18320,12.9,101.7017,0.2,198.2,16.6,17.87,95.6,0,0,0,17.18,17.69,0.073
"2022-07-14 22:00:00",18321,12.88,101.7828,0.529,195.8,30.26,17.11,96,0,0,0,16.56,16.82,0.072
"2022-07-14 23:00:00",18322,12.87,101.8234,0.706,195.8,28.85,16.52,96.8,0,0,0,16.13,16.37,0.072
"2022-07-15 00:00:00",18323,12.85,101.864,0.796,197.7,28.28,16,97,0,0,0,15.77,15.94,0.072
"2022-07-15 01:00:00",18324,12.83,101.9046,0.894,195,34.69,15.74,97.4,0,0,0,15.59,15.69,0.072
"2022-07-15 02:00:00",18325,12.82,101.9046,0.951,197.8,29.94,15.58,97.6,0,0,0,15.49,15.54,0.072
"2022-07-15 03:00:00",18326,12.8,101.929,0.875,195.6,29.63,15.27,97.7,0,0,0,15.14,15.28,0.072
"2022-07-15 04:00:00",18327,12.79,101.9371,1.052,197.7,29.17,15.07,97.3,0,0,0,14.89,15.01,0.071
"2022-07-15 05:00:00",18328,12.75,101.9614,0.931,208.8,26.86,14.74,98.2,0,0,0,14.64,14.78,0.071
"2022-07-15 06:00:00",18329,12.74,102.0184,0.945,208.8,25.81,14.6,98,0,0,0,14.49,14.56,0.071
"2022-07-15 07:00:00",18330,12.71,102.0832,0.929,216.4,26.35,14.49,98.4,3.657,0.31,0,14.41,14.48,0.071
"2022-07-15 08:00:00",18331,12.74,102.1806,1.144,214,30.1,15.53,90.9,89.1,4.201,0,14.49,15.28,0.071
"2022-07-15 09:00:00",18332,13.59,102.2374,1.213,197,35.58,17.94,83,260.3,11.31,0,16.1,17.56,0.071
"2022-07-15 10:00:00",18333,14.29,102.2854,1.522,182.3,41.82,20.8,74.96,428.7,19.04,0,19.17,20.73,0.071
"2022-07-15 11:00:00",18334,14.03,102.2406,1.55,178.9,41.34,22.82,73.36,514.6,24.3,0,22.29,23.36,0.071
"2022-07-15 12:00:00",18335,13.95,102.1928,1.35,165.3,44.03,23.14,70.47,446.6,22.8,0,23.1,24.07,0.071
"2022-07-15 13:00:00",18336,14.09,102.1278,1.448,158.2,39.95,23.02,67.5,446,22.67,0,22.95,23.9,0.071
"2022-07-15 14:00:00",18337,13.52,102.0985,1.041,137.8,31.68,21.75,76.12,241.9,12.71,0,21.66,22.9,0.071
"2022-07-15 15:00:00",18338,14.26,102.0897,1.738,141.1,35.54,22.12,76.41,368.2,17.1,0,22.28,23.11,0.071
"2022-07-15 16:00:00",18339,13.56,102.1231,1.517,141.9,35.09,20.53,83.8,150.2,7.788,0,20.27,21.37,0.07
"2022-07-15 17:00:00",18340,13.1,102.1161,0.648,135.7,28.99,19.78,88.6,71.22,2.59,0,19.4,20.38,0.07
"2022-07-15 18:00:00",18341,12.94,102.1725,0.209,161,11.84,17.82,93.7,0.621,0.131,0,17.48,18.15,0.07
"2022-07-15 19:00:00",18342,12.93,102.1968,0.47,157.7,22.6,18.13,87.6,0,0,0,17.63,18.03,0.07
"2022-07-15 20:00:00",18343,12.91,102.2374,0.131,212.5,16.31,17.95,89.3,0,0,0,17.9,18.04,0.07
"2022-07-15 21:00:00",18344,12.9,102.2861,0.28,215.5,20.84,17.29,96.9,0,0,0.254,17.24,17.59,0.07
"2022-07-15 22:00:00",18345,12.9,102.3105,0.457,226.5,19.59,16.26,97.7,0,0,0,16.65,16.89,0.07
"2022-07-15 23:00:00",18346,12.88,102.3024,0.708,220.2,28.68,16.13,98.3,0,0,0,16.18,16.49,0.07
"2022-07-16 00:00:00",18347,12.86,102.2861,0.934,205.9,32.89,15.77,98.4,0,0,0,16.03,16.13,0.07
"2022-07-16 01:00:00",18348,12.85,102.2537,0.855,197,30.32,15.8,98.7,0,0,0,16.03,16.09,0.069
"2022-07-16 02:00:00",18349,12.84,102.2374,0.756,196.5,29.42,15.91,99.1,0,0,0,16.12,16.21,0.069
"2022-07-16 03:00:00",18350,12.82,102.2456,0.586,212.8,23.98,16.18,99.6,0,0,1.778,16.26,16.52,0.069
"2022-07-16 04:00:00",18351,12.81,102.205,0.268,228.6,16.51,15.89,99.4,0,0,0,16.18,16.37,0.069
"2022-07-16 05:00:00",18352,12.77,102.2131,0.907,206.8,27.99,15.37,99.6,0,0,0.254,15.56,15.74,0.069
"2022-07-16 06:00:00",18353,12.74,102.2618,0.781,207.9,26.63,15.39,99.7,0,0,0,15.68,15.75,0.069
"2022-07-16 07:00:00",18354,12.7,102.2943,0.699,195.2,25.11,15.45,99.1,4.797,0.293,0,15.59,15.74,0.069
"2022-07-16 08:00:00",18355,12.71,102.3511,0.757,206.7,22.83,15.69,98.2,42.09,3.609,0,15.62,15.78,0.069
"2022-07-16 09:00:00",18356,12.82,102.3836,0.824,193.5,24.05,18.02,89.7,250.4,11.64,0,15.82,17.63,0.07
"2022-07-16 10:00:00",18357,14.02,102.3899,1.117,176.2,32.33,20.8,79.3,448.4,20.86,0,18.96,20.39,0.07
"2022-07-16 11:00:00",18358,13.89,102.3597,1.112,156.3,35.65,22.82,74.04,560.5,26.98,0,21.76,22.84,0.07
"2022-07-16 12:00:00",18359,13.9,102.3012,1.437,126.6,39.9,23.52,62.5,579.1,27.9,0,22.33,24.33,0.071
"2022-07-16 13:00:00",18360,13.97,102.2453,1.465,130.3,39.93,23.88,63.37,578.1,28.29,0,23.07,24.9,0.071
"2022-07-16 14:00:00",18361,14.1,102.1807,1.591,116.5,39.14,24.07,61.05,575,26.89,0,24.81,25.38,0.071
"2022-07-16 15:00:00",18362,14.24,102.1646,1.586,113.5,37.05,23.78,64.42,441.4,20.04,0,23.98,24.8,0.071
"2022-07-16 16:00:00",18363,14.29,102.1836,1.238,111.7,37.01,23.08,69.64,271.3,11.57,0,22.36,23.5,0.071
"2022-07-16 17:00:00",18364,12.95,102.1799,0.532,116.7,24.88,20.72,82.9,52.54,3.562,0,18.8,20.38,0.071
"2022-07-16 18:00:00",18365,12.93,102.1887,0.004,136.2,1.009,17.79,94.3,0.797,0.148,0,16.35,17.36,0.071
"2022-07-16 19:00:00",18366,12.92,102.2131,0,0,0,17.03,95.4,0,0,0,15.56,16.07,0.071
"2022-07-16 20:00:00",18367,12.9,102.2618,0,0,0,16.64,96.2,0,0,0,15.19,15.39,0.071
"2022-07-16 21:00:00",18368,12.88,102.2618,0,0,0,16.28,98,0,0,0,14.86,15.04,0.071
"2022-07-16 22:00:00",18369,12.87,102.278,0,0,0,15.95,99.1,0,0,0,14.31,14.8,0.071
"2022-07-16 23:00:00",18370,12.86,102.2618,0,0,0,15.13,100,0,0,0,14.1,14.29,0.071
"2022-07-17 00:00:00",18371,12.85,102.2212,0.058,94.5,6.834,16.07,100,0.112,0,0,14.31,15.67,0.071
"2022-07-17 01:00:00",18372,12.83,102.2293,0.159,215.6,16.67,15.22,100,0.012,0,0,14.32,14.73,0.071
"2022-07-17 02:00:00",18373,12.82,102.1968,0.442,211.9,24.62,16.03,100,0.025,0,0.254,15.62,16.28,0.071
"2022-07-17 03:00:00",18374,12.81,102.1481,0.32,216.8,17.79,16.06,100,0,0,0,15.99,16.21,0.07
"2022-07-17 04:00:00",18375,12.8,102.1238,0.151,226,12.83,16.3,100,0,0,0,16.2,16.41,0.071
"2022-07-17 05:00:00",18376,12.76,102.1644,0.142,214.4,15.55,16.09,100,0,0,0,16.2,16.35,0.071
"2022-07-17 06:00:00",18377,12.75,102.1725,0.348,228.9,21.64,15.84,100,0,0,0,15.47,16,0.07
"2022-07-17 07:00:00",18378,12.72,102.2618,0.48,218.2,21.42,15.23,100,4.097,0.347,0,15.09,15.18,0.071
"2022-07-17 08:00:00",18379,12.76,102.3024,0.861,198.5,24.72,15.93,96.1,103.6,4.794,0,15.18,15.9,0.07
"2022-07-17 09:00:00",18380,14.07,102.3204,0.738,206.8,24,18.98,87.2,283,12.67,0,16.89,18.25,0.07
"2022-07-17 10:00:00",18381,14.24,102.3158,0.647,204,34.54,21.64,72.1,455.4,21.27,0,19.69,20.91,0.07
"2022-07-17 11:00:00",18382,14.12,102.2618,0.795,53.86,40.84,23.5,59.62,589.2,27.96,0,22,23.99,0.07
"2022-07-17 12:00:00",18383,14.02,102.1894,1.26,78.4,38.38,23.67,59.84,571.4,28.69,0,24.99,25.35,0
"2022-07-17 13:00:00",18384,14.2,102.1072,1.34,64.15,41.16,24.45,59.15,661.5,31.54,0,25.47,26.72,0.07
"2022-07-17 14:00:00",18385,14.27,102.0759,1.431,65.56,36.96,24.56,59.14,572.4,27.37,0,26.35,27.15,0.07
"2022-07-17 15:00:00",18386,14.29,102.0504,1.707,75.64,30.79,23.86,64.61,443.6,20.4,0,25.44,26.09,0.07
"2022-07-17 16:00:00",18387,14.32,102.0309,1.45,70.75,25.36,23.29,71.55,275.2,11.73,0,23.79,24.84,0.07
"2022-07-17 17:00:00",18388,13.05,102.0176,0.596,76.36,16.93,21.53,83.3,64.7,3.598,0,20.84,21.9,0.07
"2022-07-17 18:00:00",18389,12.94,102.0665,0.001,114.9,0.001,19,93.2,1.448,0.151,0,17.51,18.97,0.07
"2022-07-17 19:00:00",18390,12.92,102.0751,0,0,0,17.12,97.6,0,0,0,16.87,17.28,0.07
"2022-07-17 20:00:00",18391,12.91,102.0832,0,0,0,16.68,99,0,0,0,16.4,16.62,0.07
"2022-07-17 21:00:00",18392,12.89,102.0507,0,0,0,15.82,99.8,0,0,0,15.89,16.25,0.069
"2022-07-17 22:00:00",18393,12.88,102.0507,0,0,0,15.45,100,0,0,0,15.72,16.08,0.069
"2022-07-17 23:00:00",18394,12.87,102.0588,0,0,0,15.36,100,0,0,0,15.23,15.39,0.069
"2022-07-18 00:00:00",18395,12.86,102.0183,0.128,253.6,11.3,15.76,100,0.009,0,0,15.46,15.99,0.069
"2022-07-18 01:00:00",18396,12.85,102.002,0.051,237.4,7.318,15.73,100,0,0,0,15.75,15.95,0.069
"2022-07-18 02:00:00",18397,12.82,101.9533,0.004,272,1.634,15.14,100,0,0,0,14.37,15.3,0.069
"2022-07-18 03:00:00",18398,12.81,101.9127,0.044,241.6,6.064,14.67,100,0,0,0,14.01,14.63,0.069
"2022-07-18 04:00:00",18399,12.79,101.883,0,0,0,13.29,100,0,0,0,13.48,13.91,0.069
"2022-07-18 05:00:00",18400,12.76,101.8945,0,0,0,12.46,100,0,0,0,13.11,13.34,0.069
"2022-07-18 06:00:00",18401,12.75,101.8976,0.006,251.6,0.366,12.12,100,0,0,0,12.78,12.92,0.068
"2022-07-18 07:00:00",18402,12.72,101.9373,0.091,249.6,7.95,14.99,100,3.909,0.356,0,12.91,14.44,0.068
"2022-07-18 08:00:00",18403,12.73,101.9533,0.186,243.7,18.31,15.54,100,54.61,4.067,0,15.07,15.7,0.068
"2022-07-18 09:00:00",18404,13.41,101.9928,0.663,268,24.73,18.71,85.6,296.2,12.32,0,16.55,18.37,0.068
"2022-07-18 10:00:00",18405,14.23,101.9984,1.11,309.2,34.66,22.38,70.61,437.9,21.25,0,19.78,21.89,0.068
"2022-07-18 11:00:00",18406,14.22,101.8956,1.221,350.8,37.71,24.65,64.27,569.2,27.61,0,23.9,25.64,0.068
"2022-07-18 12:00:00",18407,13.97,101.8146,1.558,22.78,31.67,25.28,64.28,628.8,30.67,0,26.84,27.88,0.068
"2022-07-18 13:00:00",18408,14,101.6935,1.744,30.39,28.21,25.5,70.44,508.5,26.14,0,27.5,28.57,0.068
"2022-07-18 14:00:00",18409,14.12,101.6205,2.252,27.84,30.35,25.19,68.86,519.4,25.01,0,26.93,28.26,0.068
"2022-07-18 15:00:00",18410,14.31,101.5893,2.515,30,25.95,24.87,71.21,439.4,20.06,0,27.14,28.08,0.068
"2022-07-18 16:00:00",18411,14.33,101.5602,2.597,30.86,27.79,23.83,79.02,270.3,11.53,0,24.23,26.15,0.068
"2022-07-18 17:00:00",18412,13,101.5955,1.838,28.67,26.95,22.09,87.6,58.58,3.621,0,21.19,22.33,0.068
"2022-07-18 18:00:00",18413,12.94,101.6162,0.931,24.34,17.48,20.41,95.3,1.165,0.162,0,19.63,20.42,0.068
"2022-07-18 19:00:00",18414,12.93,101.6611,0.027,13.07,5.59,18.97,98.9,0,0,0,17.28,18.2,0.067
"2022-07-18 20:00:00",18415,12.91,101.6935,0.009,351.5,4.328,18.18,100,0,0,0,16.26,16.63,0.067
"2022-07-18 21:00:00",18416,12.9,101.6854,0.011,307.8,1.901,18.02,100,0,0,0,15.92,16.34,0.067
"2022-07-18 22:00:00",18417,12.88,101.6692,0,0,0,17.68,100,0,0,0,15.36,15.6,0.067
"2022-07-18 23:00:00",18418,12.87,101.6854,0.274,307.1,11.11,17.59,100,0,0,0,15.44,16.34,0.067
"2022-07-19 00:00:00",18419,12.86,101.6692,0.595,312.2,20.25,17.3,100,0,0,0,17.14,17.39,0.067
"2022-07-19 01:00:00",18420,12.85,101.653,0.647,314,18.09,17.71,100,0,0,0,17.44,17.74,0.067
"2022-07-19 02:00:00",18421,12.85,101.6124,0.446,326.3,13.79,17.93,100,0,0,0,17.93,18.05,0.067
"2022-07-19 03:00:00",18422,12.83,101.6205,0.295,326.1,14.26,17.62,100,0,0,0,17.92,18.01,0.067
"2022-07-19 04:00:00",18423,12.81,101.588,0.178,326.8,10.16,17.77,100,0,0,0,17.72,17.86,0.066
"2022-07-19 05:00:00",18424,12.78,101.6124,0.681,323,15.44,17.97,100,0,0,0,17.48,17.89,0.066
"2022-07-19 06:00:00",18425,12.77,101.6205,0.839,322.2,17.61,17.88,100,0,0,0,17.46,17.7,0.066
"2022-07-19 07:00:00",18426,12.75,101.6611,0.355,317.3,10.73,17.61,100,5.844,0.362,0,17.06,17.31,0.066
"2022-07-19 08:00:00",18427,12.81,101.7098,0.853,330.7,18.3,18.3,99.8,93.6,4.804,0,17.26,18.33,0.066
"2022-07-19 09:00:00",18428,13.53,101.7451,1.781,332.9,30.06,19.59,97.8,158.1,8.18,0,19.46,19.68,0.066
"2022-07-19 10:00:00",18429,13.6,101.766,1.972,337.1,28.33,20.51,88.4,265.1,14.24,0,19.71,20.58,0.066
"2022-07-19 11:00:00",18430,14.03,101.6968,2.158,339.1,31.43,22.83,78.2,504.7,25.44,0,21.61,23.64,0.066
"2022-07-19 12:00:00",18431,13.98,101.5469,1.826,349.8,35.26,25.15,71.45,620,30.33,0,25.75,27.35,0.066
"2022-07-19 13:00:00",18432,13.99,101.4256,1.951,11.69,32.16,25.99,68.05,529.5,26.72,0,28.17,28.6,0.066
"2022-07-19 14:00:00",18433,14.07,101.3515,2.321,6.532,34.41,27.06,63.34,577.5,26.56,0,28.92,30,0.066
"2022-07-19 15:00:00",18434,13.97,101.3436,2.422,20.83,27.6,26.27,66.13,420.5,19.28,0,27.71,29.08,0.066
"2022-07-19 16:00:00",18435,13.97,101.3136,2.168,17.61,31,25.65,73.76,251.9,10.83,0,25.65,27.44,0.066
"2022-07-19 17:00:00",18436,13.01,101.3439,1.734,8.4,31.5,23.78,84.8,59.63,3.608,0,22.39,23.44,0.066
"2022-07-19 18:00:00",18437,12.95,101.3845,1.381,14.89,23.44,21.66,90.6,1.582,0.167,0,20.56,21.37,0.066
"2022-07-19 19:00:00",18438,12.93,101.4239,1.276,18.12,21.81,20.31,93.2,0,0,0,19.66,20.05,0.065
"2022-07-19 20:00:00",18439,12.92,101.4576,1.179,2.484,27.13,19.92,96.1,0,0,0,19.39,19.61,0.065
"2022-07-19 21:00:00",18440,12.9,101.4419,0.899,359.9,22.91,19.45,96.9,0,0,0,19.11,19.19,0.065
"2022-07-19 22:00:00",18441,12.89,101.45,0.739,346.6,24.77,19.4,97.8,0,0,0,19.01,19.08,0.065
"2022-07-19 23:00:00",18442,12.88,101.4744,0.548,341,19.46,19.44,99.2,0,0,0,18.63,18.95,0.065
"2022-07-20 00:00:00",18443,12.87,101.4581,0.443,326.6,12.84,19.35,99.8,0,0,0,18.61,18.93,0.065
"2022-07-20 01:00:00",18444,12.85,101.4419,0.341,323.8,12.84,19.29,100,0,0,0,19,19.09,0.065
"2022-07-20 02:00:00",18445,12.84,101.4243,1.03,341.8,27.89,19.79,100,0,0,0,19.11,19.53,0.065
"2022-07-20 03:00:00",18446,12.83,101.3823,0.985,2.046,25.02,20.37,99.5,0,0,0,19.82,19.95,0.065
"2022-07-20 04:00:00",18447,12.82,101.4038,0.49,352.4,20.17,20.34,99.9,0,0,0,19.7,19.87,0.065
"2022-07-20 05:00:00",18448,12.78,101.4089,0.218,339.8,11.14,19.72,100,0,0,0,18.68,19.24,0.065
"2022-07-20 06:00:00",18449,12.77,101.4257,0.396,326.7,13.23,19.04,100,0,0,0,18.2,18.42,0.065
"2022-07-20 07:00:00",18450,12.75,101.4906,0.24,324.4,8.75,18.49,100,6.411,0.361,0,17.54,18.17,0.064
"2022-07-20 08:00:00",18451,12.84,101.5147,0.275,347.9,13.19,19.55,97.2,103.3,4.547,0,17.57,18.99,0.064
"2022-07-20 09:00:00",18452,13.91,101.5306,1.347,352.7,26.43,22.42,79.6,284.8,12.43,0,20.77,21.61,0.064
"2022-07-20 10:00:00",18453,14.21,101.5238,2.06,343.9,31.53,24.96,70.23,449.5,20.57,0,23.06,24.66,0.064
"2022-07-20 11:00:00",18454,14.19,101.4654,2.14,333.7,27.84,26.87,59.22,570.8,26.93,0,26.13,27.77,0.065
"2022-07-20 12:00:00",18455,14.2,101.384,1.874,332.2,37.7,28.24,52.99,631.3,30.26,0,28.97,30.06,0.064
"2022-07-20 13:00:00",18456,14.19,101.2947,1.563,346.5,36.05,29.2,50.34,625.4,29.89,0,31.17,31.77,0.064
"2022-07-20 14:00:00",18457,13.92,101.2466,1.175,333.9,46.58,29.85,49.76,533.6,25.52,0,31.64,32.26,0.064
"2022-07-20 15:00:00",18458,13.82,101.2482,1.283,41.49,38.72,29.33,68.72,392,18.49,0,29.97,31.7,0.064
"2022-07-20 16:00:00",18459,13.22,101.3816,1.918,73.9,38.02,25.92,88.8,221.6,9.76,0,24.75,28.26,0.064
"2022-07-20 17:00:00",18460,12.97,101.4575,1.436,137.3,40.16,22.28,82.5,10.68,1.338,0,20.73,22.94,0.064
"2022-07-20 18:00:00",18461,12.94,101.5128,1.209,151.1,31.16,19.99,95.2,0,0.04,0.254,19.99,20.21,0.063
"2022-07-20 19:00:00",18462,12.92,101.6035,0.653,169.2,32,19.99,98.6,0,0,0.762,20.07,20.22,0.063
"2022-07-20 20:00:00",18463,12.9,101.6692,0.75,183.9,34.9,19.71,99.3,0,0,2.032,19.54,20.07,0.063
"2022-07-20 21:00:00",18464,12.89,101.7098,0.826,189.9,32.02,18.92,99.7,0,0,1.016,19.18,19.3,0.063
"2022-07-20 22:00:00",18465,12.88,101.6205,0.614,155.9,23.3,18.57,100,0,0,0.762,18.91,19.05,0.063
"2022-07-20 23:00:00",18466,12.87,101.6286,0.723,185,32.09,18.28,99.9,0,0,0,18.48,18.72,0.063
"2022-07-21 00:00:00",18467,12.86,101.6286,0.502,198.6,21.15,17.87,99.5,0,0,0,18.05,18.3,0.063
"2022-07-21 01:00:00",18468,12.84,101.653,0.393,204.2,18.17,17.37,99.6,0,0,0,17.57,17.77,0.064
"2022-07-21 02:00:00",18469,12.82,101.6286,0.235,226.8,15.24,17.06,99,0,0,0,17.41,17.65,0.065
"2022-07-21 03:00:00",18470,12.81,101.5961,0.706,205.6,22.76,17.05,98.1,0,0,0,17.17,17.29,0.066
"2022-07-21 04:00:00",18471,12.79,101.5718,0.429,193.1,19.67,16.9,98.6,0,0,0,17.19,17.23,0.067
"2022-07-21 05:00:00",18472,12.76,101.588,0.355,197.2,18.56,16.83,97.8,0.036,0,0,17.08,17.18,0.067
"2022-07-21 06:00:00",18473,12.75,101.653,0.473,214.2,17.96,17.15,95.7,0.972,0,0,17.16,17.32,0.068
"2022-07-21 07:00:00",18474,12.73,101.6773,0.068,208.2,8.03,17.02,95.8,4.201,0.275,0,17.23,17.29,0.068
"2022-07-21 08:00:00",18475,12.72,101.7179,0.533,210.1,20.82,17.72,90.8,60.27,3.165,0,17.23,17.51,0.069
"2022-07-21 09:00:00",18476,13.05,101.7581,0.536,203.2,19.62,19.28,87.2,184.9,9,0,18,18.99,0.069
"2022-07-21 10:00:00",18477,13.72,101.7579,0.384,194,16.38,21.28,82,292.6,15.05,0,20.11,21.17,0.069
"2022-07-21 11:00:00",18478,14.12,101.715,0.585,219.5,18.56,23.05,74.97,410,21.1,0,22.14,23.08,0.07
"2022-07-21 12:00:00",18479,14.06,101.6537,0.835,330,35.84,24.89,71.64,548.5,24.93,0,24.28,25.88,0.07
"2022-07-21 13:00:00",18480,14.04,101.5568,1.13,340.4,27.01,25.6,71.3,546.5,24.86,0,27.06,27.89,0.07
"2022-07-21 14:00:00",18481,14.12,101.4925,1.027,314.7,34.14,25.64,68.56,410.3,20.82,0,26.42,27.84,0.07
"2022-07-21 15:00:00",18482,14.07,101.476,0.99,342.2,35.33,26.49,63.31,409.3,18.04,0,26.94,28.59,0.07
"2022-07-21 16:00:00",18483,14.27,101.4685,1.354,35.38,32.46,25.44,82.7,241.3,10.21,0,25.1,27.57,0.07
"2022-07-21 17:00:00",18484,13.06,101.5144,0.801,53.79,18.3,22.66,91.2,60.96,3.336,0,22.29,23.46,0.07
"2022-07-21 18:00:00",18485,12.96,101.5677,0.035,80.6,3.914,20.51,97.2,1.265,0.166,0,19.5,20.93,0.07
"2022-07-21 19:00:00",18486,12.93,101.6124,0,0,0,19.49,99.5,0,0,0,18.43,18.92,0.07
"2022-07-21 20:00:00",18487,12.91,101.7179,0,0,0,19,100,0,0,0,17.6,17.95,0.07
"2022-07-21 21:00:00",18488,12.9,101.7666,0.004,163.4,0,18.72,100,0,0,0,17.68,17.97,0.07
"2022-07-21 22:00:00",18489,12.89,101.7747,0,0,0,18.63,100,0,0,0,17.46,17.75,0.069
"2022-07-21 23:00:00",18490,12.88,101.791,0.001,163.1,0,18.07,100,0.001,0,0,17.41,17.83,0.069
"2022-07-22 00:00:00",18491,12.87,101.8153,0.03,166.3,8.67,18.9,100,0.034,0,0,18.19,18.75,0.069
"2022-07-22 01:00:00",18492,12.86,101.8397,0.313,225,27.66,19.21,100,0.034,0,6.604,19.3,19.44,0.069
"2022-07-22 02:00:00",18493,12.85,101.8072,0.046,206.5,5.784,19.1,100,0.018,0,0.508,19.06,19.29,0.08
"2022-07-22 03:00:00",18494,12.84,101.8721,0.5,161.7,32.92,19.12,100,0.003,0,6.858,19,19.26,0.097
"2022-07-22 04:00:00",18495,12.82,101.8802,1.128,207.8,31.45,17.72,100,0,0,15.24,17.48,18,0.119
"2022-07-22 05:00:00",18496,12.79,101.8965,0.765,209.8,26.17,17.91,100,0,0,1.27,17.65,17.96,0.134
"2022-07-22 06:00:00",18497,12.79,101.9533,0.619,195.7,22.35,17.74,100,0,0,0,17.7,17.83,0.112
"2022-07-22 07:00:00",18498,12.72,101.9695,0.326,190.2,15.98,17.57,100,2.837,0.265,0,17.63,17.7,0.103
"2022-07-22 08:00:00",18499,12.7,102.0101,0.58,185,17.31,17.65,100,47.49,3.279,0,17.7,17.87,0.097
"2022-07-22 09:00:00",18500,13.03,102.0345,0.82,184.8,24.38,18.3,99.3,153.8,8.51,0,18.08,18.61,0.094
"2022-07-22 10:00:00",18501,13.58,102.0299,0.746,191.4,19.81,19.61,96.5,222.6,12.95,0,19.12,19.79,0.092
"2022-07-22 11:00:00",18502,13.85,101.9926,0.598,198.9,19.46,21.66,89.6,325.7,17.6,0,20.6,21.72,0.09
"2022-07-22 12:00:00",18503,13.97,101.8792,0.411,177.4,26.15,22.74,78.23,321.7,17.66,0,22.32,23.03,0.089
"2022-07-22 13:00:00",18504,14.11,101.7842,1.127,85.3,23.9,24.3,72.71,512.3,22.24,0,24.35,25.48,0.088
"2022-07-22 14:00:00",18505,14.05,101.7199,1.31,12.28,27.08,24.56,75.62,504.2,23.43,0,25.81,27.03,0.086
"2022-07-22 15:00:00",18506,14.01,101.6587,1.189,33.51,19.55,23.55,79.39,257,14.4,0,24.07,25.78,0.085
"2022-07-22 16:00:00",18507,14.07,101.6251,0.978,36.85,17.26,23.83,73.95,224.6,9.81,0,23.81,24.92,0.084
"2022-07-22 17:00:00",18508,13.06,101.5874,0.802,55.85,10.89,22.17,88.9,64.76,3.534,0,21.15,22.6,0.083
"2022-07-22 18:00:00",18509,12.96,101.5715,0,0,0,19.41,97.1,1.165,0.185,0,18.1,19.3,0.082
"2022-07-22 19:00:00",18510,12.93,101.5961,0,0,0,17.78,99.6,0,0,0,17.22,17.58,0.082
"2022-07-22 20:00:00",18511,12.91,101.653,0,0,0,17.34,100,0,0,0,16.64,16.93,0.081
"2022-07-22 21:00:00",18512,12.9,101.6448,0,0,0,16.87,100,0,0,0,16.08,16.47,0.081
"2022-07-22 22:00:00",18513,12.88,101.6367,0,0,0,16.72,100,0,0,0,15.73,15.96,0.08
"2022-07-22 23:00:00",18514,12.87,101.6124,0,0,0,16.18,100,0,0,0,15.41,15.58,0.08
"2022-07-23 00:00:00",18515,12.86,101.6042,0,0,0,16.04,100,0,0,0,15.16,15.41,0.079
"2022-07-23 01:00:00",18516,12.85,101.5637,0,0,0,15.19,100,0,0,0,14.85,15,0.079
"2022-07-23 02:00:00",18517,12.82,101.5068,0,0,0,14.79,100,0,0,0,14.34,14.67,0.079
"2022-07-23 03:00:00",18518,12.81,101.4826,0,0,0,14.39,100,0,0,0,13.98,14.18,0.079
"2022-07-23 04:00:00",18519,12.79,101.4443,0,0,0,14.05,100,0,0,0,13.95,14.14,0.078
"2022-07-23 05:00:00",18520,12.75,101.464,0,0,0,13.66,100,0,0,0,13.58,13.87,0.078
"2022-07-23 06:00:00",18521,12.74,101.4908,0.022,16.24,0.943,14.13,100,0,0,0,13.92,14.25,0.078
"2022-07-23 07:00:00",18522,12.72,101.4987,0.007,7.015,0.277,14.51,100,5.988,0.354,0,14.31,14.51,0.077
"2022-07-23 08:00:00",18523,12.79,101.5312,0.392,352.5,9.05,15.9,99.2,105.5,4.216,0,14.54,16.08,0.077
"2022-07-23 09:00:00",18524,13.86,101.5471,1.469,341,21.65,18.65,89.3,286.8,11.2,0,17.66,18.47,0.077
"2022-07-23 10:00:00",18525,14.31,101.5063,2.19,339.1,30.87,20.82,78.58,430.4,18.44,0,19.26,20.61,0.077
"2022-07-23 11:00:00",18526,14.31,101.3816,2.376,341.2,31.73,22.84,71.34,543.8,23.96,0,22.03,23.62,0.077
"2022-07-23 12:00:00",18527,14.22,101.2397,2.586,340.5,31.78,23.79,69.14,544.9,25.07,0,24.33,25.4,0.077
"2022-07-23 13:00:00",18528,14.23,101.1266,2.451,349.5,37.44,24.72,68.06,547.8,25.44,0,24.83,26.55,0.077
"2022-07-23 14:00:00",18529,14.29,101.0303,2.226,359.8,39.27,25.26,61.53,524,22.66,0,25.8,27.19,0.076
"2022-07-23 15:00:00",18530,14.31,100.9562,1.947,5.538,30.91,25.78,63.31,404.4,16.93,0,27.03,27.6,0.076
"2022-07-23 16:00:00",18531,14.25,100.9409,1.485,5.553,30.68,25.32,68.61,242.1,9.75,0,25.04,26.52,0.075
"2022-07-23 17:00:00",18532,13.04,100.9218,0.442,0.262,19.42,23.33,81.6,62.65,3.234,0,21.68,23.08,0.075
"2022-07-23 18:00:00",18533,12.96,100.955,0.378,13,18.23,21.1,89.9,2.342,0.135,0,19.98,20.87,0.075
"2022-07-23 19:00:00",18534,12.94,101.0117,0.038,4.701,5.188,19.4,94.5,0,0,0,18.04,19.06,0.075
"2022-07-23 20:00:00",18535,12.92,101.0522,0.188,316.6,9.08,18.93,92.8,0,0,0,18.04,18.52,0.075
"2022-07-23 21:00:00",18536,12.91,101.0117,0.457,333.1,18.12,19.71,87.8,0,0,0,18.89,19.12,0.074
"2022-07-23 22:00:00",18537,12.91,100.9786,0.7,328.1,18.56,20.5,86.6,0,0,0,19.39,19.55,0.074
"2022-07-23 23:00:00",18538,12.89,100.9872,1.135,330.5,22.81,20.35,89.4,0,0,0,18.76,19.39,0.074
"2022-07-24 00:00:00",18539,12.88,100.898,0.826,341.6,24.93,19.69,84.1,0,0,0,18.43,18.61,0.074
"2022-07-24 01:00:00",18540,12.86,100.8737,0.563,336.8,19.42,20.08,82.3,0,0,0,18.58,18.63,0.074
"2022-07-24 02:00:00",18541,12.85,100.8489,0.548,322.2,17.8,20.15,82.6,0,0,0,18.63,18.9,0.074
"2022-07-24 03:00:00",18542,12.83,101.0035,0.688,185,56.05,19.31,87.4,0,0,0,18.34,18.6,0.073
"2022-07-24 04:00:00",18543,12.82,101.0117,1.241,170.4,39.28,19.33,91.7,0,0,0,18.66,18.87,0.073
"2022-07-24 05:00:00",18544,12.79,101.0604,1.1,167.3,38.32,18.99,91,0,0,0,18.5,18.6,0.073
"2022-07-24 06:00:00",18545,12.77,101.1415,1.252,171.3,37.6,18.74,94.7,0,0,0,18.14,18.45,0.073
"2022-07-24 07:00:00",18546,12.75,101.239,1.647,182.7,44.01,18.17,92.3,2.351,0.292,0,17.61,17.91,0.073
"2022-07-24 08:00:00",18547,12.74,101.3039,1.643,175.1,45.76,17.86,88.7,52.44,3.676,0,17.39,17.57,0.073
"2022-07-24 09:00:00",18548,13.2,101.4171,2.144,172.8,44.63,18.81,80.6,200.9,9.42,0,18.31,18.97,0.073
"2022-07-24 10:00:00",18549,13.6,101.4984,2.275,169.7,47.49,19.18,78.59,323.4,16.12,0,18.62,19.91,0.073
"2022-07-24 11:00:00",18550,14.09,101.4982,2.356,171.3,48.68,19.84,76.56,474.6,22.67,0,20.06,21.16,0.073
"2022-07-24 12:00:00",18551,14.12,101.4657,2.405,174.9,52.69,19,71.57,367.9,19.5,0,19.89,20.48,0.073
"2022-07-24 13:00:00",18552,14.08,101.4771,2.219,173.6,49.34,18.15,69.84,244.3,13.73,0,18.54,19.3,0.072
"2022-07-24 14:00:00",18553,14.25,101.462,2.317,170.6,50.72,18.39,65.64,324.3,17.25,0,18.74,19.46,0.072
"2022-07-24 15:00:00",18554,13.97,101.4923,2.233,169.8,47.48,18.47,69.67,258,12.84,0,18.4,19.48,0.072
"2022-07-24 16:00:00",18555,13.47,101.5312,1.845,165.2,47.31,17.47,70.58,89.9,4.866,0,17.64,18.02,0.072
"2022-07-24 17:00:00",18556,12.97,101.5961,1.406,175.8,49.48,16.84,71.72,34.41,2.027,0,16.83,17.19,0.072
"2022-07-24 18:00:00",18557,12.94,101.653,1.231,193.5,40.51,16.21,74.43,0.802,0.089,0,15.79,16.26,0.071
"2022-07-24 19:00:00",18558,12.92,101.726,1.259,188.6,42.57,16.03,73.99,0,0,0,15.73,15.8,0.071
"2022-07-24 20:00:00",18559,12.91,101.7991,1.179,188.9,42.83,16.11,76.13,0,0,0,15.76,15.97,0.071
"2022-07-24 21:00:00",18560,12.9,101.8559,1.035,200.5,39.64,15.77,78.59,0,0,0,15.44,15.72,0.071
"2022-07-24 22:00:00",18561,12.89,101.9208,0.832,212.8,31.92,15.05,81.8,0,0,0,15.03,15.16,0.071
"2022-07-24 23:00:00",18562,12.87,101.864,0.374,226.5,24.46,14.29,86.6,0,0,0,13.8,14.45,0.071
"2022-07-25 00:00:00",18563,12.85,101.866,1.05,208.7,40.72,13.87,84.2,0,0,0,13.56,13.74,0.071
"2022-07-25 01:00:00",18564,12.84,101.8774,1.261,190,38.78,13.48,84.4,0,0,0,12.99,13.38,0.071
"2022-07-25 02:00:00",18565,12.82,101.864,0.965,204.5,33.46,12.63,81,0,0,0,12.09,12.5,0.071
"2022-07-25 03:00:00",18566,12.79,101.8572,0.909,211.7,33.27,11.97,80.2,0,0,0,11.43,11.76,0.071
"2022-07-25 04:00:00",18567,12.77,101.8166,0.31,207.5,24.98,10.55,87,0,0,0,9.53,10.76,0.071
"2022-07-25 05:00:00",18568,12.72,101.841,0.361,196.2,26.33,10.22,82.1,0,0,0,9.43,9.86,0.07
"2022-07-25 06:00:00",18569,12.7,101.8816,0.463,212.6,24.84,10.45,74.84,0,0,0,9.49,9.87,0.07
"2022-07-25 07:00:00",18570,12.68,101.9222,0.475,225.3,23.5,10.55,74.49,7.863,0.437,0,9.3,9.88,0.07
"2022-07-25 08:00:00",18571,12.94,102.0083,0.663,232,36.82,12.94,65.83,126.1,5.157,0,10.68,12.27,0.07
"2022-07-25 09:00:00",18572,14.2,102.0913,1.155,205.9,38,16.59,52.99,317.8,13.41,0,14.36,16.3,0.07
"2022-07-25 10:00:00",18573,14.36,102.0907,1.801,195.2,44.8,18.52,49.77,488.9,21.85,0,17.89,19.02,0.07
"2022-07-25 11:00:00",18574,14.35,102.0418,1.848,197.5,50.21,20.25,45.04,613.3,28.68,0,20.13,21.14,0.07
"2022-07-25 12:00:00",18575,14.32,101.9749,1.706,185.2,49.25,21.62,43.17,674.9,32.05,0,21.86,22.69,0.07
"2022-07-25 13:00:00",18576,14.32,101.8615,1.75,164.3,45.08,22.26,42.89,673.3,31.97,0,23.23,23.58,0.07
"2022-07-25 14:00:00",18577,14.33,101.8091,1.59,154.3,47.48,22.43,50.27,602.1,27.9,0,23.26,23.72,0.07
"2022-07-25 15:00:00",18578,14.34,101.7798,1.736,142.6,39.34,21.53,55.6,469.1,20.73,0,21.8,22.63,0.07
"2022-07-25 16:00:00",18579,14.07,101.8051,1.551,143.5,35.51,20.56,57.01,281.9,11.95,0,19.31,21,0.069
"2022-07-25 17:00:00",18580,13.02,101.8466,0.95,149.6,31.05,18.48,72.08,66.99,4.04,0,16.76,18,0.069
"2022-07-25 18:00:00",18581,12.92,101.864,0.083,162.5,8.9,15.39,83.2,1.482,0.223,0,13.37,15.05,0.069
"2022-07-25 19:00:00",18582,12.91,101.9123,0.104,198,13.44,13.38,81,0,0,0,12.62,12.98,0.069
"2022-07-25 20:00:00",18583,12.9,101.9454,0.642,193.5,28.26,13.75,86.3,0,0,0,12.74,13.27,0.069
"2022-07-25 21:00:00",18584,12.89,102.0074,0.874,196.9,29.52,13.92,88.1,0,0,0,13.51,13.67,0.068
"2022-07-25 22:00:00",18585,12.88,102.0229,0.888,204.1,33,13.16,89.8,0,0,0,12.75,13.17,0.068
"2022-07-25 23:00:00",18586,12.87,102.01,0.874,207.6,29.07,12.29,92.1,0,0,0,12.17,12.46,0.068
"2022-07-26 00:00:00",18587,12.86,101.9709,0.815,204.5,27.16,11.62,94.1,0,0,0,11.71,11.91,0.068
"2022-07-26 01:00:00",18588,12.83,101.9709,0.715,219.6,28.41,11.35,95.2,0,0,0,11.48,11.72,0.068
"2022-07-26 02:00:00",18589,12.82,101.9222,0.508,237.4,25.46,10.8,94.6,0,0,0,11.19,11.28,0.068
"2022-07-26 03:00:00",18590,12.8,101.8816,0.746,233.8,30.12,11.06,94.7,0,0,0,11.2,11.3,0.068
"2022-07-26 04:00:00",18591,12.78,101.8328,0.595,235.1,23.46,10.87,95.1,0,0,0,11.09,11.16,0.068
"2022-07-26 05:00:00",18592,12.73,101.8166,0.385,230.7,21.67,10.87,94.8,0,0,0,10.98,11.09,0.068
"2022-07-26 06:00:00",18593,12.71,101.8734,0.183,246.1,18.08,9.99,96.3,0,0,0,10.46,10.64,0.068
"2022-07-26 07:00:00",18594,12.68,101.8816,0.475,240.8,26.57,10.53,92.7,7.551,0.428,0,10.5,10.73,0.068
"2022-07-26 08:00:00",18595,12.88,101.9068,0.64,236.6,34.47,13.05,82.1,121.6,4.866,0,11.18,12.51,0.068
"2022-07-26 09:00:00",18596,14.2,101.9371,0.582,229.3,34.11,16.68,68.3,307.2,12.65,0,14.22,16.08,0.068
"2022-07-26 10:00:00",18597,14.31,101.9202,0.729,168,42.99,19.29,65.84,474.1,20.93,0,18,19.51,0.068
"2022-07-26 11:00:00",18598,14.29,101.8031,0.747,85.3,49.01,21.15,47.44,598.4,27.36,0,20.86,22.64,0.068
"2022-07-26 12:00:00",18599,14.28,101.6975,1.005,2.128,44.7,21.91,48.97,663.9,30.85,0,23.63,24.8,0.068
"2022-07-26 13:00:00",18600,14.3,101.5741,1.306,27.53,36.92,22.51,46.76,662.1,30.6,0,25.66,26.47,0.067
"2022-07-26 14:00:00",18601,14.3,101.494,1.619,57.02,34.73,22.68,56.51,593.3,26.92,0,24.43,26.33,0.067
"2022-07-26 15:00:00",18602,14.36,101.4625,2.035,70.38,28.38,21.73,60.4,463.9,19.98,0,23.7,24.26,0.067
"2022-07-26 16:00:00",18603,14.31,101.441,1.957,65.59,23.03,20.96,63.19,292.9,11.96,0,21.46,23.14,0.067
"2022-07-26 17:00:00",18604,13.04,101.4388,1.258,64.85,20.59,19.06,75.12,70.9,4.028,0,17.88,19.22,0.067
"2022-07-26 18:00:00",18605,12.94,101.4662,0.066,68.11,5.992,16.28,85.5,1.5,0.226,0,14.09,15.83,0.067
"2022-07-26 19:00:00",18606,12.91,101.5068,0,0,0,14.33,93.4,0,0,0,13.1,13.48,0.067
"2022-07-26 20:00:00",18607,12.9,101.5516,0,0,0,12.92,96.6,0,0,0,12.77,12.98,0.066
"2022-07-26 21:00:00",18608,12.88,101.5478,0,0,0,12.58,97.2,0,0,0,12.36,12.57,0.066
"2022-07-26 22:00:00",18609,12.86,101.532,0,0,0,12.11,99.1,0,0,0,12.2,12.41,0.066
"2022-07-26 23:00:00",18610,12.86,101.4999,0.036,254.3,7.383,11.81,100,0,0,0,11.51,11.91,0.066
"2022-07-27 00:00:00",18611,12.85,101.4918,0.305,248.3,18.72,12.39,98.5,0,0,0,12.04,12.57,0.066
"2022-07-27 01:00:00",18612,12.84,101.4414,0.28,241.2,17.93,12.87,98.2,0,0,0,12.63,12.94,0.066
"2022-07-27 02:00:00",18613,12.82,101.37,0,0,0,11.22,99.4,0,0,0,11.19,11.82,0.066
"2022-07-27 03:00:00",18614,12.8,101.2888,0,0,0,9.86,100,0,0,0,10.7,10.98,0.066
"2022-07-27 04:00:00",18615,12.77,101.2563,0,0,0,9.6,100,0,0,0,10.41,10.58,0.066
"2022-07-27 05:00:00",18616,12.73,101.2563,0,0,0,9.46,100,0,0,0,10.13,10.29,0.066
"2022-07-27 06:00:00",18617,12.71,101.305,0,0,0,10.72,100,0.172,0,0,10.2,11.01,0.066
"2022-07-27 07:00:00",18618,12.68,101.3042,0,0,0,12.01,100,7.866,0.383,0,12.03,12.79,0.066
"2022-07-27 08:00:00",18619,12.8,101.3175,0.135,351.5,12.82,12.46,97.6,105.9,4.472,0,12.64,13.34,0.065
"2022-07-27 09:00:00",18620,14.01,101.3445,1.46,339.7,28.07,17.6,79.32,287.1,11.77,0,15.34,16.99,0.066
"2022-07-27 10:00:00",18621,14.33,101.3522,2.185,343.5,38.59,19.98,68.03,466.1,20.08,0,18.62,20.34,0.066
"2022-07-27 11:00:00",18622,14.34,101.2689,2.309,3.096,34.92,21.33,65.97,585.9,26.18,0,21.95,23.37,0.066
"2022-07-27 12:00:00",18623,14.31,101.1774,1.88,356,34.88,22.86,62.39,640.7,28.84,0,24.53,25.44,0.066
"2022-07-27 13:00:00",18624,14.3,101.0878,1.889,355.1,37.57,23.89,57.43,635.9,28.31,0,26.18,27.05,0.065
"2022-07-27 14:00:00",18625,14.3,101.0189,1.759,10.46,35.57,24.63,65.2,561.8,23.89,0,27.78,28.19,0.065
"2022-07-27 15:00:00",18626,14.32,100.9978,2.243,37.62,28.02,23.72,69.62,428.3,17.2,0,26.19,27.19,0.065
"2022-07-27 16:00:00",18627,14.25,101.0431,1.99,33.52,26.48,22.69,76.63,254.4,9.77,0,23.08,25.19,0.065
"2022-07-27 17:00:00",18628,13.07,101.0842,1.45,32.09,26.1,20.92,85.3,64.77,3.435,0,19.77,21.13,0.065
"2022-07-27 18:00:00",18629,12.95,101.1983,0.425,31.1,12.89,18.69,94,1.596,0.208,0,16.64,18.54,0.065
"2022-07-27 19:00:00",18630,12.93,101.3364,0.033,183.3,4.759,17.21,97.1,0,0,0,15.56,15.92,0.065
"2022-07-27 20:00:00",18631,12.91,101.4094,0,0,0,15.7,99.6,0,0,0,14.46,14.8,0.065
"2022-07-27 21:00:00",18632,12.89,101.4987,0.052,229.3,1.589,15.28,100,0,0,0,14.03,14.25,0.065
"2022-07-27 22:00:00",18633,12.88,101.5718,0.752,214.8,28.56,15.86,97.1,0,0,0,14.06,15.64,0.064
"2022-07-27 23:00:00",18634,12.87,101.5799,0.461,191.3,20.95,15.33,97.2,0,0,0,14.93,15.21,0.064
"2022-07-28 00:00:00",18635,12.86,101.5799,0.68,191.6,29.1,15.28,94.6,0,0,0,14.92,15.06,0.064
"2022-07-28 01:00:00",18636,12.85,101.5799,0.345,174.5,21.94,14.96,97.6,0,0,0,14.33,14.72,0.064
"2022-07-28 02:00:00",18637,12.83,101.5637,0.351,200.6,16.16,15.41,97.8,0,0,0,14.08,14.78,0.064
"2022-07-28 03:00:00",18638,12.82,101.5312,0.485,193.1,20.25,16.03,98.8,0,0,0,14.71,15.35,0.064
"2022-07-28 04:00:00",18639,12.81,101.5474,0.439,187.8,22.59,16.05,99.3,0,0,0,15.47,15.59,0.064
"2022-07-28 05:00:00",18640,12.77,101.6124,0.588,192.3,23.65,15.77,100,0,0,0,15.45,15.48,0.064
"2022-07-28 06:00:00",18641,12.76,101.6692,0.616,188.9,25.48,16,100,0,0,0,15.48,15.62,0.064
"2022-07-28 07:00:00",18642,12.74,101.7341,0.586,200.7,20.33,16.11,100,7.313,0.39,0,15.54,15.66,0.064
"2022-07-28 08:00:00",18643,12.8,101.7666,0.699,224,28.86,17.22,94.2,103.3,4.187,0,16.04,16.81,0.064
"2022-07-28 09:00:00",18644,13.8,101.786,0.805,178,38.99,19.76,83.1,282.5,11.11,0,17.62,18.79,0.064
"2022-07-28 10:00:00",18645,14.26,101.8049,0.875,156.4,32.34,22.26,74.88,434.5,18.7,0,20,21.75,0.064
"2022-07-28 11:00:00",18646,14.01,101.7828,0.934,97.7,49.84,24.1,68.21,522.6,23.57,0,23.16,24.87,0.064
"2022-07-28 12:00:00",18647,14.08,101.7102,0.916,67.19,38.69,24.01,67.21,458.9,22.44,0,24.52,25.82,0.064
"2022-07-28 13:00:00",18648,14.16,101.5897,1.303,73.73,38.81,24.54,63.07,515.4,23.55,0,25.49,26.59,0.064
"2022-07-28 14:00:00",18649,14.14,101.5393,1.783,62.59,26.75,24.5,70.82,509.1,22.6,0,26.13,27.33,0.063
"2022-07-28 15:00:00",18650,14.18,101.5172,1.874,80.5,24.59,24,70.78,407.5,17.07,0,24.79,25.66,0.063
"2022-07-28 16:00:00",18651,14.2,101.5116,1.759,60.28,27.88,23.59,75.04,246.6,9.85,0,23.6,24.91,0.063
"2022-07-28 17:00:00",18652,13.12,101.5468,1.97,33.6,24.72,21.61,87.9,67.69,3.366,0,20.69,21.89,0.063
"2022-07-28 18:00:00",18653,12.94,101.61,0.964,28.66,18.12,19.63,91.5,2.282,0.216,0,18.79,19.68,0.063
"2022-07-28 19:00:00",18654,12.92,101.6448,0.175,28.09,8.3,17.9,94.3,0,0,0,17.34,17.72,0.063
"2022-07-28 20:00:00",18655,12.91,101.6692,0.219,23.91,8.99,17.34,96.4,0,0,0,16.36,17.04,0.063
"2022-07-28 21:00:00",18656,12.89,101.653,0,0,0,16.53,98.4,0,0,0,14.82,15.42,0.063
"2022-07-28 22:00:00",18657,12.88,101.653,0,0,0,16.24,99.6,0,0,0,14.11,14.47,0.063
"2022-07-28 23:00:00",18658,12.87,101.6773,0.052,304.3,6.364,15.83,99.7,0,0,0,14,14.33,0.063
"2022-07-29 00:00:00",18659,12.86,101.6367,0.013,295.2,3.087,14.98,100,0,0,0,13.53,13.77,0.063
"2022-07-29 01:00:00",18660,12.84,101.6125,0.03,278.2,4.561,14.46,100,0,0,0,13.22,13.45,0.063
"2022-07-29 02:00:00",18661,12.82,101.5558,0.087,315.4,7.343,14.36,100,0,0,0,13.75,14.15,0.063
"2022-07-29 03:00:00",18662,12.81,101.5395,0.105,302.2,18.48,14.38,100,0,0,0,13.59,13.92,0.062
"2022-07-29 04:00:00",18663,12.79,101.4807,0.026,323.3,10.14,13.13,100,0,0,0,12.35,13.25,0.062
"2022-07-29 05:00:00",18664,12.76,101.5156,0,0,0,12.18,100,0,0,0,11.73,12.01,0.062
"2022-07-29 06:00:00",18665,12.74,101.5495,0.016,312.8,2.237,13.19,100,0,0,0,11.88,12.27,0.062
"2022-07-29 07:00:00",18666,12.71,101.5548,0,0,0,12.78,100,7.302,0.418,0,11.82,12.21,0.062
"2022-07-29 08:00:00",18667,12.79,101.556,0.143,345.5,7.085,14.21,100,97.6,4.313,0,12.18,13.95,0.062
"2022-07-29 09:00:00",18668,13.92,101.5962,1.133,339,25.78,18.2,81.5,278,11.47,0,16.35,17.89,0.062
"2022-07-29 10:00:00",18669,14.32,101.628,2.142,334.5,33.54,20.82,68.95,452.8,19.47,0,18.68,20.69,0.062
"2022-07-29 11:00:00",18670,14.3,101.5258,2.161,353.2,36.87,22.77,61.34,578.7,25.94,0,22.5,24.17,0.062
"2022-07-29 12:00:00",18671,14.3,101.3725,2.429,355.5,37.2,23.87,54.77,641.3,29.03,0,25.38,26.18,0.062
"2022-07-29 13:00:00",18672,14.31,101.2484,2.417,9.99,38.1,24.58,53.13,640.9,28.89,0,27,27.51,0.062
"2022-07-29 14:00:00",18673,14.31,101.1753,2.422,12.39,34.7,24.93,52.49,570.2,24.85,0,27.44,27.96,0.062
"2022-07-29 15:00:00",18674,14.34,101.1103,2.624,16.85,32.9,24.4,53.21,437.2,17.84,0,26.16,26.94,0.062
"2022-07-29 16:00:00",18675,14.27,101.0976,2.406,25.85,26.67,23.19,65.89,270.2,10.49,0,22.83,25.12,0.062
"2022-07-29 17:00:00",18676,13.06,101.1004,2.408,25.31,25.57,20.99,75.76,69.73,3.612,0,19.66,20.92,0.061
"2022-07-29 18:00:00",18677,12.94,101.1658,1.28,20.12,21.14,18.94,81.4,2.251,0.237,0,17.39,18.55,0.061
"2022-07-29 19:00:00",18678,12.92,101.174,0.453,16.28,16.2,17.16,86.4,0,0,0,15.59,16.39,0.061
"2022-07-29 20:00:00",18679,12.9,101.2065,0.152,354.3,15.83,16.26,90.3,0,0,0,15.02,15.35,0.061
"2022-07-29 21:00:00",18680,12.89,101.2308,0.03,315.4,4.41,15.27,95.6,0,0,0,13.51,14.24,0.061
"2022-07-29 22:00:00",18681,12.87,101.2227,0.037,327.5,3.404,14.9,96.9,0,0,0,13.4,13.71,0.061
"2022-07-29 23:00:00",18682,12.87,101.2552,0.535,314.9,18.22,15.63,96.5,0,0,0,14.2,14.85,0.061
"2022-07-30 00:00:00",18683,12.85,101.2065,0.565,310.1,19.15,14.51,98.2,0,0,0,14.22,14.58,0.061
"2022-07-30 01:00:00",18684,12.84,101.1913,0.346,316.3,10.13,13.8,99.7,0,0,0,13.77,13.94,0.061
"2022-07-30 02:00:00",18685,12.82,101.1426,0.592,320,13.83,14.27,100,0,0,0,13.62,14.14,0.06
"2022-07-30 03:00:00",18686,12.81,101.0766,0.617,324.5,15.98,14.19,100,0,0,0,14.04,14.28,0.06
"2022-07-30 04:00:00",18687,12.8,101.036,0.942,325.6,18.14,14.53,100,0,0,0,14.1,14.42,0.06
"2022-07-30 05:00:00",18688,12.75,101.0198,1.478,331.4,23.6,14.87,97.3,0,0,0,14.38,14.57,0.06
"2022-07-30 06:00:00",18689,12.74,101.0604,1.326,338,24.06,15.19,96.5,0,0,0,14.45,14.65,0.06
"2022-07-30 07:00:00",18690,12.72,101.0847,1.159,336.5,25.45,14.95,97.2,7.92,0.412,0,14.36,14.51,0.06
"2022-07-30 08:00:00",18691,12.82,101.0766,1.266,352.1,30.67,16.39,89.5,108.1,3.971,0,14.82,15.74,0.06
"2022-07-30 09:00:00",18692,13.85,101.1323,1.578,339.3,30.47,18.92,78.62,267.5,10.22,0,16.73,18.08,0.06
"2022-07-30 10:00:00",18693,14.3,101.141,2.187,340.1,31.71,20.77,72.02,440.6,17.89,0,19.45,21.05,0.06
"2022-07-30 11:00:00",18694,14.3,101.0553,1.914,356.4,36.4,22.85,63.03,560.6,23.84,0,22.86,24.5,0.06
"2022-07-30 12:00:00",18695,14.3,100.9082,2.065,10.12,35.26,24.33,55.41,620.8,26.76,0,26.09,26.93,0.06
"2022-07-30 13:00:00",18696,14.27,100.7838,1.725,5.717,34.97,25.59,51.94,619.2,26.68,0,27.72,28.6,0.06
"2022-07-30 14:00:00",18697,14.2,100.7757,1.426,2.602,39.42,26.2,58.48,507.6,21.64,0,27.58,28.96,0.06
"2022-07-30 15:00:00",18698,14.29,100.7359,1.768,39.79,24.89,25.45,64.86,419,16.54,0,27.89,28.91,0.06
"2022-07-30 16:00:00",18699,14.21,100.7484,1.663,29.87,23.92,24.05,71.73,252.3,9.51,0,24.35,26.66,0.06
"2022-07-30 17:00:00",18700,13.05,100.7758,1.215,30.08,22.43,21.91,84.2,66.48,3.375,0,20.84,22.22,0.06
"2022-07-30 18:00:00",18701,12.95,100.7994,0.291,28.47,13.27,19.49,92.1,1.546,0.223,0,17.96,19.46,0.059
"2022-07-30 19:00:00",18702,12.92,100.9142,0.078,242.3,8.67,18.1,93.9,0,0,0,16.23,16.82,0.059
"2022-07-30 20:00:00",18703,12.91,100.9954,0.016,217.9,2.774,17.38,96.7,0,0,0,16.53,17.1,0.059
"2022-07-30 21:00:00",18704,12.9,101.0604,0.323,183,21.88,17.68,95.9,0,0,0,17.3,17.51,0.059
"2022-07-30 22:00:00",18705,12.88,101.0279,0.002,180.2,0.83,16.85,98.7,0,0,0,15.21,16.04,0.059
"2022-07-30 23:00:00",18706,12.87,101.0604,0.303,206.4,16.63,17.15,99.1,0,0,0,15.08,16.09,0.059
"2022-07-31 00:00:00",18707,12.86,101.0685,0.618,183.2,27.78,16.96,99.7,0,0,0,16.76,16.8,0.059
"2022-07-31 01:00:00",18708,12.85,101.0117,0.418,174,24.01,16.64,100,0,0,0,16.3,16.7,0.059
"2022-07-31 02:00:00",18709,12.83,101.0198,0.276,197.8,20.04,16.46,100,0,0,0,16.05,16.28,0.059
"2022-07-31 03:00:00",18710,12.82,101.0198,0.585,195.1,26.65,16.62,98.6,0,0,0,16.33,16.56,0.059
"2022-07-31 04:00:00",18711,12.8,100.963,0.455,182.3,21.13,16.21,99.8,0,0,0,15.85,16.19,0.059
"2022-07-31 05:00:00",18712,12.77,100.9873,0.865,182.2,33.32,15.92,100,0,0,0,15.81,15.94,0.059
"2022-07-31 06:00:00",18713,12.76,101.0441,0.787,170.8,29.65,15.78,100,0,0,0,15.75,15.81,0.059
"2022-07-31 07:00:00",18714,12.74,101.101,0.772,178.3,29.79,15.77,100,9.67,0.458,0,15.69,15.79,0.059
"2022-07-31 08:00:00",18715,12.82,101.1578,1.073,183.3,33.05,16.98,95.9,111.8,4.513,0,16.01,16.89,0.058
"2022-07-31 09:00:00",18716,13.71,101.2172,1.416,182.7,39.91,19.18,89.1,288.5,11.48,0,17.52,18.81,0.058
"2022-07-31 10:00:00",18717,14.09,101.2767,1.294,171.7,41.52,22.13,83.3,435.2,18.57,0,20.39,22.2,0.058
"2022-07-31 11:00:00",18718,14,101.2636,1.516,162.1,41.72,22.71,82.6,403.4,19.32,0,22.74,23.78,0.059
"2022-07-31 12:00:00",18719,14.1,101.2653,1.868,151.6,39.93,23.36,79.19,472.9,21.76,0,23.79,24.74,0.058
"2022-07-31 13:00:00",18720,14.1,101.2363,1.809,152.4,37.92,22.74,73.05,288.5,16.29,0,23.25,23.5,0.058
"2022-07-31 14:00:00",18721,14.21,101.2612,2.084,152.6,39.98,22.84,74.54,352,17.18,0,23.31,23.78,0.058
"2022-07-31 15:00:00",18722,14.12,101.3509,2.266,160.4,48.12,22.35,75.3,358.6,13.93,0,22.66,23.36,0.058
"2022-07-31 16:00:00",18723,13.77,101.4738,2.075,168.2,50.49,20.48,81.4,169.6,6.721,0,20.18,21.23,0.058
"2022-07-31 17:00:00",18724,12.96,101.5442,2.07,171.5,45.83,18.86,89,25.49,1.609,0,18.12,19.25,0.058
"2022-07-31 18:00:00",18725,12.93,101.653,2.04,167.1,48.74,17.46,91.4,0.125,0.082,0,17.3,17.48,0.058
"2022-07-31 19:00:00",18726,12.92,101.791,1.903,182.4,49.11,16.83,97.6,0,0,0,16.69,17.11,0.058
"2022-07-31 20:00:00",18727,12.91,101.8965,1.645,181.2,48.14,15.95,98.8,0,0,0.254,16.26,16.39,0.058
"2022-07-31 21:00:00",18728,12.89,101.9452,1.261,194.6,40.1,15.56,98.3,0,0,0.254,15.67,16.07,0.058
"2022-07-31 22:00:00",18729,12.88,101.9777,1.313,180.9,43.3,15.04,98.1,0,0,0,15.29,15.48,0.058
"2022-07-31 23:00:00",18730,12.86,102.002,1.568,191.4,44.37,14.95,97.4,0,0,0,15.05,15.19,0.057
"2022-08-01 00:00:00",18731,12.85,102.067,1.406,195.1,41.31,14.86,96.5,0,0,0,14.89,15.07,0.057
"2022-08-01 01:00:00",18732,12.83,102.0832,1.312,199.3,38.21,14.63,95.6,0,0,0,14.77,14.81,0.057
"2022-08-01 02:00:00",18733,12.82,102.0832,1.282,197.2,37.97,14.65,94,0,0,0,14.73,14.78,0.057
"2022-08-01 03:00:00",18734,12.77,102.14,1.376,196.1,42.75,14.84,91.5,0,0,0,14.79,14.82,0.057
"2022-08-01 04:00:00",18735,12.74,102.1481,1.235,197.1,36.41,14.75,91.8,0,0,0,14.67,14.72,0.057
"2022-08-01 05:00:00",18736,12.7,102.1806,1.512,196.2,37.07,14.79,93.9,0,0,0,14.74,14.8,0.057
"2022-08-01 06:00:00",18737,12.67,102.2374,1.176,195.7,32.58,14.5,97.3,0,0,0,14.6,14.78,0.057
"2022-08-01 07:00:00",18738,12.65,102.2943,1.14,202.6,30.07,14.01,97.8,1.114,0.153,0.254,14.37,14.44,0.057
"2022-08-01 08:00:00",18739,12.65,102.3348,0.771,207.7,25.81,14.19,94.8,28.47,1.644,0,14.39,14.62,0.057
"2022-08-01 09:00:00",18740,12.71,102.416,0.997,199.5,27.89,15.22,90.1,66.99,3.757,0,14.95,15.33,0.057
"2022-08-01 10:00:00",18741,12.73,102.4323,1.05,196.3,32.47,16.71,84,170.8,8.97,0,15.6,16.85,0.057
"2022-08-01 11:00:00",18742,13.45,102.4143,1.322,195.1,32.52,18.02,78.99,255.2,13.5,0,17.38,18.4,0.057
"2022-08-01 12:00:00",18743,13.69,102.3342,1.451,185.8,40.81,19.42,76.05,336.1,17.98,0,19.61,20.35,0.057
"2022-08-01 13:00:00",18744,13.49,102.3098,1.223,167.8,40.92,19.82,77.83,246.2,13.58,0,20.11,20.87,0.057
"2022-08-01 14:00:00",18745,13.21,102.2919,0.581,175.7,28.41,18.79,88.3,71.07,4.71,0,18.63,19.36,0.057
"2022-08-01 15:00:00",18746,13.06,102.2615,0.119,195.7,7.793,18.22,89,45.83,3.013,0,18.52,18.64,0.057
"2022-08-01 16:00:00",18747,12.99,102.2699,0.316,76.39,16.57,17.5,94,19.83,1.442,0,18.13,18.34,0.057
"2022-08-01 17:00:00",18748,12.96,102.2537,0.092,141.5,12.83,17.35,94.8,27.92,1.687,0,17.65,17.86,0.057
"2022-08-01 18:00:00",18749,12.94,102.2618,0.237,216.3,13.34,16.98,95,1.328,0.122,0,17.17,17.4,0.057
"2022-08-01 19:00:00",18750,12.92,102.278,0.415,207.2,18.94,16.85,93.9,0,0,0,16.95,17.08,0.057
"2022-08-01 20:00:00",18751,12.9,102.3267,0.199,192,12.42,16.8,93.8,0,0,0,16.93,17.02,0.057
"2022-08-01 21:00:00",18752,12.88,102.343,0.302,184.6,18.99,16.76,93.5,0,0,0,16.78,16.88,0.056
"2022-08-01 22:00:00",18753,12.86,102.3348,0.356,191,17.56,16.73,93.6,0,0,0,16.78,16.84,0.056
"2022-08-01 23:00:00",18754,12.84,102.3348,0.08,206.7,10.56,16.5,95.6,0,0,0,16.76,16.8,0.056
"2022-08-02 00:00:00",18755,12.81,102.3105,0.026,214,5.452,16.11,96.9,0,0,0,16.48,16.62,0.056
"2022-08-02 01:00:00",18756,12.8,102.3024,0,0,0,15.71,98.1,0,0,0,16.31,16.39,0.056
"2022-08-02 02:00:00",18757,12.77,102.2537,0.023,225.9,2.679,15.37,98,0,0,0,15.9,16.23,0.056
"2022-08-02 03:00:00",18758,12.74,102.2131,0.517,219.9,18.75,15.53,93.7,0,0,0,15.51,15.66,0.056
"2022-08-02 04:00:00",18759,12.71,102.1563,0.622,221.2,19.69,15.53,91.6,0,0,0,15.34,15.45,0.056
"2022-08-02 05:00:00",18760,12.67,102.205,0.248,204.6,14.89,15.87,90.3,0,0,0,15.42,15.72,0.056
"2022-08-02 06:00:00",18761,12.68,102.1968,0.371,204.5,14.62,15.58,93.6,0,0,0,15.16,15.54,0.056
"2022-08-02 07:00:00",18762,12.67,102.1887,0.005,246.4,0.01,14.24,98.3,9.04,0.489,0,14.15,14.45,0.056
"2022-08-02 08:00:00",18763,12.69,102.205,0,0,0,15.5,89.5,103.5,4.366,0,14.51,15.74,0.056
"2022-08-02 09:00:00",18764,13.47,102.2552,0.226,289.8,16.55,19.37,77.86,212.8,9.68,0,17.61,19.18,0.056
"2022-08-02 10:00:00",18765,13.82,102.2352,1.155,26.88,40.99,21.83,69.42,476.2,21.25,0,20.54,22.81,0.056
"2022-08-02 11:00:00",18766,13.98,102.1646,2.007,19.73,29.31,22.54,66.34,591.5,26.41,0,24.47,25.33,0.056
"2022-08-02 12:00:00",18767,13.58,102.0652,1.978,29.92,25.65,21.81,75.79,280.6,13.96,0,22.36,24.34,0.056
"2022-08-02 13:00:00",18768,13.37,101.9526,1.865,29.69,26.06,21.21,73.46,217.9,11.46,0,21.47,22.45,0.056
"2022-08-02 14:00:00",18769,14.02,101.863,2.516,32.48,25.08,21.49,73.54,277.7,14.76,0,22.56,23.15,0.056
"2022-08-02 15:00:00",18770,14.01,101.7822,2.7,23.84,28.46,21.16,73.43,239,11.98,0,21.75,22.61,0.056
"2022-08-02 16:00:00",18771,13.44,101.7741,2.309,23.13,26.61,20.44,75.49,112.1,5.75,0,20.8,21.15,0.056
"2022-08-02 17:00:00",18772,13.09,101.759,2.113,22.57,23.94,20.05,80.3,63.28,3.305,0,19.6,20.34,0.055
"2022-08-02 18:00:00",18773,12.97,101.7584,0.974,24.83,16.73,18.41,89.1,4.079,0.279,0,17.08,18.48,0.055
"2022-08-02 19:00:00",18774,12.93,101.791,0.026,1.411,4.068,16.39,93.6,0,0,0,14.94,15.82,0.055
"2022-08-02 20:00:00",18775,12.91,101.8072,0,0,0,15.3,97.1,0,0,0,14.19,14.5,0.055
"2022-08-02 21:00:00",18776,12.9,101.8478,0.005,348,0.02,15.46,95.3,0.135,0,0,14.07,15.07,0.055
"2022-08-02 22:00:00",18777,12.9,101.8478,0.001,347.9,0,16.11,94.3,0,0,0,15.75,16.28,0.055
"2022-08-02 23:00:00",18778,12.88,101.8072,0,0,0,14.86,98.6,0,0,0,13.37,14.28,0.055
"2022-08-03 00:00:00",18779,12.87,101.7594,0.002,347.5,0.001,14,99.6,0,0,0,12.73,13.11,0.055
"2022-08-03 01:00:00",18780,12.86,101.7247,0.034,315.4,5.403,13.83,99.2,0,0,0,12.46,12.68,0.055
"2022-08-03 02:00:00",18781,12.85,101.6708,0.109,299.1,4.862,14.15,97.6,0,0,0,12.7,12.97,0.055
"2022-08-03 03:00:00",18782,12.84,101.6328,0.003,298.4,0.72,13.24,99.8,0,0,0,11.71,12.19,0.055
"2022-08-03 04:00:00",18783,12.83,101.6313,0.034,312.6,2.656,13.29,100,0,0,0,11.72,12.15,0.055
"2022-08-03 05:00:00",18784,12.79,101.6287,0.159,316.9,11.25,14.14,97.9,0,0,0,13.54,14.01,0.055
"2022-08-03 06:00:00",18785,12.8,101.6692,0.373,333.4,18.03,14.87,93.6,0,0,0,14.67,14.87,0.055
"2022-08-03 07:00:00",18786,12.79,101.6936,0.113,327.7,7.777,14.89,93.9,5.448,0.373,0,14.86,14.93,0.055
"2022-08-03 08:00:00",18787,12.79,101.7423,0.224,348.1,14.91,15.84,83.2,93,4.339,0,15.09,15.63,0.055
"2022-08-03 09:00:00",18788,13.51,101.772,1.683,338.5,26.6,18.9,66.23,261.8,11.84,0,16.44,17.92,0.055
"2022-08-03 10:00:00",18789,14.24,101.7643,2.539,346.4,35.11,21.59,61.37,472,20.23,0,20.29,22.05,0.055
"2022-08-03 11:00:00",18790,14.29,101.6456,2.482,6.851,36.3,22.93,58.66,592.1,26.1,0,23.58,25.06,0.054
"2022-08-03 12:00:00",18791,14.28,101.5568,2.409,1.718,36.23,24.07,54.01,653,29.06,0,25.83,26.78,0.055
"2022-08-03 13:00:00",18792,14.26,101.4415,2.541,3.591,33.12,24.57,52.96,651.8,28.59,0,27.07,27.9,0.054
"2022-08-03 14:00:00",18793,14.21,101.3858,2.009,354.3,33.52,24.56,54.18,499.6,22.34,0,26.04,27.52,0.054
"2022-08-03 15:00:00",18794,14.06,101.3271,2.409,23.71,27.98,22.38,67.96,199,9.66,0,22.68,23.74,0.054
"2022-08-03 16:00:00",18795,13.93,101.3196,2.73,25.26,26.37,21.36,66.15,195.6,6.802,0,21.5,22.38,0.054
"2022-08-03 17:00:00",18796,13.14,101.3446,2.48,28.09,23.9,20.55,73.66,76.96,3.443,0,19.28,20.56,0.054
"2022-08-03 18:00:00",18797,12.96,101.3688,1.679,24.96,20.06,18.74,84.8,2.984,0.254,0,17.65,18.4,0.054
"2022-08-03 19:00:00",18798,12.94,101.3932,0.764,24.23,17.17,17.48,90,0,0,0,16.56,17.07,0.053
"2022-08-03 20:00:00",18799,12.92,101.4257,0.039,20.77,4.236,16.35,94.7,0,0,0,14.55,15.53,0.053
"2022-08-03 21:00:00",18800,12.9,101.4094,0.004,2.928,2.21,16.22,94.8,0,0,0,14.45,14.64,0.053
"2022-08-03 22:00:00",18801,12.89,101.4419,0.148,298,9.67,16.06,94.6,0,0,0,14.28,14.75,0.053
"2022-08-03 23:00:00",18802,12.88,101.4419,0.097,295.1,7.874,15.31,96.4,0,0,0,14.54,14.74,0.053
"2022-08-04 00:00:00",18803,12.86,101.3851,0.033,312.2,5.055,14.61,96.7,0,0,0,14.3,14.57,0.053
"2022-08-04 01:00:00",18804,12.85,101.3688,0.062,314.9,5.877,14.72,95.9,0,0,0,14.79,14.96,0.053
"2022-08-04 02:00:00",18805,12.84,101.2968,0.007,314.7,1.217,13.87,98.9,0,0,0,12.89,13.99,0.053
"2022-08-04 03:00:00",18806,12.82,101.3048,0.021,319.4,6.409,13.28,100,0,0,0,12.43,12.61,0.053
"2022-08-04 04:00:00",18807,12.81,101.2555,0.367,330.5,14.71,14.02,99.4,0,0,0,12.86,14.04,0.053
"2022-08-04 05:00:00",18808,12.77,101.2255,0.573,324.6,14.69,13.87,95.8,0,0,0,13.35,13.67,0.053
"2022-08-04 06:00:00",18809,12.77,101.2471,1.102,328.7,20.38,14.51,95.9,0,0,0,13.89,14.02,0.053
"2022-08-04 07:00:00",18810,12.76,101.3129,0.819,326.5,15.88,14.2,94.4,8.29,0.475,0,13.7,13.87,0.053
"2022-08-04 08:00:00",18811,12.82,101.3445,0.919,338.5,21.33,15.88,88.7,104.7,4.176,0,14.22,15.28,0.053
"2022-08-04 09:00:00",18812,13.72,101.3599,2.055,345.6,32.15,18.66,78.35,275.7,10.68,0,16.67,18.3,0.053
"2022-08-04 10:00:00",18813,14.25,101.3346,2.246,359.2,35.47,21.21,71.99,453.8,18.79,0,20.24,22.11,0.053
"2022-08-04 11:00:00",18814,14.16,101.2678,2.312,355,34.57,21.97,70.32,399.5,18.74,0,23.14,23.57,0.053
"2022-08-04 12:00:00",18815,14.19,101.1291,2.374,2.094,36.97,23.55,63.86,550.9,23.74,0,23.23,25.56,0.052
"2022-08-04 13:00:00",18816,14.2,101.0283,2.062,352.2,35.16,24.66,61.83,533.7,24.01,0,25.75,27.36,0.052
"2022-08-04 14:00:00",18817,14.15,100.9378,2.034,358.1,31.73,25.59,58.57,554,24.02,0,27.03,28.55,0.052
"2022-08-04 15:00:00",18818,14.28,100.9386,1.971,17.18,32.81,25.88,70.66,433.5,17.58,0,28.19,29.08,0.052
"2022-08-04 16:00:00",18819,14.01,100.967,2.123,32.44,23.94,23.51,79.42,252.9,9.19,0,24.39,26.24,0.052
"2022-08-04 17:00:00",18820,13.16,101.0111,1.763,31.55,25.69,22.03,86.6,90,2.932,0,21.68,22.8,0.052
"2022-08-04 18:00:00",18821,12.96,101.0874,0.901,25.75,18.37,20.1,94.2,3.462,0.258,0,19.06,20.34,0.051
"2022-08-04 19:00:00",18822,12.94,101.2065,0.008,67.1,2.332,18.74,97.8,0,0,0,16.74,17.8,0.051
"2022-08-04 20:00:00",18823,12.92,101.2308,0,0,0,17.94,98.9,0,0,0,15.9,16.28,0.051
"2022-08-04 21:00:00",18824,12.91,101.2633,0.011,300.1,3.646,17.38,100,0,0,0,15.37,15.66,0.051
"2022-08-04 22:00:00",18825,12.9,101.312,0.079,278.4,6.465,17.54,100,0,0,0,15.29,15.78,0.051
"2022-08-04 23:00:00",18826,12.88,101.3607,0.288,217.9,18.65,17.68,100,0,0,0,15.26,16.15,0.051
"2022-08-05 00:00:00",18827,12.87,101.3364,0.733,197.4,24.11,17.32,100,0,0,0,17.06,17.29,0.051
"2022-08-05 01:00:00",18828,12.86,101.3445,0.522,200.7,21.06,17.56,98.9,0,0,0,17.04,17.31,0.051
"2022-08-05 02:00:00",18829,12.85,101.3201,0.057,167.7,7.905,17.32,99.7,0,0,0,15.91,16.58,0.051
"2022-08-05 03:00:00",18830,12.83,101.312,0,0,0,16.35,100,0,0,0,14.53,15.07,0.051
"2022-08-05 04:00:00",18831,12.81,101.2877,0,0,0,15.16,100,0,0,0,14.12,14.28,0.051
"2022-08-05 05:00:00",18832,12.78,101.3282,0.002,172.1,0.12,15.69,100,0,0,0,14.12,14.31,0.051
"2022-08-05 06:00:00",18833,12.78,101.3851,0,0,0,15.55,100,0,0,0,13.86,14.52,0.051
"2022-08-05 07:00:00",18834,12.76,101.4338,0.024,222.1,4.778,15.35,100,7.077,0.322,0,13.8,14.4,0.051
"2022-08-05 08:00:00",18835,12.76,101.4987,0.396,213.8,19.28,16.93,89.4,87.6,4.131,0,15.77,16.49,0.051
"2022-08-05 09:00:00",18836,13.66,101.5018,0.88,188.9,32.83,19.96,79.88,277.2,11.05,0,17.55,18.96,0.051
"2022-08-05 10:00:00",18837,14.18,101.5021,1.261,172,41.62,22.32,72.11,450.7,19.29,0,20.69,22.35,0.05
"2022-08-05 11:00:00",18838,14.15,101.4409,1.215,142.6,38.05,24.11,68.6,576.3,25.69,0,24.05,25.27,0.05
"2022-08-05 12:00:00",18839,14.06,101.384,1.344,126.6,40.23,24.91,66,603.9,28.29,0,25.2,26.46,0.05
"2022-08-05 13:00:00",18840,14.02,101.2796,1.404,111.1,44.85,25.18,67.09,602.2,28.14,0,26.51,27.36,0.05
"2022-08-05 14:00:00",18841,14.11,101.2644,1.366,93.3,35.54,24.7,71.6,442.9,22.11,0,26.05,27.26,0.05
"2022-08-05 15:00:00",18842,14.16,101.2671,1.263,102.8,34.91,24.22,72.54,343.3,16.18,0,25.22,25.93,0.05
"2022-08-05 16:00:00",18843,14.11,101.2509,1.535,99.5,33.16,23.94,81.5,296.7,11.72,0,23.82,25.46,0.05
"2022-08-05 17:00:00",18844,13.1,101.2465,1.044,104,31.93,21.9,90.9,82.7,4.185,0,21.06,22.18,0.05
"2022-08-05 18:00:00",18845,12.96,101.3253,0.027,94.7,8.11,19.73,97.5,3.242,0.312,0,17.75,19.38,0.049
"2022-08-05 19:00:00",18846,12.93,101.3932,0.066,170.4,6.385,18.55,99.1,0,0,0,16.68,17.61,0.049
"2022-08-05 20:00:00",18847,12.91,101.4257,0,0,0,17.61,100,0,0,0,15.86,16.15,0.049
"2022-08-05 21:00:00",18848,12.9,101.4581,0,0,0,16.78,100,0,0,0,15.3,15.7,0.049
"2022-08-05 22:00:00",18849,12.88,101.4987,0,0,0,15.61,100,0.083,0,0,15.02,15.18,0.049
"2022-08-05 23:00:00",18850,12.87,101.4906,0.074,238.1,11.23,16.64,100,0.003,0,0,15.71,16.43,0.049
"2022-08-06 00:00:00",18851,12.87,101.4662,0.044,234.9,5.571,17.05,100,0,0,0,15.42,16.34,0.049
"2022-08-06 01:00:00",18852,12.85,101.45,0.002,182.5,0,15.76,100,0,0,0,14.39,14.89,0.049
"2022-08-06 02:00:00",18853,12.83,101.377,0,0,0,13.9,100,0,0,0,14.08,14.32,0.049
"2022-08-06 03:00:00",18854,12.82,101.3526,0.009,78.83,0.005,14.75,100,0.51,0,0,14.51,15.39,0.049
"2022-08-06 04:00:00",18855,12.81,101.3607,0.04,37.78,6.886,16.11,100,0.088,0,0,16.45,16.81,0.049
"2022-08-06 05:00:00",18856,12.77,101.3932,0.009,268.4,0.078,16.48,100,0.107,0,0,17.12,17.33,0.049
"2022-08-06 06:00:00",18857,12.78,101.4175,0.031,63.24,5.996,16.6,100,0.07,0,0,17.12,17.38,0.049
"2022-08-06 07:00:00",18858,12.76,101.45,0,0,0,16.6,100,9.33,0.569,0,16.22,16.7,0.049
"2022-08-06 08:00:00",18859,12.81,101.4581,0,0,0,18.06,100,119.9,5.097,0,16.25,17.6,0.048
"2022-08-06 09:00:00",18860,13.76,101.4495,0.775,326.2,20.19,21.51,83.1,313.1,12.71,0,20.09,21.18,0.049
"2022-08-06 10:00:00",18861,13.98,101.4515,1.098,344,36.19,23.75,75.15,458.1,19.79,0,22.66,24.25,0.048
"2022-08-06 11:00:00",18862,14.15,101.3684,1.226,5.812,36.86,25.59,65.61,600.5,26.84,0,26.24,27.73,0.048
"2022-08-06 12:00:00",18863,13.96,101.246,1.714,46.67,36.52,26.52,69.66,595.1,28.25,0,28.63,29.56,0.048
"2022-08-06 13:00:00",18864,14.06,101.1336,2.32,48.42,29.42,26.17,73.43,668.1,31.01,0,30.06,30.51,0.048
"2022-08-06 14:00:00",18865,14.14,101.0376,2.397,45.35,30.94,25.71,78.57,573.8,26.18,0,29.11,30.38,0.048
"2022-08-06 15:00:00",18866,14.1,100.9918,2.424,58.72,23.53,24.43,83.6,332.4,16.47,0,25.13,27.78,0.048
"2022-08-06 16:00:00",18867,14.11,100.9781,2.169,52.91,25.85,23.38,81.6,234.1,10.27,0,24.51,25.13,0.048
"2022-08-06 17:00:00",18868,13.27,101.0111,1.995,46.22,25.56,22.7,89.1,108.2,4.247,0,22.28,23.49,0.047
"2022-08-06 18:00:00",18869,12.95,101.0117,1.137,34.58,21.4,21.01,95.5,6.523,0.314,0,20.47,21.33,0.047
"2022-08-06 19:00:00",18870,12.93,101.1253,0.406,44.86,17.06,19.84,97.7,0,0,0,19.28,19.92,0.047
"2022-08-06 20:00:00",18871,12.92,101.1821,0.061,27.84,4.546,18.97,99.3,0,0,0,17.78,18.24,0.047
"2022-08-06 21:00:00",18872,12.9,101.2146,0.008,28.28,0.815,18.63,100,0,0,0,17.04,17.38,0.047
"2022-08-06 22:00:00",18873,12.9,101.2146,0,0,0,18.83,100,0,0,0,16.75,16.96,0.047
"2022-08-06 23:00:00",18874,12.88,101.2552,0.01,168.4,0.761,19.35,100,0.017,0,0,16.87,17.99,0.047
"2022-08-07 00:00:00",18875,12.88,101.2387,0.024,180.3,3.144,19.86,100,0,0,0,19.31,19.54,0.047
"2022-08-07 01:00:00",18876,12.87,101.2537,0.008,189.4,0.998,19.85,100,0,0,0,19.54,19.67,0.047
"2022-08-07 02:00:00",18877,12.86,101.1877,0.04,201,7.223,19.6,100,0.001,0,0,19.58,19.83,0.047
"2022-08-07 03:00:00",18878,12.84,101.1489,0.038,186.5,5.684,19.57,100,0.008,0,0,19.86,19.94,0.047
"2022-08-07 04:00:00",18879,12.83,101.1225,0.052,191.4,4.414,19.64,100,0,0,0,19.76,19.83,0.047
"2022-08-07 05:00:00",18880,12.8,101.17,0.019,185,1.983,19.95,100,0,0,0,19.84,19.88,0.047
"2022-08-07 06:00:00",18881,12.8,101.2428,0.003,143.6,0.013,19.93,100,0,0,0,19.58,19.75,0.047
"2022-08-07 07:00:00",18882,12.78,101.2793,0.001,131.1,0,19.59,100,9.51,0.62,0,18.12,18.99,0.047
"2022-08-07 08:00:00",18883,12.84,101.2732,0.149,1.173,13.38,20.55,95.9,117.5,5.118,0,18.23,19.82,0.046
"2022-08-07 09:00:00",18884,13.69,101.2859,0.624,21.7,30.53,23.47,82.3,330.4,12.27,0,21.46,23.06,0.046
"2022-08-07 10:00:00",18885,13.84,101.3126,1.16,350.1,46.61,24.47,81.7,365.5,14.83,0,24.97,26.04,0.046
"2022-08-07 11:00:00",18886,13.62,101.2746,0.775,224,65.83,24.14,85.1,209.5,11.13,0,24.52,25,0.046
"2022-08-07 12:00:00",18887,13.86,101.201,0.958,158.8,33.22,24.11,78.19,272.2,15.41,0,24.38,24.93,0.046
"2022-08-07 13:00:00",18888,13.99,101.1111,1.152,148.4,34.5,25.56,74.79,445,20.73,0,25.99,27.01,0.046
"2022-08-07 14:00:00",18889,14.1,101.0351,1.299,138.9,34.28,26.12,71.76,536.7,23.04,0,26.64,27.62,0.046
"2022-08-07 15:00:00",18890,14,101.0303,1.216,113.9,37.91,25.39,80.1,348.9,15.41,0,25.97,27.25,0.046
"2022-08-07 16:00:00",18891,14.01,101.0495,1.4,101.2,34.11,23.7,84.9,204.4,8.81,0,24.28,24.98,0.046
"2022-08-07 17:00:00",18892,13.07,101.0515,0.935,90.9,24.72,22.32,93.6,70.22,3.12,0,22.23,23.39,0.046
"2022-08-07 18:00:00",18893,12.95,101.0768,0.07,87.6,6.282,20.67,98,4.426,0.266,0,19.73,21.13,0.046
"2022-08-07 19:00:00",18894,12.92,101.1334,0,0,0,19.45,99.6,0,0,0,18.08,18.58,0.045
"2022-08-07 20:00:00",18895,12.91,101.2065,0,0,0,18.95,100,0,0,0,17.57,17.82,0.045
"2022-08-07 21:00:00",18896,12.9,101.1578,0,0,0,18.76,100,0,0,0,17.2,17.94,0.045
"2022-08-07 22:00:00",18897,12.88,101.1659,0,0,0,18.43,100,0,0,0,16.48,16.72,0.045
"2022-08-07 23:00:00",18898,12.87,101.1091,0.033,330.4,4.405,18.28,100,0,0,0,16.7,17.27,0.045
"2022-08-08 00:00:00",18899,12.86,101.0685,0.039,293.4,6.241,17.44,100,0.006,0,0,17.41,17.61,0.045
"2022-08-08 01:00:00",18900,12.85,101.0279,0.189,304.2,11.54,17.57,100,0,0,0,17.37,17.88,0.045
"2022-08-08 02:00:00",18901,12.84,100.9224,0.336,324.8,12.94,18,100,0.031,0,0,18.14,18.42,0.045
"2022-08-08 03:00:00",18902,12.83,100.8737,0.072,336.3,6.37,18.52,100,0.002,0,0,18.83,18.98,0.045
"2022-08-08 04:00:00",18903,12.81,100.6951,1.217,11.97,19,19.28,100,0.014,0,0,19,19.42,0.045
"2022-08-08 05:00:00",18904,12.78,100.7032,1.563,5.001,27.43,19.14,100,0,0,0,18.37,19.1,0.045
"2022-08-08 06:00:00",18905,12.77,100.7762,0.959,355,26.68,18.08,96.8,0,0,0,17.15,17.72,0.045
"2022-08-08 07:00:00",18906,12.76,100.825,0.584,351.8,19.37,17.47,95.2,9.96,0.574,0,16.5,16.8,0.045
"2022-08-08 08:00:00",18907,12.85,100.8818,1.569,341.6,29.01,18.93,86,116.6,4.492,0,17.18,18.05,0.044
"2022-08-08 09:00:00",18908,13.74,100.8814,2.005,2.877,34.29,21.2,72.73,305.5,11.01,0,19.04,20.52,0.044
"2022-08-08 10:00:00",18909,14.02,100.9474,2.259,348.2,32.79,24.21,53.64,485.8,18.42,0,22.62,24.48,0.045
"2022-08-08 11:00:00",18910,14.1,100.8666,2.89,338.8,34.07,26.46,43.98,588.9,23.9,0,26.18,27.37,0.044
"2022-08-08 12:00:00",18911,14.06,100.8078,2.345,346.8,34.87,28.1,41.22,679.3,27.46,0,28.86,30.09,0.044
"2022-08-08 13:00:00",18912,14.01,100.64,2.184,23.71,28.64,26.03,68.84,218.3,10.8,0,25.63,27.09,0.044
"2022-08-08 14:00:00",18913,13.2,100.5555,3.27,33.96,27.56,22.9,74.39,187.7,8.19,0,22.1,24.46,0.044
"2022-08-08 15:00:00",18914,13.18,100.5566,3.013,31.48,27.9,21.86,75.43,127.8,6.334,0,21.97,22.32,0.044
"2022-08-08 16:00:00",18915,13.11,100.6053,3.374,37.07,27.84,22.46,78.89,142.6,6.26,0,22.09,23.06,0.044
"2022-08-08 17:00:00",18916,13.05,100.5972,3.876,38.89,30.31,22.14,91.3,70.88,2.384,0,21.6,22.05,0.044
"2022-08-08 18:00:00",18917,12.94,100.7839,2.81,58,25.47,21.79,90.4,2.271,0.194,0,21.39,21.45,0.043
"2022-08-08 19:00:00",18918,12.93,101.0355,2.474,60.43,24.77,21.81,90.5,0,0,0,20.91,21.18,0.043
"2022-08-08 20:00:00",18919,12.92,101.0769,0.732,300.6,73.06,21.47,93.7,0,0,0,20.96,21.06,0.043
"2022-08-08 21:00:00",18920,12.9,101.2155,0.71,204.7,30.16,20.98,90.3,0,0,0,19.66,20.66,0.043
"2022-08-08 22:00:00",18921,12.89,101.2551,1.726,189.8,44.25,19.32,83.9,0,0,0,18.54,18.93,0.043
"2022-08-08 23:00:00",18922,12.88,101.2877,2.147,178.3,45.02,18.85,85.7,0,0,0,18.37,18.47,0.043
"2022-08-09 00:00:00",18923,12.87,101.3201,2.133,170.6,49.48,18.67,85.1,0,0,0,18.33,18.48,0.043
"2022-08-09 01:00:00",18924,12.86,101.2877,1.733,171.4,44.5,18.07,87,0,0,0,17.4,17.86,0.043
"2022-08-09 02:00:00",18925,12.84,101.312,1.781,177.6,44.03,17.57,84.2,0,0,0,17.09,17.35,0.043
"2022-08-09 03:00:00",18926,12.82,101.3364,1.573,180.2,41.16,17.57,83.4,0,0,0,17.17,17.45,0.043
"2022-08-09 04:00:00",18927,12.81,101.3688,1.325,190.4,42.18,17.47,79.15,0,0,0,17.15,17.28,0.043
"2022-08-09 05:00:00",18928,12.76,101.4257,0.993,184.8,36.27,17.04,82.1,0,0,0,16.42,16.79,0.043
"2022-08-09 06:00:00",18929,12.76,101.4662,0.138,188.8,10.69,15.75,86.1,0,0,0,15.41,15.83,0.043
"2022-08-09 07:00:00",18930,12.74,101.5231,0.435,184,21.78,15.96,83.6,7.299,0.571,0,15.42,15.81,0.043
"2022-08-09 08:00:00",18931,12.77,101.5718,0.868,196.3,30.75,17.41,73.62,126.8,5.369,0,15.87,16.98,0.042
"2022-08-09 09:00:00",18932,13.85,101.5875,1.37,191.8,37.46,20.35,66.65,322.5,13.86,0,18.59,20.29,0.042
"2022-08-09 10:00:00",18933,14.23,101.6164,1.768,172.1,44.81,22.39,67.15,507.8,23.33,0,22.03,23.21,0.042
"2022-08-09 11:00:00",18934,13.99,101.5957,1.42,153.5,49.45,23.49,63.34,539.4,26.62,0,24.2,24.97,0.042
"2022-08-09 12:00:00",18935,13.94,101.5015,1.428,139.7,33.85,23.49,67.57,434.3,22.31,0,23.94,25.28,0.042
"2022-08-09 13:00:00",18936,14.05,101.3923,1.498,127.6,42.14,24.23,70.61,467.9,24.44,0,25.18,28.48,0.042
"2022-08-09 14:00:00",18937,13.92,101.3526,1.365,146.6,35.89,24.01,74.38,444.1,22.78,0,24.72,26.3,0.042
"2022-08-09 15:00:00",18938,13.94,101.3109,1.219,148.7,29.75,22.46,78.01,214.5,13.59,0,23.1,23.83,0.042
"2022-08-09 16:00:00",18939,14.05,101.3112,1.376,141.6,35.36,22.09,77.15,234.6,11.87,0,22.34,23.07,0.042
"2022-08-09 17:00:00",18940,13.07,101.3439,1.083,145.2,27.44,21.13,85.8,89.5,5.037,0,20.25,21.28,0.041
"2022-08-09 18:00:00",18941,12.94,101.4418,0.048,150.7,4.716,18.48,94.7,3.768,0.404,0,17.14,18.68,0.042
"2022-08-09 19:00:00",18942,12.92,101.4825,0,0,0,16.37,98.5,0,0,0,15.38,16.08,0.041
"2022-08-09 20:00:00",18943,12.9,101.5231,0,0,0,16.39,99.6,0,0,0,15.11,15.3,0.041
"2022-08-09 21:00:00",18944,12.89,101.5231,0,0,0,16.59,99.1,0,0,0,14.76,15.06,0.041
"2022-08-09 22:00:00",18945,12.88,101.5231,0.014,237.2,1.528,16.28,99.1,0,0,0,14.55,14.77,0.041
"2022-08-09 23:00:00",18946,12.87,101.515,0,0,0,14.86,100,0,0,0,13.91,14.3,0.041
"2022-08-10 00:00:00",18947,12.85,101.4829,0.146,257.8,11.14,14.49,100,0,0,0,13.52,14.09,0.041
"2022-08-10 01:00:00",18948,12.84,101.45,0.094,264.1,9.79,14.84,100,0,0,0,14.75,15.01,0.041
"2022-08-10 02:00:00",18949,12.83,101.4094,0.28,255,18.86,15.1,100,0,0,0,15.21,15.28,0.041
"2022-08-10 03:00:00",18950,12.81,101.3851,0.183,273,16.68,15.18,100,0,0,0,14.91,15.21,0.041
"2022-08-10 04:00:00",18951,12.8,101.3613,0.004,294.1,2.88,13.86,100,0,0,0,12.79,13.68,0.041
"2022-08-10 05:00:00",18952,12.75,101.3606,0,0,0,13.84,100,0,0,0,12.5,12.6,0.041
"2022-08-10 06:00:00",18953,12.75,101.3734,0.002,292.5,0.121,13.83,100,0,0,0,12.32,12.59,0.041
"2022-08-10 07:00:00",18954,12.73,101.386,0.031,311.9,3.66,14.17,100,16.77,0.777,0,12.71,13.33,0.041
"2022-08-10 08:00:00",18955,12.98,101.45,0.73,321.9,15.83,16.19,100,133.5,6.023,0,14.82,16.83,0.041
"2022-08-10 09:00:00",18956,14.04,101.4416,1.61,329.7,26.76,19.94,83.5,334.5,14.31,0,18.64,20.48,0.041
"2022-08-10 10:00:00",18957,14.26,101.3961,2.064,340.6,34.87,22.93,70.95,513.1,23.06,0,22.9,24.82,0.041
"2022-08-10 11:00:00",18958,14.25,101.32,2.094,2.096,35.62,24.81,60.99,640,29.52,0,26.36,27.65,0.04
"2022-08-10 12:00:00",18959,14.25,101.2062,2.488,7.409,34.95,26.2,55.62,704.6,32.48,0,28.66,29.26,0.041
"2022-08-10 13:00:00",18960,14.25,101.0937,2.627,22.29,29.87,26.72,63.67,696.6,31.72,0,29.27,30.03,0.041
"2022-08-10 14:00:00",18961,14.27,101.0122,2.887,31.98,27.08,26.17,65.89,623.6,27.95,0,28.83,29.41,0.041
"2022-08-10 15:00:00",18962,14.13,101.0133,3.093,32.94,26.11,25.53,67.25,493.3,21,0,27.42,28.22,0.041
