"TOA5","Science Centre AWS","CR1000","88296","CR1000.Std.31.08","CPU:Vasi_Science Centre AWS.CR1","64103","Hourly"
"TIMESTAMP","RECORD","BattV_Min","BP_kPa","WS_ms_S_WVT","WindDir_D1_WVT","WindDir_SD1_WVT","AirTC_Avg","RH","SlrW_Avg","CUV5_W_Avg","Rain_mm_Tot","T107_C_Min","T107_C_Avg","VW_Avg"
"TS","RN","Volts","kPa","meters/second","Deg","Deg","Deg C","%","W/m^2","W/m^2","mm","Deg C","Deg C",""
"","","Min","Smp","WVc","WVc","WVc","Avg","Smp","Avg","Avg","Tot","Min","Avg","Avg"
"2021-05-12 16:00:00",8043,13.74,100.9212,1.646,21.41,29.2,29.09,75.59,262.5,10.12,0,27.04,30.71,0.047
"2021-05-12 17:00:00",8044,13,100.9538,1.388,32.38,25.69,24.94,87.1,49.86,2.967,0,23.68,25.16,0.047
"2021-05-12 18:00:00",8045,12.97,101.039,0.877,21.53,19.68,22.64,92.9,0.418,0.099,0,21.73,22.7,0.047
"2021-05-12 19:00:00",8046,12.92,101.1085,0.034,21.46,4.234,21.03,96.9,0,0,0,19.04,20.29,0.047
"2021-05-12 20:00:00",8047,12.91,101.1763,0,0,0,20.29,98.6,0,0,0,18.12,18.46,0.047
"2021-05-12 21:00:00",8048,12.92,101.2347,0,0,0,20.15,99.2,0,0,0,17.87,17.98,0.047
"2021-05-12 22:00:00",8049,12.91,101.22,0,0,0,20.04,100,0,0,0,17.87,17.97,0.047
"2021-05-12 23:00:00",8050,12.89,101.3096,0.165,191.8,27.52,19.8,100,0,0,0,17.69,18.02,0.047
"2021-05-13 00:00:00",8051,12.86,101.3141,0.693,189,31.47,19.26,100,0,0,0,19.07,19.3,0.047
"2021-05-13 01:00:00",8052,12.87,101.3222,0.393,175.3,33.56,19.2,100,0,0,0,19.12,19.22,0.047
"2021-05-13 02:00:00",8053,12.86,101.304,0.323,190.6,23.97,19.29,100,0,0,0,19.21,19.29,0.047
"2021-05-13 03:00:00",8054,12.85,101.297,0.177,189.3,17.27,19.05,100,0,0,0,18.94,19.06,0.046
"2021-05-13 04:00:00",8055,12.83,101.2762,0.344,191.4,22.08,18.85,100,0,0,0,18.73,18.91,0.046
"2021-05-13 05:00:00",8056,12.81,101.2761,0.168,187.9,16.53,18.41,100,0,0,0,18.31,18.52,0.046
"2021-05-13 06:00:00",8057,12.78,101.3335,0.645,198.9,27.79,18.45,100,0,0,0,18.44,18.63,0.046
"2021-05-13 07:00:00",8058,12.74,101.3639,0.713,201.4,25.76,18.37,99.9,17.5,0.839,0,18.41,18.55,0.046
"2021-05-13 08:00:00",8059,13.07,101.4082,0.924,202.3,29.97,19.64,93,159.4,6.268,0,18.75,19.7,0.046
"2021-05-13 09:00:00",8060,13.65,101.4498,0.956,194.4,31.67,22.07,82.5,330.7,13.84,0,20.86,22,0.046
"2021-05-13 10:00:00",8061,14.01,101.4408,0.724,220.9,64.9,24.61,74.95,456.8,20.51,0,23.37,25.15,0.046
"2021-05-13 11:00:00",8062,14.01,101.3758,1.212,350.7,42.62,25.87,67.75,489.6,22.99,0,26.74,27.93,0.046
"2021-05-13 12:00:00",8063,14,101.2866,1.376,349.3,41.4,26.94,63.4,595.6,27.77,0,28.47,29.9,0.046
"2021-05-13 13:00:00",8064,14.05,101.1648,1.69,357,40.44,27.84,55.97,647.7,29.69,0,30.35,31.01,0.046
"2021-05-13 14:00:00",8065,14.26,101.0835,1.501,350.9,37.99,28.89,56.08,582.6,25.8,0,31.88,32.52,0.046
"2021-05-13 15:00:00",8066,14.13,101.0349,1.801,11.84,32.47,28.96,56.5,442.2,18.79,0,30.73,31.68,0.045
"2021-05-13 16:00:00",8067,13.65,101.0269,1.732,18.13,31.88,27.85,69.27,261.6,10.47,0,26.56,29.48,0.045
"2021-05-13 17:00:00",8068,13,101.0431,1.784,25.36,25.42,24.51,84.5,48.98,3.007,0,23.29,24.64,0.045
"2021-05-13 18:00:00",8069,12.96,101.0414,1.049,22.98,19.92,22.07,91.8,0.402,0.095,0,21.2,22.22,0.045
"2021-05-13 19:00:00",8070,12.91,101.1004,0.751,9.75,23.44,20.63,93.3,0,0,0,20.12,20.52,0.045
"2021-05-13 20:00:00",8071,12.89,101.109,0.707,11.7,22.34,20.26,95.6,0,0,0,19.79,19.94,0.045
"2021-05-13 21:00:00",8072,12.92,101.0962,0.069,14.98,7.672,19.45,97.8,0,0,0,18.08,18.88,0.044
"2021-05-13 22:00:00",8073,12.91,101.0917,0.198,328.4,16.84,18.96,96.3,0,0,0,18.02,18.29,0.045
"2021-05-13 23:00:00",8074,12.88,101.0847,0.458,299.4,17.78,18.94,97,0,0,0,18.03,18.17,0.044
"2021-05-14 00:00:00",8075,12.84,101.0522,0.529,300.1,20.66,17.56,99,0,0,0,17.34,17.57,0.044
"2021-05-14 01:00:00",8076,12.82,101.036,0.2,318.6,11.08,17.12,100,0,0,0,16.73,17.08,0.044
"2021-05-14 02:00:00",8077,12.79,101.0034,0.483,323.5,18.7,18.42,100,0,0,0,17,18.18,0.044
"2021-05-14 03:00:00",8078,12.8,100.9631,1.158,330.4,24.12,19.45,100,0,0,0,18.47,19.27,0.044
"2021-05-14 04:00:00",8079,12.78,100.9787,1.475,336.6,31.93,19.43,100,0,0,0,18.56,19.63,0.044
"2021-05-14 05:00:00",8080,12.76,101.0029,1.042,329.9,25.87,17.67,96.5,0,0,0,16.87,17.64,0.044
"2021-05-14 06:00:00",8081,12.73,101.0441,0.873,333.2,25.2,17.06,93.8,0,0,0,16.43,16.57,0.044
"2021-05-14 07:00:00",8082,12.72,101.101,0.56,340.6,21.26,17.05,93.1,15.2,0.827,0,16.16,16.41,0.044
"2021-05-14 08:00:00",8083,13.07,101.1381,1.091,3.026,26.38,18.61,85,156,5.839,0,16.93,18.44,0.044
"2021-05-14 09:00:00",8084,13.8,101.0935,1.575,354.7,32.98,21.5,69.99,354.5,13.72,0,20.06,21.72,0.044
"2021-05-14 10:00:00",8085,14.31,101.0675,2.083,352.5,37.26,24.48,57.86,521,21.59,0,23.78,25.64,0.044
"2021-05-14 11:00:00",8086,14.27,100.9863,2.304,357.2,37.67,26.7,51.44,636.1,27.38,0,27.38,28.61,0.044
"2021-05-14 12:00:00",8087,14.24,100.8889,1.978,350.3,38.49,28.7,46.2,685.4,30.06,0,29.97,31.06,0.044
"2021-05-14 13:00:00",8088,14.27,100.7738,2.052,6.337,36.12,29.49,43.46,669.6,29.51,0,31.81,32.25,0.043
"2021-05-14 14:00:00",8089,14.25,100.725,2.096,2.535,33.53,30.19,42.08,585.2,25.21,0,32.15,32.77,0.043
"2021-05-14 15:00:00",8090,14.1,100.717,2.094,18.49,31.47,30.14,60.55,439.1,17.93,0,30.85,32.22,0.043
"2021-05-14 16:00:00",8091,13.87,100.7023,2.241,29.99,25.76,27.36,67.21,255.9,9.75,0,26.32,28.91,0.042
"2021-05-14 17:00:00",8092,13,100.7104,2.011,24.32,23.99,24.46,80.5,48.46,2.871,0,23.1,24.48,0.042
"2021-05-14 18:00:00",8093,12.93,100.7422,1.077,16.65,19.93,21.99,86,0.31,0.086,0,20.83,21.91,0.042
"2021-05-14 19:00:00",8094,12.9,100.7839,0.794,7.742,21.88,20.6,90.4,0,0,0,19.67,20.24,0.042
"2021-05-14 20:00:00",8095,12.88,100.7983,0.212,351.3,16.18,19.41,93.9,0,0,0,18.47,18.79,0.042
"2021-05-14 21:00:00",8096,12.87,100.7997,0.201,347.7,18.83,19.14,95.5,0,0,0,17.99,18.38,0.042
"2021-05-14 22:00:00",8097,12.85,100.8086,0.138,343.7,13.47,18.92,97.2,0,0,0,17.9,18.05,0.042
"2021-05-14 23:00:00",8098,12.82,100.8006,0.213,326.4,12.05,18.92,98.3,0,0,0,17.87,18.09,0.042
"2021-05-15 00:00:00",8099,12.8,100.7663,0.328,312.8,12.93,18.77,99.1,0,0,0,17.98,18.22,0.041
"2021-05-15 01:00:00",8100,12.82,100.7434,0.888,302.1,19.35,18.17,99.9,0,0,0,17.87,18.12,0.041
"2021-05-15 02:00:00",8101,12.82,100.711,0.568,316.5,20.12,18.14,100,0,0,0,17.86,17.94,0.041
"2021-05-15 03:00:00",8102,12.84,100.6626,0.266,330.1,15.23,18.01,100,0,0,0,16.7,17.51,0.041
"2021-05-15 04:00:00",8103,12.8,100.6139,0.031,14.03,6.564,17.18,100,0,0,0,15.64,16.28,0.041
"2021-05-15 05:00:00",8104,12.74,100.5977,0.029,339,6.715,15.8,98,0,0,0,14.87,15.15,0.041
"2021-05-15 06:00:00",8105,12.72,100.5895,0,0,0,15.08,97.7,0,0,0,13.76,14.24,0.041
"2021-05-15 07:00:00",8106,12.72,100.6301,0.073,317.5,6.425,15.16,92.9,17.65,0.891,0,13.58,14.24,0.041
"2021-05-15 08:00:00",8107,13.14,100.685,0.604,3.248,20.49,18.7,83.2,148,6.507,0,15.76,18.06,0.041
"2021-05-15 09:00:00",8108,13.82,100.6869,1.542,358,32.86,22.79,66.79,365.9,14.92,0,19.96,22.38,0.041
"2021-05-15 10:00:00",8109,14.3,100.6617,2.424,345.1,37.52,25.38,57.97,517.3,21.67,0,24.37,26.33,0.041
"2021-05-15 11:00:00",8110,14.3,100.5643,2.606,343.9,35.25,26.8,51.46,624.1,26.8,0,27.42,28.7,0.041
"2021-05-15 12:00:00",8111,14.26,100.4589,2.12,345.8,37.96,28.57,42.46,675.2,29.39,0,29.85,30.91,0.041
"2021-05-15 13:00:00",8112,14.26,100.3447,1.918,352.9,34.23,29.8,36.53,660.5,28.73,0,31.58,32.38,0.04
"2021-05-15 14:00:00",8113,14.24,100.276,1.729,355.6,31.04,31.01,32.6,577.5,24.43,0,32.84,33.54,0.04
"2021-05-15 15:00:00",8114,14.11,100.2371,1.613,8.64,32.14,31.46,36.04,428,16.92,0,32.32,33.38,0.04
"2021-05-15 16:00:00",8115,13.89,100.2235,1.53,23.22,23.13,30.14,60.39,244.8,8.82,0,28.2,31,0.04
"2021-05-15 17:00:00",8116,13.01,100.2154,1.32,24.4,20.97,25.42,83.1,45.01,2.55,0,23.61,25.52,0.04
"2021-05-15 18:00:00",8117,12.98,100.2377,0.433,16.03,16.34,22.4,88.1,0.083,0.084,0,20.49,21.95,0.039
"2021-05-15 19:00:00",8118,12.95,100.2649,0.011,359.6,4.613,20.29,93.7,0,0,0,18.27,19.1,0.039
"2021-05-15 20:00:00",8119,12.94,100.2871,0.008,301.5,1.64,19.28,93.2,0,0,0,17.45,17.87,0.039
"2021-05-15 21:00:00",8120,12.92,100.3135,0.263,304,11.14,19.53,84.6,0,0,0,17.24,17.65,0.039
"2021-05-15 22:00:00",8121,12.88,100.3216,0.123,326.4,13.67,19.99,85.6,0,0,0,17.19,17.59,0.039
"2021-05-15 23:00:00",8122,12.84,100.3121,0.415,314.2,17.97,20.17,83.1,0,0,0,17.44,17.67,0.039
"2021-05-16 00:00:00",8123,12.89,100.2719,0.438,330.1,18.57,19.93,77.75,0,0,0,17.21,17.52,0.039
"2021-05-16 01:00:00",8124,12.87,100.2242,0.308,307.4,12.94,19.52,79.4,0,0,0,16.17,16.46,0.039
"2021-05-16 02:00:00",8125,12.86,100.1593,0.357,310.6,17.04,18.37,81.9,0,0,0,15.69,16.14,0.039
"2021-05-16 03:00:00",8126,12.85,100.1268,0.33,294.8,20.4,17.19,86,0,0,0,14.49,15.12,0.039
"2021-05-16 04:00:00",8127,12.82,100.1106,0.121,274.4,13.61,15.5,87.5,0,0,0,13.95,14.22,0.039
"2021-05-16 05:00:00",8128,12.8,100.0944,0.23,263.4,18.19,15.7,77.16,0,0,0,13.89,14.06,0.039
"2021-05-16 06:00:00",8129,12.77,100.1268,0.111,258.8,13.18,15.55,71.19,0,0,0,12.91,13.41,0.039
"2021-05-16 07:00:00",8130,12.75,100.1755,0.198,258.4,22.92,16.79,58.24,19.53,0.852,0,12.75,13.41,0.039
"2021-05-16 08:00:00",8131,13.11,100.2065,0.646,290.8,31.12,21.1,43.54,168.4,6.393,0,15.37,18.54,0.038
"2021-05-16 09:00:00",8132,13.83,100.2073,1.157,315.1,31.76,25.81,35.07,364.9,14.94,0,21.92,24.76,0.038
"2021-05-16 10:00:00",8133,14.23,100.2153,1.813,306.4,34.99,29.54,27.08,532,23.01,0,27.31,29.61,0.039
"2021-05-16 11:00:00",8134,14.16,100.1856,1.852,276,47.8,32.22,22.62,641.3,28.57,0,31.31,32.47,0.038
"2021-05-16 12:00:00",8135,14.15,100.1699,1.694,285.2,47.71,33.67,22.43,685.5,30.74,0,33.41,34.42,0.038
"2021-05-16 13:00:00",8136,14.17,100.1874,2.197,170.1,59.09,32.9,33.39,662.6,29.47,0,30.52,33.66,0.038
"2021-05-16 14:00:00",8137,14.27,100.191,2.479,146.3,41.8,28.97,64.72,570,24.37,0,28.89,30.13,0.038
"2021-05-16 15:00:00",8138,14.17,100.2235,2.749,149.9,42.06,26.91,70.86,428.1,18.32,0,26.93,28.01,0.037
"2021-05-16 16:00:00",8139,13.94,100.2803,2.68,145.9,42.04,25.49,75.05,246.2,10.13,0,24.66,25.89,0.037
"2021-05-16 17:00:00",8140,12.99,100.3539,1.622,144.8,39.02,23.95,83.2,48.52,2.962,0,22.93,23.77,0.037
"2021-05-16 18:00:00",8141,12.91,100.4224,1.215,150.1,34.25,22.74,86.7,0.318,0.085,0,22.12,22.46,0.037
"2021-05-16 19:00:00",8142,12.92,100.4968,1.23,149.8,40.11,22.5,86.6,0,0,0,21.92,22.08,0.037
"2021-05-16 20:00:00",8143,12.94,100.6857,0.673,176.4,40.11,22.01,84.2,0,0,0,20.75,21.38,0.037
"2021-05-16 21:00:00",8144,12.93,100.7514,0.542,196.8,25.24,20.94,87.8,0,0,0,20.18,20.43,0.037
"2021-05-16 22:00:00",8145,12.92,100.7768,0.68,202,29.15,20.13,91.4,0,0,0,19.5,19.84,0.037
"2021-05-16 23:00:00",8146,12.89,100.8273,0.542,200.1,30.22,19.62,92.2,0,0,0,19.08,19.35,0.037
"2021-05-17 00:00:00",8147,12.85,100.8628,0.298,218.6,18.2,19.08,94.3,0,0,0,18.73,18.88,0.037
"2021-05-17 01:00:00",8148,12.83,100.8734,0.359,202.5,20.51,18.45,97,0,0,0,18.12,18.38,0.037
"2021-05-17 02:00:00",8149,12.83,100.8655,0.673,198.1,29.13,17.84,98.3,0,0,0,17.87,17.96,0.037
"2021-05-17 03:00:00",8150,12.85,100.8816,0.537,190.5,27.46,17.67,98.3,0,0,0,17.73,17.88,0.037
"2021-05-17 04:00:00",8151,12.83,100.9142,0.803,194.3,34.01,17.71,98.6,0,0,0,17.69,17.82,0.036
"2021-05-17 05:00:00",8152,12.81,100.9465,0.587,195.6,25.27,17.57,99.1,0,0,0,17.59,17.71,0.036
"2021-05-17 06:00:00",8153,12.78,101.0035,0.699,201.1,26.54,17.68,99,0,0,0,17.68,17.96,0.036
"2021-05-17 07:00:00",8154,12.76,101.0596,0.495,199.8,26.62,17.79,99.2,16.16,0.738,0,17.9,18,0.036
"2021-05-17 08:00:00",8155,12.97,101.145,0.488,178.3,31.8,18.56,97.3,93.6,4.597,0,18.36,18.95,0.036
"2021-05-17 09:00:00",8156,13.58,101.1735,1.073,183.7,40.85,19.72,89.4,208.1,11.52,0,19.37,20.06,0.036
"2021-05-17 10:00:00",8157,14.12,101.2217,1.267,171.2,46.2,22.65,73.23,476.5,22.84,0,20.58,23.18,0.036
"2021-05-17 11:00:00",8158,14.07,101.2054,1.497,160,46.59,24.82,68.37,647.8,30.26,0,25.32,26.28,0.036
"2021-05-17 12:00:00",8159,14.16,101.173,1.345,151.4,50.85,24.84,69.01,495.3,26.2,0,25.72,26.46,0.036
"2021-05-17 13:00:00",8160,14,101.1324,1.282,133.6,42.5,25.57,68.48,568,27.66,0,26.16,27.24,0.036
"2021-05-17 14:00:00",8161,14.02,101.1324,1.505,140.8,41.82,24.66,69.49,439.9,22.25,0,24.36,26.21,0.036
"2021-05-17 15:00:00",8162,14.03,101.1405,1.634,141,41.44,24.27,79.26,328.9,16.93,0,23.83,25.55,0.036
"2021-05-17 16:00:00",8163,13.4,101.2054,1.265,130,41.86,23.28,79.24,207.2,9.51,0,22.73,24.15,0.036
"2021-05-17 17:00:00",8164,13.01,101.2815,0.974,138.7,35.92,21.63,85.7,43.43,2.873,0,20.91,21.81,0.036
"2021-05-17 18:00:00",8165,12.97,101.3598,0.638,149.8,29.12,20.33,89.6,0.253,0.074,0,19.99,20.4,0.036
"2021-05-17 19:00:00",8166,12.95,101.4332,0.783,148.2,29.68,20.1,89.8,0,0,0,19.43,19.97,0.036
"2021-05-17 20:00:00",8167,12.94,101.5077,0.439,162.1,24.98,19.52,90.7,0,0,0,19.11,19.24,0.036
"2021-05-17 21:00:00",8168,12.93,101.5316,0.323,201.1,21.74,19.34,94,0,0,0,19.03,19.26,0.035
"2021-05-17 22:00:00",8169,12.92,101.6069,0.497,206,22.9,18.78,97.5,0,0,0.508,18.83,19.21,0.035
"2021-05-17 23:00:00",8170,12.91,101.6387,0.627,197.3,28.92,18.39,98.5,0,0,0,18.66,18.81,0.035
"2021-05-18 00:00:00",8171,12.9,101.6091,0.051,3.356,27.55,18.03,98.8,0,0,0.508,18.44,18.77,0.035
"2021-05-18 01:00:00",8172,12.88,101.6435,0.396,206.5,19.3,17.48,99.7,0,0,0,17.91,18.1,0.035
"2021-05-18 02:00:00",8173,12.87,101.6674,0.49,202.5,22.66,17.62,100,0,0,0.254,17.94,18.16,0.035
"2021-05-18 03:00:00",8174,12.85,101.6506,0.196,203.1,24.07,17.82,100,0,0,2.794,17.92,18.44,0.035
"2021-05-18 04:00:00",8175,12.83,101.6447,0.375,193.2,22.21,16.93,100,0,0,0,17.19,17.55,0.035
"2021-05-18 05:00:00",8176,12.81,101.653,0.713,200.5,31.28,16.51,100,0,0,0,16.85,16.97,0.035
"2021-05-18 06:00:00",8177,12.78,101.7017,0.309,191.7,24.81,16.35,100,0,0,0,16.66,16.83,0.035
"2021-05-18 07:00:00",8178,12.76,101.7585,0.762,200.3,29.91,16.17,100,11.41,0.767,0,16.49,16.55,0.035
"2021-05-18 08:00:00",8179,12.9,101.8376,0.638,193.4,28.52,17.38,95.2,146.5,5.932,0,16.68,17.68,0.035
"2021-05-18 09:00:00",8180,13.75,101.8839,0.628,183.3,32.93,19.47,90.4,260.7,12.09,0,18.94,19.79,0.035
"2021-05-18 10:00:00",8181,14.1,101.8871,0.765,167.9,35.44,22.12,77.74,450.6,20.78,0,21.15,22.48,0.035
"2021-05-18 11:00:00",8182,13.99,101.8546,0.961,80.6,31.76,23.82,81.7,340.3,18.63,0,23.96,24.63,0.036
"2021-05-18 12:00:00",8183,14.11,101.7654,1.581,73.01,24.84,23.33,74.85,362.9,20.72,0,23.38,24.58,0.036
"2021-05-18 13:00:00",8184,14.16,101.668,1.783,63.46,27.22,24.46,69.38,488.3,23.47,0,24.33,26.25,0.036
"2021-05-18 14:00:00",8185,14.1,101.6193,2.11,56.93,28.9,24.95,70.57,480.5,23.49,0,26.48,27.42,0.036
"2021-05-18 15:00:00",8186,13.97,101.5868,1.938,62.37,25.05,23.57,71.4,251.2,13.68,0,23.48,24.99,0.036
"2021-05-18 16:00:00",8187,13.94,101.5949,1.981,44.6,28.51,23.82,78.54,216,9.74,0,23.61,25.18,0.036
"2021-05-18 17:00:00",8188,13.02,101.6039,1.282,41.77,24.36,22.37,87.5,48.37,2.901,0,21.48,22.45,0.036
"2021-05-18 18:00:00",8189,12.98,101.6434,0.248,27.75,11.85,20.4,91.8,0.19,0.078,0,19.82,20.58,0.036
"2021-05-18 19:00:00",8190,12.95,101.6695,0.047,20.73,3.451,19.19,94.1,0,0,0,18.45,19.1,0.036
"2021-05-18 20:00:00",8191,12.94,101.6741,0.003,314.1,0.027,18.62,95.9,0,0,0,18.13,18.46,0.036
"2021-05-18 21:00:00",8192,12.93,101.6854,0,0,0,17.97,97.3,0,0,0,17.14,17.61,0.036
"2021-05-18 22:00:00",8193,12.91,101.7017,0,0,0,17.32,98.3,0,0,0,16.79,16.94,0.036
"2021-05-18 23:00:00",8194,12.91,101.6935,0,0,0,16.88,99,0,0,0,16.37,16.58,0.036
"2021-05-19 00:00:00",8195,12.89,101.6611,0.007,293,2.571,16.67,99.4,0,0,0,16.17,16.26,0.035
"2021-05-19 01:00:00",8196,12.87,101.6286,0.058,298.9,5.014,16.43,99.6,0,0,0,16.07,16.17,0.035
"2021-05-19 02:00:00",8197,12.82,101.6042,0.068,309.2,6.78,16.22,99.5,0,0,0,15.9,16.22,0.035
"2021-05-19 03:00:00",8198,12.82,101.5718,0.002,306.9,0.009,15.79,99.9,0,0,0,15.29,15.58,0.035
"2021-05-19 04:00:00",8199,12.79,101.515,0,0,0,15.23,100,0,0,0,14.85,15.06,0.035
"2021-05-19 05:00:00",8200,12.75,101.515,0.025,309.8,3.197,15.17,100,0,0,0,14.73,14.88,0.035
"2021-05-19 06:00:00",8201,12.76,101.5312,0.101,316.8,7.985,15.48,100,0,0,0,15.1,15.28,0.035
"2021-05-19 07:00:00",8202,12.74,101.5474,0.197,332.4,13.67,15.76,99.8,15.63,0.719,0,15.24,15.54,0.035
"2021-05-19 08:00:00",8203,13.05,101.5697,1.112,332.2,25.86,17.85,90.8,150.3,5.524,0,16.29,17.73,0.036
"2021-05-19 09:00:00",8204,13.97,101.5657,2.026,337.8,31.12,20.98,77.35,327.7,13.43,0,19,20.76,0.036
"2021-05-19 10:00:00",8205,14.35,101.5138,2.686,352.2,35.7,23.52,66.28,501.6,21.64,0,22.69,24.42,0.035
"2021-05-19 11:00:00",8206,14.35,101.4164,3.087,357,37.77,25.06,62.13,613,27.3,0,25.73,26.83,0.036
"2021-05-19 12:00:00",8207,14.34,101.319,3.087,351.4,36.63,25.9,60.35,661.9,29.74,0,27.35,28.16,0.036
"2021-05-19 13:00:00",8208,14.34,101.2298,2.967,5.911,36.27,26.59,58.38,641.1,28.66,0,28.54,29.15,0.036
"2021-05-19 14:00:00",8209,14.33,101.1648,2.639,8.8,33.86,27.03,60.16,556.4,24.24,0,29.21,29.62,0.036
"2021-05-19 15:00:00",8210,14.2,101.1728,2.394,11.38,35.14,27.09,70.15,412.3,17.03,0,27.83,29.45,0.036
"2021-05-19 16:00:00",8211,14,101.2054,2.839,29.93,29.66,24.94,76.8,234.6,9.06,0,24.42,26.34,0.036
"2021-05-19 17:00:00",8212,13.01,101.2216,2.678,22.89,26.1,23.08,83.6,43.27,2.593,0,22.31,23.14,0.036
"2021-05-19 18:00:00",8213,12.97,101.2351,2.035,14.91,26.93,21.93,86.8,0.266,0.066,0,21.24,21.68,0.036
"2021-05-19 19:00:00",8214,12.9,101.2772,1.461,18.03,24.15,21.26,90.7,0,0,0,20.6,20.91,0.036
"2021-05-19 20:00:00",8215,12.95,101.3114,0.904,15.66,21.1,20.86,91.9,0,0,0,20.16,20.35,0.036
"2021-05-19 21:00:00",8216,12.93,101.2952,0.963,4.564,24.44,20.84,92.9,0,0,0,19.82,20.17,0.035
"2021-05-19 22:00:00",8217,12.89,101.3043,0.085,352.3,10.38,19.91,95.9,0,0,0,18.63,19.13,0.035
"2021-05-19 23:00:00",8218,12.91,101.2826,0.011,6.27,4.068,19.33,97.5,0,0,0,17.9,18.33,0.036
"2021-05-20 00:00:00",8219,12.9,101.2489,0.088,315.1,6.005,19.19,97.9,0,0,0,17.86,18.4,0.036
"2021-05-20 01:00:00",8220,12.88,101.2336,0.119,294.6,9.01,18.88,98.6,0,0,0,18.28,18.53,0.035
"2021-05-20 02:00:00",8221,12.82,101.2135,0.552,312.2,19.37,18.12,99.6,0,0,0,18.14,18.23,0.035
"2021-05-20 03:00:00",8222,12.8,101.1775,0.672,349.6,25.94,18.95,95.9,0,0,0,18.13,18.46,0.035
"2021-05-20 04:00:00",8223,12.82,101.162,0.653,336.9,22.26,18.78,97.9,0,0,0,17.96,18.28,0.035
"2021-05-20 05:00:00",8224,12.76,101.1577,0.982,335.9,28.21,17.85,91.4,0,0,0,17.03,17.45,0.035
"2021-05-20 06:00:00",8225,12.72,101.1902,1.161,337.5,28.18,17.5,91.4,0,0,0,16.47,16.75,0.035
"2021-05-20 07:00:00",8226,12.69,101.2065,1.44,346.3,32.16,17.58,86.3,21.08,0.66,0,16.51,16.79,0.035
"2021-05-20 08:00:00",8227,13.21,101.1831,1.762,0.027,34.63,18.74,79.54,120.5,4.999,0,17.26,18.15,0.035
"2021-05-20 09:00:00",8228,13.79,101.1859,2.215,357.4,37.09,20.48,72.04,220,10.08,0,19.41,20.48,0.035
"2021-05-20 10:00:00",8229,14.21,101.1567,2.942,355,38.08,22.7,59.15,368.7,17.09,0,21.19,23.27,0.035
"2021-05-20 11:00:00",8230,14.28,101.0675,2.982,350,35.25,24.72,54.62,498.8,22.55,0,24.56,25.97,0.036
"2021-05-20 12:00:00",8231,14.23,100.9457,2.927,360,31.79,26.34,52.11,577.2,25.36,0,26.88,28.07,0.035
"2021-05-20 13:00:00",8232,14.23,100.8159,2.728,1.247,34.61,26.94,52.74,544.4,24.16,0,26.97,28.68,0.036
"2021-05-20 14:00:00",8233,14.22,100.7179,2.78,359.9,34.71,27.59,53.31,506.4,21.9,0,28.21,29.79,0.036
"2021-05-20 15:00:00",8234,14.19,100.6861,2.951,11.59,31.89,26.88,55.07,357.1,15.23,0,27.55,28.21,0.036
"2021-05-20 16:00:00",8235,13.77,100.6536,2.766,6.662,31.78,25.88,64.12,210.3,8.35,0,25.01,26.61,0.036
"2021-05-20 17:00:00",8236,13.02,100.6617,2.43,14.08,32.62,23.68,71.8,50.04,2.414,0,22.43,23.59,0.035
"2021-05-20 18:00:00",8237,12.98,100.6719,2.36,11.87,27.92,22.3,75.05,0.006,0.057,0,21.44,21.89,0.036
"2021-05-20 19:00:00",8238,12.96,100.7062,1.734,8.08,28.34,21.78,77.46,0,0,0,20.96,21.16,0.035
"2021-05-20 20:00:00",8239,12.95,100.6992,2.156,9.63,26.65,22.21,74.23,0,0,0,21.2,21.44,0.035
"2021-05-20 21:00:00",8240,12.94,100.6966,2.396,6.374,28.07,22.5,77.61,0,0,0,21.36,21.67,0.035
"2021-05-20 22:00:00",8241,12.94,100.7398,1.644,359.2,33.66,21.86,77.32,0,0,0,20.54,20.9,0.035
"2021-05-20 23:00:00",8242,12.91,100.7489,1.283,354.9,29.55,21.45,75.81,0,0,0,19.77,20.25,0.035
"2021-05-21 00:00:00",8243,12.9,100.6946,0.808,340.7,28.67,20.68,75.92,0,0,0,18.51,19.16,0.035
"2021-05-21 01:00:00",8244,12.89,100.6297,1.394,350.7,32.53,20.61,63.81,0,0,0,18.5,18.84,0.035
"2021-05-21 02:00:00",8245,12.88,100.5641,1.919,341.9,35.55,21.37,62.09,0,0,0,19.42,19.79,0.035
"2021-05-21 03:00:00",8246,12.87,100.5483,1.553,344.6,33.38,20.79,65.76,0,0,0,18.81,19.45,0.035
"2021-05-21 04:00:00",8247,12.85,100.476,1.473,332.9,29.55,19.8,68.35,0,0,0,18.08,18.37,0.035
"2021-05-21 05:00:00",8248,12.82,100.5225,1.261,326.3,29.03,19.02,71.44,0,0,0,17.26,17.77,0.035
"2021-05-21 06:00:00",8249,12.8,100.7025,1.285,316,52.01,18.14,77.54,0,0,0,16.42,17.11,0.035
"2021-05-21 07:00:00",8250,12.77,100.8412,0.458,194.8,46.45,16.85,80.1,13.27,0.661,0,15.49,16.16,0.035
"2021-05-21 08:00:00",8251,13.04,100.8988,0.199,226.9,36.77,19.25,75.46,131.1,5.206,0,16.27,18.5,0.035
"2021-05-21 09:00:00",8252,13.79,100.9864,1.203,183.3,43.48,22.08,78.56,272.7,11.09,0,21.13,22.52,0.035
"2021-05-21 10:00:00",8253,14.3,101.0269,1.708,168.5,48.92,24.25,73.35,467.1,20.36,0,23.6,25.1,0.035
"2021-05-21 11:00:00",8254,14.15,101.0269,2.09,149.1,40.48,25.45,69.6,527.3,23.83,0,25.97,26.66,0.035
"2021-05-21 12:00:00",8255,14.17,101.0188,2.114,144.5,41.21,25.73,64.88,563.4,25.78,0,26.18,27.05,0.035
"2021-05-21 13:00:00",8256,14.12,101.0025,1.926,146.4,37.81,25.67,64.45,505.3,23.88,0,25.97,27.13,0.035
"2021-05-21 14:00:00",8257,14.19,101.0269,2.071,148.5,41.6,25.32,64.03,453,22.41,0,25.84,26.65,0.035
"2021-05-21 15:00:00",8258,13.99,101.0999,1.899,145.1,41.44,24.77,70.15,364.3,16.81,0,24.84,25.88,0.035
"2021-05-21 16:00:00",8259,14.01,101.2054,1.661,144.5,37.88,23.68,69.97,200.5,9.19,0,23.43,24.22,0.035
"2021-05-21 17:00:00",8260,13.03,101.2866,1.395,143.6,32.55,22.51,73.88,66.92,2.84,0,21.57,22.65,0.035
"2021-05-21 18:00:00",8261,12.97,101.3984,1.33,145.1,37.93,21.35,71.03,0.225,0.058,0,20.94,21.12,0.035
"2021-05-21 19:00:00",8262,12.94,101.5126,1.315,142.8,37.66,21.45,68.69,0,0,0,20.8,21.06,0.035
"2021-05-21 20:00:00",8263,12.95,101.6018,1.254,142.3,40.45,21.37,68.75,0,0,0,20.71,20.85,0.035
"2021-05-21 21:00:00",8264,12.92,101.6675,1.27,140.8,39.67,21.23,66.87,0,0,0,20.47,20.59,0.035
"2021-05-21 22:00:00",8265,12.9,101.6928,1.062,148.7,32.8,20.97,61.13,0,0,0,20,20.3,0.035
"2021-05-21 23:00:00",8266,12.92,101.7171,0.833,151,31.83,20.63,68.51,0,0,0,18.66,19.91,0.034
"2021-05-22 00:00:00",8267,12.87,101.7505,0.518,162.7,24.15,19.45,69.93,0,0,0,18.24,18.42,0.034
"2021-05-22 01:00:00",8268,12.85,101.7992,0.087,221.7,8.24,19.4,74.34,0,0,0,18.2,18.45,0.035
"2021-05-22 02:00:00",8269,12.85,101.7905,0.014,170.6,4.356,18.98,76.88,0,0,0,18.1,18.46,0.034
"2021-05-22 03:00:00",8270,12.83,101.799,0.185,232.4,20.95,18.6,81.8,0,0,0,17.82,18.04,0.034
"2021-05-22 04:00:00",8271,12.84,101.7885,0.446,220.2,20.77,17.6,85.6,0,0,0,17.14,17.71,0.034
"2021-05-22 05:00:00",8272,12.82,101.8231,0.111,177.1,16.15,17.5,82.6,0,0,0,16.3,16.93,0.034
"2021-05-22 06:00:00",8273,12.79,101.9208,0.29,214.5,18.5,17.32,83.6,0,0,0,16.21,16.45,0.034
"2021-05-22 07:00:00",8274,12.76,101.9694,0.56,196,32.54,17.26,87.6,4.054,0.416,0,17.1,17.32,0.034
"2021-05-22 08:00:00",8275,12.77,102.0733,0.377,208.7,20.97,17.87,88.8,72.69,3.302,0,17.07,17.88,0.034
"2021-05-22 09:00:00",8276,13.32,102.1135,0.543,188.4,29.1,19.91,78.66,196.4,10.39,0,18.95,20.07,0.034
"2021-05-22 10:00:00",8277,13.83,102.1549,0.898,151.2,40.3,23.28,58.75,370.9,17.66,0,21.55,23.59,0.034
"2021-05-22 11:00:00",8278,13.97,102.1062,1.459,109.8,41.05,23.73,60.62,263,13.87,0,23.22,24.29,0.034
"2021-05-22 12:00:00",8279,14.03,102.1062,1.493,154.9,48.44,22.32,80.7,265.8,15.27,0,22.51,23.22,0.034
"2021-05-22 13:00:00",8280,14.3,102.0656,1.809,151,46.32,22.38,79.63,554.6,27.18,0,22.81,24.26,0.034
"2021-05-22 14:00:00",8281,14.31,102.0494,1.708,136.6,43.26,21.03,81.8,362.7,18.52,0,22.49,22.9,0.034
"2021-05-22 15:00:00",8282,14.07,102.0496,1.236,127.7,44.82,20.42,81,204.6,11.35,0,21.49,22,0.034
"2021-05-22 16:00:00",8283,14.06,102.0742,1.273,117.3,42.55,20.4,79.47,163,7.488,0,21.19,21.65,0.035
"2021-05-22 17:00:00",8284,13,102.1449,0.97,115.4,40.65,19.27,90.4,39.67,1.814,0,19.28,20.19,0.034
"2021-05-22 18:00:00",8285,12.97,102.1809,0.262,131.2,22.85,17.88,86.2,0,0.026,0,18.28,18.62,0.034
"2021-05-22 19:00:00",8286,12.95,102.2274,0.037,162.1,6.225,17.22,90.1,0,0,0,17.48,18.02,0.034
"2021-05-22 20:00:00",8287,12.91,102.2692,0.294,182.7,22.57,17.17,89.6,0,0,0,17.3,17.48,0.034
"2021-05-22 21:00:00",8288,12.93,102.3104,0.867,203.9,27.05,16.96,94.9,0,0,0,17.24,17.31,0.034
"2021-05-22 22:00:00",8289,12.92,102.3024,0.532,215.3,25.05,16.62,95.3,0,0,0,16.54,17.09,0.034
"2021-05-22 23:00:00",8290,12.91,102.3024,0.632,207.9,23.47,16.15,95.2,0,0,0,16.29,16.43,0.034
"2021-05-23 00:00:00",8291,12.87,102.2699,1.214,218.4,30.95,15.74,97.6,0,0,0,15.47,16.02,0.034
"2021-05-23 01:00:00",8292,12.87,102.2537,1.036,196.5,32.05,14.84,98,0,0,0,14.86,15.16,0.034
"2021-05-23 02:00:00",8293,12.82,102.1806,0.856,191.1,34.14,14.38,97.6,0,0,0,14.52,14.68,0.034
"2021-05-23 03:00:00",8294,12.8,102.1563,1.327,209.5,29.35,14.31,94.9,0,0,0,14.37,14.45,0.034
"2021-05-23 04:00:00",8295,12.81,102.1563,0.827,184.4,32.22,14.24,95.2,0,0,0,14.1,14.31,0.034
"2021-05-23 05:00:00",8296,12.75,102.1238,0.801,186.8,34.53,13.9,95.1,0,0,0,14.01,14.08,0.034
"2021-05-23 06:00:00",8297,12.75,102.1968,0.922,191.6,33.3,13.97,93.8,0,0,0,13.96,14.08,0.034
"2021-05-23 07:00:00",8298,12.69,102.2212,1.202,201,31.13,14.45,91.6,8.88,0.594,0,14.2,14.51,0.034
"2021-05-23 08:00:00",8299,12.8,102.2618,1.33,206.2,29.83,15.73,83.8,127.2,5.405,0,14.66,15.81,0.034
"2021-05-23 09:00:00",8300,14.04,102.2988,1.38,196.2,40.67,18.75,75.97,322.1,13.46,0,17.43,19.24,0.034
"2021-05-23 10:00:00",8301,14.3,102.2928,1.463,193.5,42.29,21.47,72.31,496.1,21.8,0,21.12,22.59,0.034
"2021-05-23 11:00:00",8302,14.27,102.2604,1.214,179.1,45.68,23.61,61.48,595.8,27.71,0,23.66,24.9,0.034
"2021-05-23 12:00:00",8303,14.09,102.2279,1.467,93.5,49.95,22.95,70.37,355.4,17.77,0,23.02,24.97,0.034
"2021-05-23 13:00:00",8304,14.21,102.0818,1.268,79.55,36.99,22.88,61.87,479.7,24.14,0,22.84,24.98,0.034
"2021-05-23 14:00:00",8305,14.18,102.0169,1.74,59.43,34.94,23.71,69.1,417.8,21.64,0,24.88,26.71,0.034
"2021-05-23 15:00:00",8306,13.93,102.0007,1.399,79.61,22.36,22.05,75.82,101.9,10.46,0,22.1,23.08,0.034
"2021-05-23 16:00:00",8307,13.51,102.0026,1.079,76.18,20.92,21.21,77.39,71.99,7.167,0,21.26,21.57,0.034
"2021-05-23 17:00:00",8308,13.02,102.0207,0.736,53.89,17.38,21.23,82.6,46.91,2.607,0,20.07,21.2,0.034
"2021-05-23 18:00:00",8309,12.97,102.0442,0.001,143.2,0,18.46,87.8,0.02,0.057,0,16.42,17.81,0.034
"2021-05-23 19:00:00",8310,12.95,102.1075,0.251,80.9,14.97,18.26,81.8,0,0,0,16.15,16.64,0.034
"2021-05-23 20:00:00",8311,12.89,102.1317,0.009,69.56,2.688,18.21,89.4,0,0,0,15.77,16.91,0.034
"2021-05-23 21:00:00",8312,12.93,102.1563,0.001,315.3,0,16.9,92.2,0,0,0,15.06,15.47,0.033
"2021-05-23 22:00:00",8313,12.87,102.1563,0.015,94.7,14.52,15.84,95.7,0.077,0,0,14.99,15.42,0.033
"2021-05-23 23:00:00",8314,12.91,102.14,0.064,249.4,11.27,16.28,94.4,0.004,0,0,15.87,16.42,0.033
"2021-05-24 00:00:00",8315,12.86,102.0994,0.044,240.6,9.57,16.05,95.6,0,0,0,15.68,16.04,0.033
"2021-05-24 01:00:00",8316,12.88,102.0751,0.022,276,3.908,15.79,96.8,0,0,0,15.49,16.06,0.033
"2021-05-24 02:00:00",8317,12.87,102.0345,0.008,235.4,1.629,15.71,97.3,0,0,0,14.69,15.46,0.033
"2021-05-24 03:00:00",8318,12.83,102.002,0.048,240,11.09,16.62,95.1,0.049,0,0,16.33,16.72,0.033
"2021-05-24 04:00:00",8319,12.85,102.002,0.055,240.9,10.71,16.83,96.2,0,0,0,16.55,16.88,0.033
"2021-05-24 05:00:00",8320,12.8,102.002,0.015,245.9,4.806,16.07,97.7,0,0,0,15.73,16.1,0.033
"2021-05-24 06:00:00",8321,12.79,102.0588,0.009,255,3.401,15.78,98.2,0,0,0,15.09,15.83,0.033
"2021-05-24 07:00:00",8322,12.71,102.0588,0,0,0,14.58,99.5,7.785,0.649,0,13.62,14.06,0.033
"2021-05-24 08:00:00",8323,12.8,102.1157,0.065,306.2,9.74,16.84,82.7,134.9,5.591,0,13.88,16.49,0.033
"2021-05-24 09:00:00",8324,14.07,102.1469,0.8,325.2,36.76,21.33,68.74,319.6,13.66,0,19.06,21.5,0.033
"2021-05-24 10:00:00",8325,14.12,102.1143,1.492,23.54,30.64,23.26,67.38,445.7,19.65,0,24.13,25.36,0.033
"2021-05-24 11:00:00",8326,14.04,102.0494,2.184,29.44,32.58,23.28,59.45,453.6,21.86,0,23.71,25.52,0.033
"2021-05-24 12:00:00",8327,14.2,101.9682,2.538,17.46,29.3,24.24,56.94,630.8,28.74,0,26.35,27.26,0.033
"2021-05-24 13:00:00",8328,14.16,101.879,2.5,29.42,30.08,24.07,60.85,508.3,24.44,0,25.1,27,0.033
"2021-05-24 14:00:00",8329,14.36,101.814,2.706,27.03,26.81,24.17,59.44,564.3,25.45,0,26.93,27.39,0.033
"2021-05-24 15:00:00",8330,14.17,101.7897,2.721,27.79,25.95,23.83,60.86,407.8,17.96,0,25.52,26.67,0.033
"2021-05-24 16:00:00",8331,13.99,101.7654,2.482,31.31,29.2,22.87,65.96,213.2,9.29,0,22.81,24.56,0.033
"2021-05-24 17:00:00",8332,13,101.7738,1.671,24.44,24.67,21.21,73.94,36.84,2.609,0,20.33,21.43,0.033
"2021-05-24 18:00:00",8333,12.97,101.7903,0.4,24.57,13.73,18.95,81.9,0.056,0.053,0,17.7,18.94,0.033
"2021-05-24 19:00:00",8334,12.95,101.8396,0.008,21.22,1.21,17.07,87.1,0,0,0,15.48,16.26,0.033
"2021-05-24 20:00:00",8335,12.93,101.864,0,0,0,16.28,91.5,0,0,0,14.21,14.76,0.033
"2021-05-24 21:00:00",8336,12.92,101.8478,0,0,0,15.29,95.1,0,0,0,13.64,13.92,0.033
"2021-05-24 22:00:00",8337,12.9,101.864,0.01,268.1,1.733,15.39,94.6,0,0,0,13.48,13.61,0.033
"2021-05-24 23:00:00",8338,12.86,101.8397,0,0,0,14.08,97.4,0,0,0,12.8,13.14,0.033
"2021-05-25 00:00:00",8339,12.83,101.8153,0.004,269.5,2.816,13.46,98.3,0,0,0,12.59,12.72,0.032
"2021-05-25 01:00:00",8340,12.86,101.7828,0.026,261.9,7.004,13.6,98,0,0,0,12.63,12.8,0.032
"2021-05-25 02:00:00",8341,12.81,101.7585,0.046,279.4,9.18,13.77,98,0,0,0,12.7,13,0.032
"2021-05-25 03:00:00",8342,12.8,101.7017,0.08,271.4,12.46,13.53,97.4,0,0,0,12.14,12.98,0.032
"2021-05-25 04:00:00",8343,12.77,101.6632,0,0,0,12.09,99.2,0,0,0,11.24,11.62,0.032
"2021-05-25 05:00:00",8344,12.76,101.6484,0.003,288.9,2.676,12.34,100,0,0,0,11.2,11.32,0.032
"2021-05-25 06:00:00",8345,12.75,101.6643,0.016,276.6,3.904,12.31,100,0,0,0,11.14,11.32,0.032
"2021-05-25 07:00:00",8346,12.73,101.6895,0.004,301.9,0.543,12.06,100,12.73,0.595,0,10.94,11.22,0.032
"2021-05-25 08:00:00",8347,12.97,101.7423,0.346,318.7,21.19,14.75,89.1,133,5.063,0,12.14,14.89,0.032
"2021-05-25 09:00:00",8348,14.19,101.7979,1.293,333.4,26.2,19.11,68.03,307.4,12.42,0,16.71,19.11,0.032
"2021-05-25 10:00:00",8349,14.36,101.7248,1.765,348.5,32.35,22.02,60.37,474.8,20.28,0,21.73,23.84,0.032
"2021-05-25 11:00:00",8350,14.33,101.6518,2.09,355.3,31.79,23.55,56.72,572.9,24.48,0,25.34,26.26,0.032
"2021-05-25 12:00:00",8351,14.31,101.53,2.414,2.151,32.77,24.36,54.81,570.2,22.15,0,26.62,27.17,0.032
"2021-05-25 13:00:00",8352,14.28,101.4245,2.34,8.32,34.2,24.92,51.47,582.5,21.78,0,26.59,27.94,0.032
"2021-05-25 14:00:00",8353,14.26,101.3434,2.14,354.5,35.54,25.44,50.44,515,19.99,0,27.79,28.63,0.032
"2021-05-25 15:00:00",8354,14.23,101.2947,2.141,10.43,32.85,25.57,51.97,386,14.43,0,26.78,28.36,0.032
"2021-05-25 16:00:00",8355,14.01,101.2703,2.284,22.55,24.94,24.19,64.23,208.9,8.12,0,23.5,25.58,0.032
"2021-05-25 17:00:00",8356,13.01,101.3198,1.893,25.78,25.3,21.78,72.21,36.01,2.41,0,20.77,21.94,0.032
"2021-05-25 18:00:00",8357,12.91,101.3677,1.093,21.08,20.4,19.9,77.59,0,0.048,0,18.16,19.69,0.032
"2021-05-25 19:00:00",8358,12.93,101.3923,0.063,7.143,6.803,17.6,86.5,0,0,0,15.58,16.64,0.032
"2021-05-25 20:00:00",8359,12.94,101.4094,0.007,16.24,2.835,16.48,89,0,0,0,14.19,14.9,0.032
"2021-05-25 21:00:00",8360,12.89,101.4094,0,0,0,16.18,89,0,0,0,13.93,13.99,0.032
"2021-05-25 22:00:00",8361,12.87,101.4338,0.019,281.5,2.816,15.82,88.4,0,0,0,13.92,14.09,0.032
"2021-05-25 23:00:00",8362,12.87,101.4013,0.016,263.2,2.035,15.21,92,0,0,0,13.85,14.11,0.032
"2021-05-26 00:00:00",8363,12.88,101.3851,0.018,264.4,7.611,14.1,94.8,0,0,0,13.24,13.45,0.032
"2021-05-26 01:00:00",8364,12.87,101.3282,0.011,286.9,2.867,14.4,93.1,0,0,0,13.23,13.28,0.032
"2021-05-26 02:00:00",8365,12.85,101.2958,0.025,293.8,4.767,14.17,94,0,0,0,12.77,13.12,0.031
"2021-05-26 03:00:00",8366,12.83,101.2308,0.001,283.3,0.001,12.53,97.5,0,0,0,12.31,12.46,0.031
"2021-05-26 04:00:00",8367,12.81,101.2227,0.035,302.5,5.325,13.18,98.2,0,0,0,12.31,12.63,0.032
"2021-05-26 05:00:00",8368,12.77,101.2315,0.003,308.7,0.003,12.26,98.5,0,0,0,11.6,12.21,0.031
"2021-05-26 06:00:00",8369,12.74,101.2907,0.051,306.8,4.704,12.37,99.7,0,0,0,11.33,11.62,0.031
"2021-05-26 07:00:00",8370,12.71,101.3203,0.19,305,10.7,12.7,99,10.15,0.532,0,11.33,12.16,0.031
"2021-05-26 08:00:00",8371,12.82,101.3526,0.209,347.8,13.68,14.7,91.6,125.6,4.678,0,12.56,14.63,0.031
"2021-05-26 09:00:00",8372,14.05,101.3925,1.123,349.2,26.32,18.8,73.76,287.1,10.4,0,16.97,19.19,0.031
"2021-05-26 10:00:00",8373,14.33,101.3921,1.93,2.383,30.08,22.29,61.67,468.2,19.31,0,21.81,23.93,0.031
"2021-05-26 11:00:00",8374,14.33,101.3353,1.954,353.6,32.48,24.44,51.96,578.8,24.88,0,25.5,27,0.031
"2021-05-26 12:00:00",8375,14.25,101.2541,1.698,0.241,34.16,25.43,51.9,628.4,27.44,0,28.06,28.87,0.032
"2021-05-26 13:00:00",8376,14.27,101.1567,1.401,2.995,40.41,26.41,46.96,610.9,26.61,0,29.53,30.27,0.032
"2021-05-26 14:00:00",8377,14.29,101.1232,1.813,21.57,28.2,26.8,52.12,517.8,20.99,0,29.35,30.34,0.032
"2021-05-26 15:00:00",8378,14.23,101.0999,2.216,32.84,29.7,25.56,57.38,390,15.5,0,26.99,28.39,0.032
"2021-05-26 16:00:00",8379,14,101.1648,1.908,27.85,26.11,24.19,64.96,219.9,8.44,0,24.19,25.93,0.032
"2021-05-26 17:00:00",8380,12.96,101.2135,0.569,41.54,20.67,22.09,77.06,35.41,2.268,0,20.45,22.3,0.032
"2021-05-26 18:00:00",8381,12.96,101.2791,0.008,58.75,3.561,19.4,85.7,0.008,0.043,0,16.95,18.44,0.032
"2021-05-26 19:00:00",8382,12.95,101.3525,0,0,0,18.38,87.2,0,0,0,15.57,16.14,0.031
"2021-05-26 20:00:00",8383,12.91,101.4094,0.003,259,0.698,17.58,88.3,0,0,0,15.02,15.27,0.031
"2021-05-26 21:00:00",8384,12.9,101.4419,0.002,253.7,0.003,16.41,94.8,0,0,0,14.01,14.59,0.031
"2021-05-26 22:00:00",8385,12.9,101.4581,0.004,245,0.947,15.35,95.8,0,0,0,13.66,13.79,0.031
"2021-05-26 23:00:00",8386,12.81,101.45,0.153,239.1,14.59,15.95,92.7,0,0,0,13.82,14.52,0.031
"2021-05-27 00:00:00",8387,12.83,101.4338,0.028,239.9,6.538,15.67,91.6,0,0,0,13.57,14.44,0.031
"2021-05-27 01:00:00",8388,12.83,101.4094,0,0,0,13.46,97.7,0,0,0,12.46,12.94,0.031
"2021-05-27 02:00:00",8389,12.83,101.3851,0,0,0,12.56,99,0,0,0,12.12,12.31,0.031
"2021-05-27 03:00:00",8390,12.81,101.354,0,0,0,12.23,99.6,0,0,0,11.72,11.9,0.031
"2021-05-27 04:00:00",8391,12.79,101.3235,0,0,0,12.07,100,0,0,0,11.58,11.64,0.031
"2021-05-27 05:00:00",8392,12.78,101.3086,0,0,0,11.74,100,0,0,0,11.16,11.42,0.031
"2021-05-27 06:00:00",8393,12.75,101.3389,0,0,0,11.22,100,0,0,0,10.71,10.9,0.031
"2021-05-27 07:00:00",8394,12.72,101.378,0.003,296.8,1.699,9.91,100,12.18,0.561,0,10.07,10.33,0.031
"2021-05-27 08:00:00",8395,12.86,101.4015,0.047,333.2,7.443,13.55,94.6,130.6,5.111,0,10.54,13.68,0.031
"2021-05-27 09:00:00",8396,14.23,101.4668,1.027,330.1,27,18.48,69.87,323.9,12.62,0,16.43,18.94,0.031
"2021-05-27 10:00:00",8397,14.36,101.4408,1.795,339.2,32.86,22.77,58.44,482.2,20.64,0,22.03,24.38,0.031
"2021-05-27 11:00:00",8398,14.32,101.3921,1.821,352.6,32.14,24.83,50.23,593.9,26.26,0,25.83,27.46,0.031
"2021-05-27 12:00:00",8399,14.3,101.2622,1.862,352,31.76,26.06,45.97,640.6,28.5,0,28.24,29.32,0.031
"2021-05-27 13:00:00",8400,14.27,101.1648,1.747,1.899,37.85,27.04,45.91,622.9,27.62,0,29.88,30.75,0.031
"2021-05-27 14:00:00",8401,14.31,101.0811,2.104,22.15,30.09,27.2,53.1,539.3,23.24,0,29.75,30.66,0.031
"2021-05-27 15:00:00",8402,14.2,101.035,2.468,24.7,31.14,26.24,59.43,403.6,16.4,0,27.78,28.91,0.031
"2021-05-27 16:00:00",8403,13.88,101.0188,2.274,27.19,23.74,24.88,64.85,232.1,9.08,0,24.36,26.56,0.031
"2021-05-27 17:00:00",8404,13,101.035,1.416,19.37,21.31,22.37,75.68,33.85,2.399,0,20.98,22.49,0.031
"2021-05-27 18:00:00",8405,12.93,101.0919,0.396,18.21,11.81,19.7,85.8,0.01,0.045,0,17.28,19.27,0.031
"2021-05-27 19:00:00",8406,12.95,101.1332,0.013,343.6,4.605,17.62,91.3,0,0,0,15.11,15.99,0.031
"2021-05-27 20:00:00",8407,12.92,101.1253,0,0,0,16.59,95.1,0,0,0,14.12,14.59,0.031
"2021-05-27 21:00:00",8408,12.9,101.1172,0.026,295.3,3.34,16.15,96.8,0,0,0,13.8,13.98,0.031
"2021-05-27 22:00:00",8409,12.86,101.1415,0.332,285.6,16.33,16.02,97,0,0,0,14.15,14.92,0.03
"2021-05-27 23:00:00",8410,12.83,101.0685,0.471,307.4,19.51,15.67,97,0,0,0,15.14,15.44,0.03
"2021-05-28 00:00:00",8411,12.83,100.9792,0.311,309.9,12.61,15.16,98.9,0,0,0,14.62,14.85,0.031
"2021-05-28 01:00:00",8412,12.81,100.963,0.265,312.1,15.03,15.31,100,0,0,0,14.38,14.81,0.03
"2021-05-28 02:00:00",8413,12.81,100.8899,0.541,320,14.97,16.1,100,0,0,0,14.54,15.51,0.03
"2021-05-28 03:00:00",8414,12.81,100.8493,0.918,327.9,21.43,16.58,97,0,0,0,15.73,16.05,0.03
"2021-05-28 04:00:00",8415,12.79,100.76,0.242,336.1,10.49,15.83,95.1,0,0,0,13.3,14.81,0.03
"2021-05-28 05:00:00",8416,12.81,100.7032,0.101,319.8,8.18,14.26,94,0,0,0,12.62,12.95,0.03
"2021-05-28 06:00:00",8417,12.74,100.7032,0.564,322.9,15.76,14.65,90.5,0,0,0,13.23,13.43,0.03
"2021-05-28 07:00:00",8418,12.72,100.6951,0.391,296.7,14.94,14.32,90.1,9.25,0.482,0,12.41,12.94,0.03
"2021-05-28 08:00:00",8419,12.82,100.7275,1.147,320,21.62,16.45,77.65,126.5,4.524,0,13.41,15.03,0.03
"2021-05-28 09:00:00",8420,14.1,100.7323,1.272,341.4,27.3,19.62,62.78,312.9,11.34,0,16.97,19.34,0.03
"2021-05-28 10:00:00",8421,14.33,100.678,1.618,336.7,28.57,23.3,49.1,474.4,17.27,0,21.89,24.38,0.03
"2021-05-28 11:00:00",8422,14.29,100.6049,1.697,335.3,33.36,26.04,38.31,586.7,23.24,0,26.51,28.15,0.03
"2021-05-28 12:00:00",8423,14.22,100.4971,1.138,308.3,49.84,29.09,27.96,634.7,26.16,0,29.87,31.26,0.03
"2021-05-28 13:00:00",8424,14.18,100.4123,0.85,228.5,55.19,31.18,25.41,617.7,25.27,0,31.48,32.29,0.03
"2021-05-28 14:00:00",8425,14.18,100.3636,0.978,229.9,63.75,31.48,27.1,537.4,21.37,0,31.99,32.89,0.031
"2021-05-28 15:00:00",8426,13.86,100.3658,1.256,90.5,32.75,30.11,43.27,349.7,13.81,0,29.9,31.28,0.031
"2021-05-28 16:00:00",8427,13.71,100.3695,1.07,92.1,30.07,28.44,52.21,221.2,8.06,0,26.55,28.75,0.031
"2021-05-28 17:00:00",8428,12.98,100.3777,0.272,124.8,29.43,24.82,75.17,31.37,2.216,0,21.15,23.82,0.031
"2021-05-28 18:00:00",8429,12.97,100.4173,0.113,170.7,7.904,21,83.4,0,0.04,0,16.93,18.99,0.031
"2021-05-28 19:00:00",8430,12.95,100.3841,0.068,223.4,19.81,19.23,93.9,0,0,0,15.92,16.33,0.03
"2021-05-28 20:00:00",8431,12.93,100.5487,0.192,188.9,12.97,18.6,95.9,0,0,0,16,16.49,0.03
"2021-05-28 21:00:00",8432,12.92,100.6214,0.922,172.2,41.14,18.31,88.9,0,0,0,16.07,17.39,0.03
"2021-05-28 22:00:00",8433,12.91,100.5977,0.685,163.9,36.16,17.16,93.3,0,0,0,16.46,16.79,0.03
"2021-05-28 23:00:00",8434,12.87,100.6217,0.948,177,41.72,17.78,99.3,0,0,0,17.04,17.61,0.03
"2021-05-29 00:00:00",8435,12.89,100.61,1.102,176,43.89,18.59,99.4,0,0,0,18.12,18.46,0.03
"2021-05-29 01:00:00",8436,12.86,100.6161,1.322,173,49.6,18.68,96.5,0,0,0,18.27,18.43,0.03
"2021-05-29 02:00:00",8437,12.84,100.6536,0.965,186,40.63,18.54,95.8,0,0,0,17.84,18.13,0.03
"2021-05-29 03:00:00",8438,12.82,100.6706,0.671,186,34.9,17.9,96.9,0,0,0,17.27,17.57,0.03
"2021-05-29 04:00:00",8439,12.82,100.7032,0.715,196.2,33.88,17.41,97.1,0,0,0,16.91,17.13,0.03
"2021-05-29 05:00:00",8440,12.82,100.7357,0.764,198.7,31.32,16.95,97.8,0,0,0,16.63,16.75,0.03
"2021-05-29 06:00:00",8441,12.79,100.8087,0.887,198.7,31.93,16.58,98.4,0,0,0,16.31,16.46,0.03
"2021-05-29 07:00:00",8442,12.73,100.8899,0.659,194.4,30.13,16.37,99.1,8.58,0.531,0,16.12,16.26,0.03
"2021-05-29 08:00:00",8443,12.85,100.9509,0.732,190.9,33.84,18.03,91.8,128.2,5.059,0,16.52,17.79,0.03
"2021-05-29 09:00:00",8444,14.13,101.0125,1.367,187,45.93,21.02,82.4,306.7,12.57,0,19.12,20.81,0.03
"2021-05-29 10:00:00",8445,14.16,101.0107,1.368,162.5,46.46,23.92,69.1,469.3,19.41,0,22.75,24.37,0.03
"2021-05-29 11:00:00",8446,13.94,100.9782,1.605,147.2,39.51,25.7,59.75,573.7,24.99,0,25.78,26.72,0.03
"2021-05-29 12:00:00",8447,14.05,100.9214,1.791,135.9,41.18,26.29,57.36,639.5,27.96,0,26.96,27.92,0.03
"2021-05-29 13:00:00",8448,14.05,100.8727,1.762,127.6,47.99,26.54,59.41,598.2,26.02,0,27.68,28.32,0.03
"2021-05-29 14:00:00",8449,14.1,100.8726,1.615,131.9,44.63,26.19,57.22,531.5,22.65,0,26.93,27.98,0.03
"2021-05-29 15:00:00",8450,14.06,100.8321,1.413,130,39.55,25.5,60.07,365,15.24,0,25.68,26.87,0.03
"2021-05-29 16:00:00",8451,13.61,100.8321,1.107,131.5,46.16,24.97,66.82,217.1,8.85,0,23.85,25.73,0.03
"2021-05-29 17:00:00",8452,12.97,100.8167,0.444,153.6,24.62,22.53,79.22,34.4,2.411,0,20.93,22.5,0.03
"2021-05-29 18:00:00",8453,12.95,100.8809,0.114,172.4,9.6,20.21,84.5,0.007,0.045,0,18.27,19.43,0.03
"2021-05-29 19:00:00",8454,12.95,100.9186,0.059,214.2,3.231,18.75,89.1,0,0,0,16.18,16.95,0.03
"2021-05-29 20:00:00",8455,12.92,100.9711,0.006,217.9,0.032,17.12,94.8,0,0,0,15.35,15.91,0.03
"2021-05-29 21:00:00",8456,12.92,100.9548,0.004,217.8,0.001,15.01,98.7,0,0,0,14.17,14.72,0.03
"2021-05-29 22:00:00",8457,12.9,100.9873,0.015,222.2,2.855,14.41,99.3,0,0,0,13.69,13.95,0.03
"2021-05-29 23:00:00",8458,12.89,100.963,0,0,0,14.73,99.9,0,0,0,13.63,13.77,0.03
"2021-05-30 00:00:00",8459,12.87,100.8899,0.009,272.3,3.694,14.41,100,0,0,0,13.33,13.48,0.03
"2021-05-30 01:00:00",8460,12.86,100.8655,0.239,250.5,19.15,15.21,99.9,0,0,0,13.53,14.77,0.03
"2021-05-30 02:00:00",8461,12.85,100.8574,0.224,239.5,17.01,15.46,99.7,0,0,0,15.36,15.54,0.03
"2021-05-30 03:00:00",8462,12.85,100.8737,0.239,227.1,16.21,16.27,97.7,0,0,0,15.82,16.14,0.03
"2021-05-30 04:00:00",8463,12.8,100.8574,0.312,232.3,18.61,16.23,97.7,0,0,0,15.72,15.91,0.03
"2021-05-30 05:00:00",8464,12.81,100.9061,0.164,223.4,18.31,15.83,98.7,0,0,0,14.7,15.39,0.029
"2021-05-30 06:00:00",8465,12.79,100.9224,0.11,241.6,9.7,15.52,99.1,0,0,0,14.51,15.11,0.029
"2021-05-30 07:00:00",8466,12.75,101.0604,0.421,201,23.57,15.72,96.5,12.61,0.511,0,13.79,14.9,0.029
"2021-05-30 08:00:00",8467,12.71,101.174,0.711,197.4,25.98,16.08,93.9,100.2,4.496,0,15.4,16.1,0.029
"2021-05-30 09:00:00",8468,12.71,101.2109,1.082,202.5,37.23,19.35,79.74,306.6,12.25,0,17.2,19.42,0.029
"2021-05-30 10:00:00",8469,12.71,101.2379,1.775,180.4,48.78,22.15,73.43,455.4,18.83,0,21.57,23.03,0.029
"2021-05-30 11:00:00",8470,12.69,101.2622,1.972,168.2,47.27,22.7,71.78,411.3,19.93,0,22.62,23.98,0.03
"2021-05-30 12:00:00",8471,12.7,101.2703,2.604,155.5,49.91,22.93,70.6,330.5,17.04,0,22.44,24.16,0.03
"2021-05-30 13:00:00",8472,12.73,101.2947,2.017,155.7,46.88,21.29,89.4,221.1,12.23,0,20.09,22.33,0.03
"2021-05-30 14:00:00",8473,12.74,101.303,1.069,157.7,48.51,18.89,90.2,104.5,6.458,0.508,18.89,19.51,0.03
"2021-05-30 15:00:00",8474,12.72,101.3174,1.209,166,47.37,19.54,73.52,161.5,8.91,0,18.97,19.76,0.03
"2021-05-30 16:00:00",8475,12.72,101.3762,1.715,169.9,51.08,20.87,67.38,185.4,7.804,0,20.08,20.72,0.03
"2021-05-30 17:00:00",8476,12.74,101.4288,1.709,171.7,49.69,19.98,78.02,52.71,2.166,0,19.35,19.89,0.03
"2021-05-30 18:00:00",8477,12.72,101.4736,1.221,176.8,44.27,18.93,80,0.086,0.01,0,18.3,18.78,0.03
"2021-05-30 19:00:00",8478,12.71,101.5801,1.133,174.9,46,18.34,83.8,0,0,0,17.83,18.1,0.03
"2021-05-30 20:00:00",8479,12.72,101.6233,0.867,190,40.46,17.79,83.4,0,0,0,17.1,17.61,0.03
"2021-05-30 21:00:00",8480,12.7,101.653,0.93,199.3,37.27,16.92,86.9,0,0,0,16.36,16.63,0.03
"2021-05-30 22:00:00",8481,12.66,101.6692,0.705,195.4,32.52,16.25,90,0,0,0,15.78,16.08,0.03
"2021-05-30 23:00:00",8482,12.69,101.6854,1.005,208.1,30.4,16.27,88.5,0,0,0,15.97,16.24,0.029
"2021-05-31 00:00:00",8483,12.7,101.7098,0.815,217.4,28.61,15.68,92.6,0,0,0,15.04,15.83,0.029
"2021-05-31 01:00:00",8484,12.67,101.6854,0.581,208.4,23.93,14.54,94.9,0,0,0,14.33,14.68,0.029
"2021-05-31 02:00:00",8485,12.69,101.6286,0.481,197.8,25.89,13.91,95.6,0,0,0,13.75,13.98,0.029
"2021-05-31 03:00:00",8486,12.72,101.5961,0.423,196.2,20.31,14.27,94.7,0,0,0,14.01,14.37,0.029
"2021-05-31 04:00:00",8487,12.71,101.5555,0.353,207.5,19.73,14.5,93.4,0,0,0,14.3,14.55,0.029
"2021-05-31 05:00:00",8488,12.71,101.5637,0.601,203.5,31.21,14.44,92.6,0,0,0,14.12,14.39,0.029
"2021-05-31 06:00:00",8489,12.71,101.5961,0.27,260.2,37.88,14.04,94.3,0,0,0,13.42,14.13,0.029
"2021-05-31 07:00:00",8490,12.7,101.6286,0.258,206.9,18.83,13.42,92.1,6.64,0.247,0,13.28,13.78,0.029
"2021-05-31 08:00:00",8491,12.66,101.6514,0.72,218.8,30.96,15.86,85.2,112,2.922,0,14.55,16.07,0.029
"2021-05-31 09:00:00",8492,12.72,101.6789,0.571,217.4,28.5,16.85,82.3,135.4,5.985,0,17.2,17.59,0.029
"2021-05-31 10:00:00",8493,12.73,101.6276,0.618,176.3,37.51,19.77,72.48,346.1,15.38,0,18.14,20.89,0.029
"2021-05-31 11:00:00",8494,12.74,101.6193,0.555,74.24,52.16,21.29,65.84,253.2,13.47,0,21.93,22.79,0.029
"2021-05-31 12:00:00",8495,12.75,101.5138,0.848,34.96,30.93,21.89,64.29,254.2,13.99,0,23.12,23.64,0.029
"2021-05-31 13:00:00",8496,12.75,101.4164,1.476,33.93,31.63,22.07,65.25,265.5,14.22,0,23.76,24.09,0.03
"2021-05-31 14:00:00",8497,12.71,101.3028,1.908,34.23,28.57,22.65,63.53,327.8,16.3,0,23.99,25.03,0.03
"2021-05-31 15:00:00",8498,12.76,101.319,2.079,26.38,27.28,21.81,74.88,129.5,7.052,0,21.98,23.03,0.03
"2021-05-31 16:00:00",8499,12.75,101.2867,1.731,26.94,27.42,20.98,71.01,108.7,4.535,0,21.31,21.69,0.03
"2021-05-31 17:00:00",8500,12.75,101.2889,1.452,24,24.46,20.38,80.9,28.31,1.813,0,19.76,20.62,0.029
"2021-05-31 18:00:00",8501,12.73,101.295,0.997,23.64,19.31,18.97,86.1,0.031,0.037,0,17.97,18.91,0.03
"2021-05-31 19:00:00",8502,12.74,101.3034,0.072,7.544,10.29,17.43,92.8,0,0,0,15.58,16.68,0.03
"2021-05-31 20:00:00",8503,12.72,101.312,0,0,0,16.64,94.9,0,0,0,15.01,15.35,0.029
"2021-05-31 21:00:00",8504,12.7,101.312,0.001,278.3,0,15.93,96.8,0,0,0,14.68,14.8,0.029
"2021-05-31 22:00:00",8505,12.71,101.2308,0,0,0,15.81,97.4,0,0,0,14.23,14.45,0.029
"2021-05-31 23:00:00",8506,12.71,101.2146,0.087,301.6,8.19,15.95,95.6,0,0,0,14.35,14.82,0.029
"2021-06-01 00:00:00",8507,12.67,101.1253,0.138,321.3,19.91,16.4,96.6,0.013,0,0.254,15.49,15.99,0.029
"2021-06-01 01:00:00",8508,12.69,101.0844,0.526,317.6,27.62,16.73,98.1,0,0,0.254,15.84,16.41,0.029
"2021-06-01 02:00:00",8509,12.7,101.0279,0.191,320.8,11.49,16.61,98.1,0,0,0,14.96,15.87,0.029
"2021-06-01 03:00:00",8510,12.66,101.0117,0.049,296.9,6.921,15.92,99.4,0,0,0,14.81,15.07,0.029
"2021-06-01 04:00:00",8511,12.65,101.0117,0.796,281.9,33.35,16.03,98.6,0,0,0,15.19,15.85,0.029
"2021-06-01 05:00:00",8512,12.7,101.0117,0.473,275.1,32.04,16.34,98.2,0,0,0.254,16.06,16.22,0.029
"2021-06-01 06:00:00",8513,12.69,101.0684,0.454,229.8,31.31,16.52,99.2,0,0,0.254,16.35,16.56,0.029
"2021-06-01 07:00:00",8514,12.69,101.1413,0.445,255.9,42.52,16.2,99.3,0.178,0.058,11.94,16.04,16.4,0.029
"2021-06-01 08:00:00",8515,12.65,101.1578,0.052,311.7,8.53,15.55,99.9,8.2,0.793,0.508,16.04,16.09,0.066
"2021-06-01 09:00:00",8516,12.69,101.1152,0.215,295.9,19.82,16.17,94.9,151.5,6.53,0,16.06,16.92,0.086
"2021-06-01 10:00:00",8517,12.69,101.1768,0.236,7.164,19.62,18.88,90.2,192.1,8.79,0,18.57,18.99,0.088
"2021-06-01 11:00:00",8518,12.69,101.1022,0.034,288.1,7.489,18.75,89.6,152,8.03,0,18.49,19.14,0.087
"2021-06-01 12:00:00",8519,12.66,101.0765,0.202,80.9,25.9,19.68,91.4,135.3,7.534,0,19.7,20.19,0.086
"2021-06-01 13:00:00",8520,12.69,101.0097,0.251,195.5,50.98,18.25,92.4,109.8,6.243,5.334,18.07,18.78,0.085
"2021-06-01 14:00:00",8521,12.69,100.9476,0.396,101.9,34.53,19.6,87.2,303.2,14.21,0,19.25,20.15,0.099
"2021-06-01 15:00:00",8522,12.66,100.9214,0.571,191.2,36.63,20.55,85.4,296.8,12.91,0,20.18,21.18,0.095
"2021-06-01 16:00:00",8523,12.69,100.9798,0.245,199.5,19.59,19.51,92.6,116.5,6.629,0,19.28,20.1,0.092
"2021-06-01 17:00:00",8524,12.67,101.011,0.591,206.7,25.56,17.82,94.3,3.629,0.481,0,17.87,18.38,0.09
"2021-06-01 18:00:00",8525,12.68,101.0051,0.735,207,31.06,17.11,91.9,0,0.004,0,17.15,17.46,0.089
"2021-06-01 19:00:00",8526,12.68,101.1956,1.701,211.3,43.25,16.55,96.9,0,0,0.508,16.45,16.78,0.088
"2021-06-01 20:00:00",8527,12.64,101.1984,1.578,193.8,48.35,15.7,97.1,0.001,0,2.032,15.75,16.1,0.087
"2021-06-01 21:00:00",8528,12.66,101.2146,1.035,168.3,44.26,15.11,97.1,0,0,2.286,14.93,15.51,0.091
"2021-06-01 22:00:00",8529,12.61,101.1821,1.353,192.8,46.3,14.03,95.1,0.273,0,0,14.14,14.41,0.098
"2021-06-01 23:00:00",8530,12.63,101.1821,0.951,186.7,43.79,13.77,96.3,0.163,0,0.508,14,14.15,0.095
"2021-06-02 00:00:00",8531,12.6,101.0928,0.843,179.3,42.19,13.5,95,0.12,0,0.254,13.72,13.91,0.093
"2021-06-02 01:00:00",8532,12.59,101.1253,0.533,199.2,31,13.27,94.8,0.343,0,0,13.51,13.64,0.093
"2021-06-02 02:00:00",8533,12.63,101.0847,0.278,205.3,18.71,12.96,94.2,0.054,0,0,13.13,13.39,0.091
"2021-06-02 03:00:00",8534,12.63,101.0604,0.234,211.5,15.94,12.76,92.2,0.099,0,0,12.83,13.07,0.09
"2021-06-02 04:00:00",8535,12.6,101.0852,0.091,223.5,11,12.11,94.8,0,0,0,12.04,12.32,0.088
"2021-06-02 05:00:00",8536,12.62,101.1263,0.205,238.8,18.38,12.11,93,0.1,0,0,12.02,12.32,0.087
"2021-06-02 06:00:00",8537,12.59,101.1903,0.046,235,6.565,12.41,93.1,0.002,0,0,12.73,12.89,0.086
"2021-06-02 07:00:00",8538,12.61,101.2309,0.316,231.3,19.75,12.51,87.1,2.855,0.488,0,12.28,12.51,0.085
"2021-06-02 08:00:00",8539,12.61,101.2796,0.358,234.6,22.48,13.97,79.42,108.7,4.878,0,12.37,13.61,0.085
"2021-06-02 09:00:00",8540,12.58,101.3119,0.715,227.2,33.84,17.42,72,285.4,11.87,0,15.59,17.22,0.084
"2021-06-02 10:00:00",8541,12.62,101.3272,1.063,194.7,37.38,19.64,62.79,414.7,18.53,0,18.78,19.88,0.083
"2021-06-02 11:00:00",8542,12.64,101.2622,0.825,194.1,33.04,19.94,65.72,310.2,15.63,0,19.91,20.49,0.083
"2021-06-02 12:00:00",8543,12.64,101.2135,0.731,183.8,39.34,20.51,66.36,346.5,18.66,0,20.56,21.23,0.082
"2021-06-02 13:00:00",8544,12.58,101.1324,1.039,166.5,43.2,22.16,61.94,527.4,25.08,0,21.93,23.14,0.082
"2021-06-02 14:00:00",8545,12.61,101.0675,1.063,148.5,42.68,22.83,60.73,484.2,22.09,0,23.1,23.79,0.081
"2021-06-02 15:00:00",8546,12.6,101.0837,1.048,135.2,32.9,22.26,62.58,314.4,14.84,0,21.73,22.81,0.081
"2021-06-02 16:00:00",8547,12.6,101.1486,1.136,142.4,38.16,21.7,67.21,230.8,9.23,0,20.32,21.72,0.08
"2021-06-02 17:00:00",8548,12.6,101.1791,0.291,155,16.81,19.19,84.2,31.23,2.361,0,17.07,18.81,0.079
"2021-06-02 18:00:00",8549,12.6,101.2144,0.025,211.7,4.55,15.98,92.2,0,0.04,0,14.91,15.79,0.079
"2021-06-02 19:00:00",8550,12.61,101.239,0.014,184.8,5.1,14.84,93.6,0,0,0,13.97,14.43,0.078
"2021-06-02 20:00:00",8551,12.61,101.2795,0.2,208.6,12.45,14.88,90.2,0,0,0,13.71,14.07,0.077
"2021-06-02 21:00:00",8552,12.6,101.3201,0.593,215,20.26,15.29,89.2,0,0,0,13.93,14.3,0.077
"2021-06-02 22:00:00",8553,12.6,101.3364,1.078,213.3,30.56,14.39,92.7,0,0,0,14.03,14.24,0.077
"2021-06-02 23:00:00",8554,12.59,101.3282,0.839,199.9,31.26,13.84,95.3,0,0,0,13.64,13.88,0.077
"2021-06-03 00:00:00",8555,12.59,101.3201,0.735,206.3,25.43,13.58,95.8,0,0,0,13.41,13.65,0.076
"2021-06-03 01:00:00",8556,12.54,101.239,0.929,222.1,27.25,13.25,94.9,0,0,0,13.26,13.34,0.076
"2021-06-03 02:00:00",8557,12.58,101.2308,0.878,215.9,31.47,13.56,94.8,0,0,0,13.27,13.51,0.076
"2021-06-03 03:00:00",8558,12.57,101.2065,0.357,186.5,26.24,13.12,96,0,0,0,13.06,13.2,0.075
"2021-06-03 04:00:00",8559,12.56,101.239,0.557,205.2,25.39,12.98,95,0,0,0,12.82,12.96,0.075
"2021-06-03 05:00:00",8560,12.56,101.2552,0.356,213.1,22.26,12.79,95.7,0,0,0,12.34,12.78,0.075
"2021-06-03 06:00:00",8561,12.54,101.3689,0.332,216,21.77,12.01,95.8,0,0,0,11.94,12.14,0.075
"2021-06-03 07:00:00",8562,12.55,101.4271,0.461,217.3,27.34,12.01,94.6,3.22,0.474,0,11.72,11.95,0.074
"2021-06-03 08:00:00",8563,12.55,101.4906,1.527,208.1,42.55,14.85,84.3,119.7,4.981,0,12.71,14.5,0.074
"2021-06-03 09:00:00",8564,12.55,101.5061,2.397,194.5,45.26,17.96,75.74,314.8,12.94,0,16.38,17.86,0.074
"2021-06-03 10:00:00",8565,12.57,101.5301,2.67,183.4,47.81,20.25,69.28,475.5,20.97,0,19.45,20.72,0.074
"2021-06-03 11:00:00",8566,12.58,101.5544,2.954,188.1,49.93,20.36,73.55,594.7,26.9,0,20.69,21.49,0.074
"2021-06-03 12:00:00",8567,12.58,101.4651,3.196,189.9,49.1,19.38,69.63,395.8,21.06,0,19.28,20.29,0.074
"2021-06-03 13:00:00",8568,12.55,101.4326,2.669,188.4,49.74,20.98,72.69,517.5,25.02,0,21.07,22.29,0.074
"2021-06-03 14:00:00",8569,12.58,101.4326,2.73,199.8,51.94,19.69,81.9,237.1,13.12,0,19.14,20.53,0.073
"2021-06-03 15:00:00",8570,12.54,101.4579,2.554,194.9,48.38,17.24,94.9,115.9,6.852,0.762,16.93,17.74,0.073
"2021-06-03 16:00:00",8571,12.57,101.5542,2.626,195.7,48.66,16.38,95,73.63,4.182,0,16.24,16.76,0.073
"2021-06-03 17:00:00",8572,12.55,101.6367,2.687,192.1,47.61,15.47,96.4,37.98,1.764,0.508,15.51,15.83,0.073
"2021-06-03 18:00:00",8573,12.55,101.6854,2.618,197.4,48.05,14.95,97.7,0.064,0.017,1.016,15.04,15.27,0.073
"2021-06-03 19:00:00",8574,12.55,101.7422,2.606,188.5,50.94,14.55,97.5,0,0,0.508,14.7,14.84,0.073
"2021-06-03 20:00:00",8575,12.52,101.791,2.401,192.8,49.19,14.37,97.3,0.01,0,0.762,14.59,14.65,0.075
"2021-06-03 21:00:00",8576,12.5,101.7666,2.272,196.1,47.18,14.18,96.5,0,0,0.508,14.34,14.41,0.078
"2021-06-03 22:00:00",8577,12.53,101.7747,2.379,198,49.53,14.2,93.6,0.048,0,0.254,14.23,14.27,0.081
"2021-06-03 23:00:00",8578,12.53,101.7991,2.462,195.3,47.22,14.45,90.4,0.22,0,0,14.26,14.34,0.082
"2021-06-04 00:00:00",8579,12.52,101.8478,2.767,194.6,51.17,14.58,88.1,0,0,0,14.4,14.44,0.082
"2021-06-04 01:00:00",8580,12.52,101.8072,2.746,191.5,51.95,14.53,85.9,0,0,0,14.26,14.4,0.082
"2021-06-04 02:00:00",8581,12.52,101.8234,2.444,186.3,49,14.58,82.9,0,0,0,14.29,14.4,0.081
"2021-06-04 03:00:00",8582,12.51,101.8072,2.443,190,49.98,14.61,82.9,0,0,0,14.39,14.46,0.081
"2021-06-04 04:00:00",8583,12.5,101.864,2.389,193.1,46.94,14.08,82.9,0,0,0,13.79,13.96,0.081
"2021-06-04 05:00:00",8584,12.49,101.8315,2.591,191.6,48.8,14.46,80,0,0,0,14.1,14.3,0.08
"2021-06-04 06:00:00",8585,12.5,101.8965,2.38,198.6,47.27,14.44,78.75,0,0,0,14.21,14.29,0.08
"2021-06-04 07:00:00",8586,12.45,101.8884,2.37,197,48.85,14.33,80.8,4.24,0.329,0,14.12,14.19,0.08
"2021-06-04 08:00:00",8587,12.44,101.9858,2.504,198.5,49.24,14.53,78.26,46.63,2.982,0,14.22,14.42,0.079
"2021-06-04 09:00:00",8588,12.5,102.0588,2.364,199,49.7,15.3,77.7,113,6.323,0,14.92,15.37,0.079
"2021-06-04 10:00:00",8589,12.45,102.0887,2.382,197,42.59,16.08,75.62,195,10.61,0,15.64,16.38,0.079
"2021-06-04 11:00:00",8590,12.5,102.0581,2.843,193,46.87,17.57,70.51,434.8,20.81,0,16.91,18.2,0.078
"2021-06-04 12:00:00",8591,12.49,101.9682,2.754,186.8,46.63,19.57,63.3,633.7,28.75,0,19.51,20.75,0.078
"2021-06-04 13:00:00",8592,12.51,101.93,2.736,200.8,44.46,17.93,77,285,15.66,0,17.72,18.86,0.078
"2021-06-04 14:00:00",8593,12.49,101.8912,2.477,198.8,47.15,18.07,71.56,299.2,15.72,0,17.76,18.85,0.077
"2021-06-04 15:00:00",8594,12.45,101.8558,2.143,186.5,54.36,18.82,70.74,279.1,13.28,0,18.6,19.5,0.077
"2021-06-04 16:00:00",8595,12.44,101.8794,2.121,187.1,45.18,19.07,70.2,233.5,9.33,0,18.75,19.33,0.077
"2021-06-04 17:00:00",8596,12.45,101.9357,1.686,193.6,43.98,17.68,77.83,32.95,2.059,0,16.8,17.58,0.076
"2021-06-04 18:00:00",8597,12.45,101.9927,1.522,201.3,41.64,16.29,82.2,0.045,0.036,0,15.77,16.2,0.076
"2021-06-04 19:00:00",8598,12.45,102.0588,1.024,190.8,39.41,15.51,86.1,0,0,0,14.8,15.51,0.075
"2021-06-04 20:00:00",8599,12.44,102.1238,1.084,201.8,38.53,15.26,84.7,0,0,0,14.76,15.18,0.075
"2021-06-04 21:00:00",8600,12.47,102.1157,1.336,200.2,39.62,14.52,86.4,0,0,0,14,14.3,0.075
"2021-06-04 22:00:00",8601,12.43,102.14,1.398,196.7,41.87,14.57,84.2,0,0,0,14.1,14.23,0.075
"2021-06-04 23:00:00",8602,12.46,102.1319,1.262,206.4,39.94,14.23,86.8,0,0,0,13.41,13.89,0.075
"2021-06-05 00:00:00",8603,12.45,102.0832,1.061,207.5,33.84,13.02,91.9,0,0,0,12.63,12.89,0.074
"2021-06-05 01:00:00",8604,12.44,102.067,0.756,206.2,27.89,12.73,94.3,0,0,0,12.29,12.6,0.074
"2021-06-05 02:00:00",8605,12.41,102.0751,0.28,209.9,19.34,12.22,96,0,0,0,11.7,11.99,0.074
"2021-06-05 03:00:00",8606,12.43,102.0693,0.139,219.4,12.46,11.54,97.9,0,0,0,10.99,11.4,0.074
"2021-06-05 04:00:00",8607,12.43,102.0717,0.57,206,25.64,11.57,97.3,0,0,0,11.02,11.52,0.074
"2021-06-05 05:00:00",8608,12.42,102.0928,1.039,215.2,31.72,12.14,95.2,0,0,0,11.74,12.01,0.073
"2021-06-05 06:00:00",8609,12.39,102.1563,0.935,213.2,34.8,12.47,94.2,0,0,0,12.11,12.23,0.073
"2021-06-05 07:00:00",8610,12.39,102.205,0.886,222.9,33.04,12.65,90.5,4.093,0.462,0,12.19,12.29,0.073
"2021-06-05 08:00:00",8611,12.38,102.2618,0.889,204.5,32.99,13.67,87.1,51.81,2.97,0,12.53,13.34,0.073
"2021-06-05 09:00:00",8612,12.42,102.3267,1.235,204,36.3,15.94,73.09,236.6,10.72,0,14.29,15.87,0.073
"2021-06-05 10:00:00",8613,12.38,102.3418,1.665,184.5,49.05,19.28,68.27,469.1,20.54,0,18.03,19.77,0.073
"2021-06-05 11:00:00",8614,12.43,102.3091,1.86,184.7,49.58,21.35,61.09,577.8,26.37,0,21.43,22.17,0.073
"2021-06-05 12:00:00",8615,12.44,102.2523,2.027,163.8,49.08,22.4,57.18,636.7,29.48,0,22.84,23.47,0.072
"2021-06-05 13:00:00",8616,12.44,102.1792,1.812,168.2,49.59,22.64,58.65,547.9,26.28,0,22.27,23.8,0.072
"2021-06-05 14:00:00",8617,12.45,102.163,1.86,160.8,49.15,22.48,57.97,448.7,21.52,0,22.44,23.48,0.072
"2021-06-05 15:00:00",8618,12.42,102.1711,1.675,166.4,46.94,22.47,59.48,381.7,17.29,0,22.17,23.21,0.072
"2021-06-05 16:00:00",8619,12.4,102.1955,1.17,159.5,46.2,21.86,63.21,217.1,9.3,0,20.81,22.07,0.072
"2021-06-05 17:00:00",8620,12.41,102.2198,0.649,177.5,40.38,20.1,74.56,42.21,2.266,0,18.71,19.78,0.071
"2021-06-05 18:00:00",8621,12.43,102.2632,0.265,206.2,18.35,17.47,82.3,0.001,0.04,0,15.93,16.9,0.071
"2021-06-05 19:00:00",8622,12.42,102.2861,0.362,201.5,19.73,16.17,88.7,0,0,0,15.14,15.57,0.071
"2021-06-05 20:00:00",8623,12.37,102.3186,0.421,198,23.48,15.68,89.1,0,0,0,15.16,15.31,0.071
"2021-06-05 21:00:00",8624,12.41,102.343,0.467,199.7,26.22,15.64,89.2,0,0,0,15.21,15.55,0.071
"2021-06-05 22:00:00",8625,12.36,102.3673,0.972,196.6,36.55,16.07,97.9,0,0,0,15.87,16.18,0.071
"2021-06-05 23:00:00",8626,12.39,102.3754,1.01,198.8,36.07,15.95,99.6,0,0,3.556,16.17,16.25,0.071
"2021-06-06 00:00:00",8627,12.39,102.3511,1.047,209.8,29.06,15.95,99.9,0,0,3.556,16.15,16.24,0.071
"2021-06-06 01:00:00",8628,12.39,102.343,0.72,213.8,30.52,15.81,100,0,0,0.762,16.04,16.12,0.09
"2021-06-06 02:00:00",8629,12.36,102.3185,1.092,206,30.39,15.69,100,0,0,2.794,15.95,16,0.095
"2021-06-06 03:00:00",8630,12.39,102.2861,0.995,199.5,35.08,15.63,100,0,0,0.254,15.83,15.91,0.097
"2021-06-06 04:00:00",8631,12.38,102.2861,0.774,199.9,30.4,15.52,100,0,0,0,15.62,15.81,0.099
"2021-06-06 05:00:00",8632,12.38,102.2943,0.818,207.9,28.23,15.12,100,0,0,0,15.17,15.35,0.096
"2021-06-06 06:00:00",8633,12.32,102.3511,0.948,205.4,29.98,14.6,100,0,0,0,14.51,14.84,0.094
"2021-06-06 07:00:00",8634,12.32,102.4079,1.138,205.3,31.92,14.15,100,8.01,0.434,0,14.34,14.4,0.092
"2021-06-06 08:00:00",8635,12.36,102.4485,1.122,197.3,34.57,14.86,97.9,100.4,4.654,0,14.37,14.97,0.09
"2021-06-06 09:00:00",8636,12.34,102.4961,1.119,190.8,39.76,17.28,90,312.6,12.56,0,15.81,17.37,0.09
"2021-06-06 10:00:00",8637,12.31,102.4876,1.209,183.4,44.9,19.8,80.6,452,20.25,0,18.72,20.04,0.088
"2021-06-06 11:00:00",8638,12.32,102.4957,1.135,182.5,47.06,21.37,75.29,471.7,23.17,0,21.14,21.9,0.088
"2021-06-06 12:00:00",8639,12.33,102.3902,1.016,136.4,43.2,22.27,73.09,459,21.97,0,21.54,23.13,0.087
"2021-06-06 13:00:00",8640,12.33,102.3659,1.149,127.2,41.16,22.5,57.01,532.6,25.66,0,21.85,23.28,0.085
"2021-06-06 14:00:00",8641,12.33,102.3091,1.417,110.9,42.11,22.86,56.72,500.4,23.29,0,22.71,23.81,0.085
"2021-06-06 15:00:00",8642,12.34,102.2928,1.358,105,44.55,22.79,55.5,427.8,17.77,0,22.4,23.64,0.083
"2021-06-06 16:00:00",8643,12.35,102.2847,0.783,126.3,35.33,21.83,58.38,198.6,9.01,0,20.19,21.77,0.083
"2021-06-06 17:00:00",8644,12.36,102.3048,0.015,161.7,2.656,19.09,81.3,30.61,2.449,0,16.4,18.05,0.082
"2021-06-06 18:00:00",8645,12.32,102.351,0.008,213,1.565,15.52,85.4,0,0.041,0,14.21,15.04,0.081
"2021-06-06 19:00:00",8646,12.3,102.3836,0.011,192.1,12.48,14.83,91.4,0,0,0,13.72,13.94,0.081
"2021-06-06 20:00:00",8647,12.34,102.4079,0.078,202.8,28.83,15.25,83.2,0.175,0,0,14,15.02,0.08
"2021-06-06 21:00:00",8648,12.33,102.4404,0.117,353,18.79,16.63,84.4,0,0,0,15.71,16.05,0.079
"2021-06-06 22:00:00",8649,12.33,102.416,0.126,229.8,7.418,16.84,84.1,0,0,0,15.91,16.12,0.079
"2021-06-06 23:00:00",8650,12.33,102.4404,0.143,356,37.73,16.4,87.7,0,0,0,15.81,15.98,0.079
"2021-06-07 00:00:00",8651,12.32,102.3836,0.188,245.9,30.67,15.58,94,0,0,0,14.84,15.7,0.078
"2021-06-07 01:00:00",8652,12.27,102.3754,0.054,161.2,17.72,15.07,95.9,0,0,0,14.69,15.11,0.078
"2021-06-07 02:00:00",8653,12.29,102.3186,0.404,193.2,33.55,15.78,94.8,0.004,0,0,15.28,15.72,0.078
"2021-06-07 03:00:00",8654,12.28,102.2618,0.091,197.4,8.29,15.31,93.7,0,0,0,14.84,15.28,0.077
"2021-06-07 04:00:00",8655,12.23,102.278,0.445,280.1,53.82,14.68,95.4,0.127,0,0,14.24,14.78,0.077
"2021-06-07 05:00:00",8656,12.26,102.2861,0.787,307,45.83,14.67,98.2,0,0,0.254,14.96,15.12,0.077
"2021-06-07 06:00:00",8657,12.27,102.2537,0.562,271.6,40.38,13.77,99.2,0,0,0.254,14.26,14.55,0.077
"2021-06-07 07:00:00",8658,12.26,102.2618,0.634,233.2,31.69,13.74,97.5,7.103,0.406,0,14.23,14.29,0.077
"2021-06-07 08:00:00",8659,12.25,102.3105,0.384,228,25.52,14.46,95.4,66.62,4.479,0,14.41,14.67,0.077
"2021-06-07 09:00:00",8660,12.29,102.3687,0.356,154.5,36.85,16.81,90.1,209,9.86,0,15.88,17.22,0.077
"2021-06-07 10:00:00",8661,12.25,102.3659,0.673,212,41.47,19.67,73.8,376,17.55,0,18.18,20.02,0.077
"2021-06-07 11:00:00",8662,12.3,102.2928,0.696,212.7,65.95,22.78,61.03,589,27.02,0,21.48,23.14,0.077
"2021-06-07 12:00:00",8663,12.3,102.1711,1.154,25.16,60,23.54,54.92,559.6,26.79,0,24.08,25.09,0.077
"2021-06-07 13:00:00",8664,12.26,102.0737,1.439,15.54,29.16,23.47,59.08,521.6,25.42,0,24.54,26.61,0.077
"2021-06-07 14:00:00",8665,12.31,102.0331,1.879,54.93,29.92,23.87,58.67,534.2,23.73,0,24.52,25.95,0.077
"2021-06-07 15:00:00",8666,12.31,102.0169,2.214,77.9,24.37,22.63,69.11,333.9,15.12,0,22.69,23.74,0.076
"2021-06-07 16:00:00",8667,12.3,102.0007,1.306,67.56,19.2,21.43,71.32,121.9,8.02,0,20.91,21.82,0.076
"2021-06-07 17:00:00",8668,12.3,102.035,0.599,65.02,15.04,20.33,85.2,28.77,2.45,0,17.99,19.73,0.075
"2021-06-07 18:00:00",8669,12.27,102.0906,0.002,76.83,0.059,16.76,96.1,0,0.04,0,15.58,16.49,0.075
"2021-06-07 19:00:00",8670,12.27,102.1238,0.003,203,6.708,14.94,98.8,0,0,0,14.68,15.15,0.075
"2021-06-07 20:00:00",8671,12.27,102.1563,0,0,0,15.08,97.1,0,0,0,14.6,14.81,0.074
"2021-06-07 21:00:00",8672,12.26,102.1563,0,0,0,15.13,96.9,0,0,0,14.21,14.35,0.074
"2021-06-07 22:00:00",8673,12.25,102.14,0.027,275,4.089,14.87,95.9,0,0,0,13.93,14.14,0.074
"2021-06-07 23:00:00",8674,12.25,102.1481,0.048,275.7,5.356,14.81,96.8,0,0,0,13.72,14.06,0.074
"2021-06-08 00:00:00",8675,12.24,102.0832,0.119,257.8,15.86,14.96,96,0,0,0,13.99,14.28,0.073
"2021-06-08 01:00:00",8676,12.2,102.067,0.224,239.7,16.67,14.39,97.1,0,0,0,13.76,13.99,0.073
"2021-06-08 02:00:00",8677,12.19,102.067,0.295,243.4,19.8,14.23,97.8,0,0,0,14.01,14.13,0.073
"2021-06-08 03:00:00",8678,12.22,102.0264,0.094,239.7,12,13.86,97.2,0,0,0,13.03,13.77,0.073
"2021-06-08 04:00:00",8679,12.2,101.9533,0.007,74.65,0.052,12.43,99.4,0,0,0,11.99,12.44,0.073
"2021-06-08 05:00:00",8680,12.18,101.9458,0.017,234.5,3.805,11.92,100,0,0,0,11.59,11.95,0.072
"2021-06-08 06:00:00",8681,12.18,102.0027,0,0,0,11.73,99.8,0,0,0,11.46,11.87,0.072
"2021-06-08 07:00:00",8682,12.2,102.0401,0.008,260.3,4.662,11.37,100,3.94,0.426,0,11.14,11.46,0.072
"2021-06-08 08:00:00",8683,12.16,102.0913,0.068,243.2,13.56,13.34,100,46.52,4.361,0,12.36,13.31,0.072
"2021-06-08 09:00:00",8684,12.17,102.1686,0.38,306.8,25.44,17.11,82.2,251.6,11.72,0,14.79,16.95,0.072
"2021-06-08 10:00:00",8685,12.21,102.1387,1.007,310.1,39.43,21,70.74,491.4,21.38,0,18.95,21.27,0.071
"2021-06-08 11:00:00",8686,12.21,102.0737,1.013,344.3,40.27,23.01,64.43,576.4,26.64,0,23.08,24.72,0.071
"2021-06-08 12:00:00",8687,12.23,101.9845,1.407,10.63,32.66,23.69,63.73,573,24.5,0,25.82,26.4,0.071
"2021-06-08 13:00:00",8688,12.24,101.8871,1.314,18.33,34.09,23.68,61.88,432,18.85,0,25.09,26.38,0.071
"2021-06-08 14:00:00",8689,12.23,101.8222,1.369,32.04,30.1,23.36,63.79,259.9,13.56,0,23.83,25,0.071
"2021-06-08 15:00:00",8690,12.22,101.8222,1.906,35.71,27.18,23.73,59.88,333.8,14.15,0,23.84,25.16,0.071
"2021-06-08 16:00:00",8691,12.15,101.8222,1.844,33.28,27.47,22.52,66.1,180.6,8.32,0,22.22,23.51,0.071
"2021-06-08 17:00:00",8692,12.19,101.8384,1.082,26.61,20.35,21.44,78,45.91,2.35,0,20.14,21.26,0.07
"2021-06-08 18:00:00",8693,12.16,101.8831,0.117,22.01,6.002,19.47,87.4,0.202,0.037,0,18.12,19.15,0.07
"2021-06-08 19:00:00",8694,12.19,101.9064,0.059,29.91,7.033,18,91.5,0,0,0,16.28,17.42,0.07
"2021-06-08 20:00:00",8695,12.2,101.9614,0,0,0,16.8,93.9,0,0,0,15.32,15.78,0.07
"2021-06-08 21:00:00",8696,12.19,101.9858,0,0,0,16,98.2,0,0,0,14.93,15.04,0.07
"2021-06-08 22:00:00",8697,12.18,101.9452,0,0,0,15.75,99.4,0,0,0,14.3,14.61,0.07
"2021-06-08 23:00:00",8698,12.12,101.929,0,0,0,15.44,99.7,0,0,0,14.05,14.17,0.07
"2021-06-09 00:00:00",8699,12.17,101.8884,0.025,259.3,5.506,15.3,100,0,0,0,13.9,14.04,0.07
"2021-06-09 01:00:00",8700,12.11,101.8721,0.342,248.4,19.74,15.12,100,0,0,0,14.12,14.81,0.069
"2021-06-09 02:00:00",8701,12.11,101.8315,0.169,230.4,14.36,14.94,99.8,0,0,0,14.81,14.92,0.069
"2021-06-09 03:00:00",8702,12.1,101.791,0.264,229.6,17.76,14.89,99.6,0,0,0,14.77,14.82,0.069
"2021-06-09 04:00:00",8703,12.12,101.8072,0.399,216.2,23.89,15.13,98.1,0,0,0,14.85,15.01,0.069
"2021-06-09 05:00:00",8704,12.1,101.7666,0.294,211.9,21.82,14.53,99.2,0,0,0,13.56,14.35,0.069
"2021-06-09 06:00:00",8705,12.1,101.791,0.311,200.2,22.74,14.71,97.2,0,0,0,14.01,14.31,0.069
"2021-06-09 07:00:00",8706,12.11,101.8234,0.454,210.8,24.12,14.92,94.4,2.142,0.412,0,14.16,14.5,0.069
"2021-06-09 08:00:00",8707,12.12,101.8884,0.257,211.9,22.62,16.17,84.1,86.4,4.628,0,14.76,15.43,0.068
"2021-06-09 09:00:00",8708,12.13,101.9546,0.689,181.2,33.47,19.27,85.5,234.5,11.88,0,17.33,18.57,0.068
"2021-06-09 10:00:00",8709,12.14,101.9763,1.079,167.8,36.44,20.25,78.46,352.4,17.68,0,18.68,20.43,0.068
"2021-06-09 11:00:00",8710,12.09,101.9358,1.05,143.1,39.39,22,77.72,415.1,21.48,0,21.27,22.52,0.068
"2021-06-09 12:00:00",8711,12.13,101.814,1.262,114.4,43.47,22.65,71.89,447.2,23.51,0,23,23.7,0.068
"2021-06-09 13:00:00",8712,12.16,101.7167,0.678,127.1,49.46,22.97,72.29,323.1,18.99,0,23.44,24.11,0.068
"2021-06-09 14:00:00",8713,12.16,101.6436,0.954,128.6,45.76,23.81,70.87,399.9,20.39,0,23.7,24.63,0.068
"2021-06-09 15:00:00",8714,12.11,101.6193,0.643,135.9,31.19,22.59,68.21,216.5,12.5,0,22.41,22.99,0.068
"2021-06-09 16:00:00",8715,12.1,101.668,1.001,123,38.8,22.61,77,196.6,8.43,0,22.06,22.97,0.068
"2021-06-09 17:00:00",8716,12.15,101.6928,0.89,118.2,37.39,20.8,92.5,23.82,1.887,0,19.66,20.85,0.068
"2021-06-09 18:00:00",8717,12.08,101.7495,1.028,86.2,24.04,18.76,89,0,0.04,0,18.3,18.72,0.068
"2021-06-09 19:00:00",8718,12.13,101.8145,1.817,82.4,25.06,19.02,90.2,0,0,0,18.23,18.68,0.067
"2021-06-09 20:00:00",8719,12.12,101.8548,2.153,66.04,23.76,18.69,96.3,0,0,0,18.44,18.66,0.067
"2021-06-09 21:00:00",8720,12.11,101.7903,1.456,70.96,24.62,17.95,94,0,0,0.254,17.7,18.05,0.067
"2021-06-09 22:00:00",8721,12.11,101.7884,0.281,72.2,28.36,17.28,95.5,0,0,0,16.11,17.11,0.067
"2021-06-09 23:00:00",8722,12.11,101.7585,0.301,229.3,11.8,16.5,97.7,0,0,0,16.08,16.45,0.067
"2021-06-10 00:00:00",8723,12.1,101.726,0.142,232.7,14.87,16.07,98.7,0,0,0,15.84,16.15,0.067
"2021-06-10 01:00:00",8724,12.1,101.6854,0.446,244.1,26.09,15.74,99.5,0,0,0,15.77,15.9,0.067
"2021-06-10 02:00:00",8725,12.06,101.6935,0.555,198.3,22.26,15.48,99.9,0,0,0,15.48,15.66,0.067
"2021-06-10 03:00:00",8726,12.09,101.6448,0.879,211.5,29.41,15.3,100,0,0,0,15.32,15.5,0.067
"2021-06-10 04:00:00",8727,12.06,101.6286,0.848,202.4,28.52,15.34,99.9,0,0,0,15.27,15.51,0.066
"2021-06-10 05:00:00",8728,12.08,101.6286,0.656,192.2,31.94,15.36,99.5,0,0,0,15.37,15.51,0.066
"2021-06-10 06:00:00",8729,12.04,101.7179,0.668,199.7,32.68,15.72,99.6,0,0,0.762,15.72,15.96,0.066
"2021-06-10 07:00:00",8730,12.07,101.7504,0.423,191.9,29.67,15.87,99.6,1.664,0.254,0,16.02,16.08,0.066
"2021-06-10 08:00:00",8731,12.04,101.7584,0.29,273.1,33.49,16.05,99.6,18.73,1.757,1.016,16.21,16.32,0.066
"2021-06-10 09:00:00",8732,12.07,101.8133,0.353,184.4,30.92,16.46,99.1,94.9,7.726,0.254,16.45,16.78,0.066
"2021-06-10 10:00:00",8733,12.07,101.8014,0.502,166,30.69,18.47,92.7,274.8,15.7,0,17.21,18.6,0.066
"2021-06-10 11:00:00",8734,12.07,101.7167,0.881,176.9,40.01,20.5,79.32,395.9,21.09,0,19.41,20.49,0.067
"2021-06-10 12:00:00",8735,12.08,101.6599,1.168,150.8,39.2,22.83,80.7,502.9,25.09,0,21.57,23.28,0.067
"2021-06-10 13:00:00",8736,12.04,101.5463,1.585,140.3,36.01,22.93,72.9,585.8,27.56,0.254,22.44,23.97,0.068
"2021-06-10 14:00:00",8737,12.03,101.5219,1.447,142.2,40.78,23.26,69.49,533.3,24.78,0,23.68,24.32,0.069
"2021-06-10 15:00:00",8738,12.02,101.5133,1.614,130.3,41.46,22.99,70.35,397.3,17.37,0,23.16,23.98,0.069
"2021-06-10 16:00:00",8739,12.04,101.5381,1.344,116.7,45.61,22.91,70.31,292.7,10.02,0,22.73,23.3,0.069
"2021-06-10 17:00:00",8740,12.04,101.5381,1.166,104.8,35.94,20.31,91.5,60.61,2.192,0,19.72,20.72,0.069
"2021-06-10 18:00:00",8741,12.01,101.5789,0.059,189.9,12.87,18.38,96.3,0.591,0.029,0,18.25,18.88,0.069
"2021-06-10 19:00:00",8742,12.03,101.6181,0.007,206.5,3.797,17.26,97.8,0,0,0,16.79,17.58,0.07
"2021-06-10 20:00:00",8743,12,101.653,0.014,204.6,4.566,16.49,98.6,0,0,0,15.99,16.31,0.069
"2021-06-10 21:00:00",8744,12.04,101.6773,0.084,219.6,12.59,16.35,98.9,0,0,0,15.84,16.08,0.069
"2021-06-10 22:00:00",8745,12,101.6692,0.249,217.4,19.31,15.99,99,0,0,0,15.78,16.2,0.069
"2021-06-10 23:00:00",8746,12,101.6205,0.519,197.5,21.87,15.97,98,0,0,0,15.82,16.14,0.069
"2021-06-11 00:00:00",8747,12.02,101.6042,0.997,202.9,25.77,15.59,97.6,0,0,0,15.55,15.71,0.069
"2021-06-11 01:00:00",8748,12.01,101.6205,0.792,189.7,30.24,15.12,98.6,0,0,0,15.21,15.31,0.069
"2021-06-11 02:00:00",8749,12.01,101.5637,0.428,196.7,27.62,15.18,99.5,0,0,0,15.23,15.54,0.069
"2021-06-11 03:00:00",8750,12.01,101.5231,0.364,205.7,24.08,15.56,99.3,0,0,0,15.63,15.84,0.069
"2021-06-11 04:00:00",8751,12,101.515,0.443,172.1,29.2,15.26,100,0,0,0,15.38,15.53,0.069
"2021-06-11 05:00:00",8752,12,101.5312,0.445,195.8,28.86,15.69,100,0,0,0,15.59,16.01,0.069
"2021-06-11 06:00:00",8753,12,101.5718,0.16,172.5,19.97,15.85,99.7,0,0,0.254,16.08,16.13,0.069
"2021-06-11 07:00:00",8754,11.99,101.5718,0.004,140,0.763,15.7,100,2.085,0.341,0,15.27,15.67,0.069
"2021-06-11 08:00:00",8755,11.99,101.6611,0.154,203.9,16.84,15.98,100,64.74,3.767,0,15.48,16.27,0.068
"2021-06-11 09:00:00",8756,11.99,101.6972,0.5,189.5,31.49,16.85,99,122.2,8.52,0,16.87,17.16,0.068
"2021-06-11 10:00:00",8757,11.99,101.6844,0.978,173.7,39.18,19.89,84.3,462.7,20.77,0,17.55,20.11,0.069
"2021-06-11 11:00:00",8758,11.99,101.6842,0.931,123.9,43.72,22.5,73.67,516.3,24.39,0,21.72,22.98,0.069
"2021-06-11 12:00:00",8759,12,101.6112,1.246,119.9,47.44,23.34,64.63,607.1,28.52,0,23.34,24.44,0.069
"2021-06-11 13:00:00",8760,12,101.5212,1.274,100.3,46.62,24.02,61.79,622.6,29.42,0,24.83,25.53,0.069
"2021-06-11 14:00:00",8761,12,101.4813,1.284,82.7,38.09,23.99,61.95,537.7,25.15,0,25.01,25.61,0.069
"2021-06-11 15:00:00",8762,12,101.4642,1.204,89.8,34.63,23.95,62.41,372.2,17.41,0,24.39,24.9,0.069
"2021-06-11 16:00:00",8763,11.99,101.4732,1.485,77.76,26.04,23.03,70.71,227.6,9.68,0,21.76,23.63,0.068
"2021-06-11 17:00:00",8764,11.98,101.4651,0.575,81.4,16.94,20.67,85.4,26.13,2.444,0,18.77,20.3,0.068
"2021-06-11 18:00:00",8765,11.98,101.5161,0.008,160.9,6.328,18.17,91.8,0,0.04,0,16.47,17.23,0.068
"2021-06-11 19:00:00",8766,11.97,101.5637,0.006,170.1,0.638,17.08,95.3,0,0,0,15.74,16.17,0.068
"2021-06-11 20:00:00",8767,11.96,101.6042,0.002,230.1,0.003,15.93,98.5,0,0,0,15.35,15.62,0.068
"2021-06-11 21:00:00",8768,11.93,101.6042,0.03,241.7,2.603,14.95,99.3,0,0,0,14.67,15.02,0.068
"2021-06-11 22:00:00",8769,11.95,101.5799,0.008,235.3,0.004,14.65,100,0,0,0,14.56,14.66,0.068
"2021-06-11 23:00:00",8770,11.9,101.5799,0.002,232.4,0.77,15.02,100,0,0,0,14.27,14.49,0.068
"2021-06-12 00:00:00",8771,11.94,101.5718,0.062,239.2,5.765,15.53,100,0,0,0,14.27,14.77,0.068
"2021-06-12 01:00:00",8772,11.9,101.5393,0.354,239.3,21,15.39,100,0,0,0,15.3,15.42,0.068
"2021-06-12 02:00:00",8773,11.93,101.5312,0.388,227.1,28.15,15.31,99.1,0,0,0,15.29,15.39,0.067
"2021-06-12 03:00:00",8774,11.92,101.4744,0.417,229.9,24.98,15.44,98.3,0,0,0,15.26,15.43,0.067
"2021-06-12 04:00:00",8775,11.92,101.4338,0.14,231.7,15.96,14.68,100,0,0,0,13.91,14.72,0.067
"2021-06-12 05:00:00",8776,11.91,101.4419,0.363,230.8,24.19,15.49,99.2,0,0,0,15.21,15.37,0.067
"2021-06-12 06:00:00",8777,11.91,101.4744,0.203,234.4,15.72,15.28,99.1,0,0,0,14.81,15.17,0.067
"2021-06-12 07:00:00",8778,11.86,101.4987,0.004,243.8,0.941,14.39,98.3,4.181,0.384,0,13.61,14.3,0.067
"2021-06-12 08:00:00",8779,11.88,101.5961,0.051,248.7,10.62,16.35,89.1,105.3,4.7,0,13.66,15.86,0.067
"2021-06-12 09:00:00",8780,11.86,101.6119,0.314,287,22.24,20.19,80,287,12.57,0,17.67,19.51,0.067
"2021-06-12 10:00:00",8781,11.88,101.6274,0.66,7.358,37.6,23.03,72.29,449.6,20.51,0,21.48,23.43,0.067
"2021-06-12 11:00:00",8782,11.87,101.5706,1.208,24.89,38.21,24.14,67.54,572.1,26.38,0,24.34,25.91,0.067
"2021-06-12 12:00:00",8783,11.86,101.4975,1.174,19.62,37.05,24.31,64.43,447.2,23.55,0,25.35,26.52,0.067
"2021-06-12 13:00:00",8784,11.92,101.3921,1.715,35.62,32.04,24.92,67.69,617.5,28.61,0,26.4,27.87,0.067
"2021-06-12 14:00:00",8785,11.91,101.3178,1.774,38.76,31.9,25.07,64.11,561.1,25.25,0,27.36,28.12,0.067
"2021-06-12 15:00:00",8786,11.89,101.3027,1.751,37.93,30.92,25.11,69.99,403.5,17.86,0,26.77,27.9,0.066
"2021-06-12 16:00:00",8787,11.92,101.3028,1.811,41.27,27.85,23.7,75.29,223.8,9.47,0,23.26,25.18,0.066
"2021-06-12 17:00:00",8788,11.88,101.3028,1.258,26.67,21.45,21.5,87.3,28.8,2.412,0,20.4,21.52,0.066
"2021-06-12 18:00:00",8789,11.87,101.3596,0.144,22.04,8.51,19.32,92.8,0.007,0.041,0,18.11,19.2,0.066
"2021-06-12 19:00:00",8790,11.87,101.4233,0.004,319.3,0.736,17.92,95.6,0,0,0,16.47,17.18,0.066
"2021-06-12 20:00:00",8791,11.85,101.4744,0.013,287.7,1.46,17.04,97.8,0,0,0,15.78,16.11,0.066
"2021-06-12 21:00:00",8792,11.87,101.4744,0,0,0,16.47,99.3,0,0,0,15.23,15.46,0.066
"2021-06-12 22:00:00",8793,11.87,101.4906,0,0,0,15.8,100,0,0,0,14.7,14.93,0.066
"2021-06-12 23:00:00",8794,11.84,101.4744,0.087,274.4,10.17,15.68,100,0,0,0,14.68,15.08,0.066
"2021-06-13 00:00:00",8795,11.82,101.45,0.038,285.2,6.771,15.29,100,0,0,0,14.18,14.69,0.065
"2021-06-13 01:00:00",8796,11.83,101.4581,0.058,280.6,8.78,15.38,100,0,0,0,14.56,14.91,0.065
"2021-06-13 02:00:00",8797,11.84,101.4013,0.075,297.1,8.71,15.37,100,0,0,0,14.58,14.9,0.065
"2021-06-13 03:00:00",8798,11.81,101.377,0.053,295.1,9.02,15.09,100,0,0,0,14.47,14.68,0.065
"2021-06-13 04:00:00",8799,11.84,101.3526,0.034,310.5,3.992,14.78,100,0,0,0,14.16,14.41,0.065
"2021-06-13 05:00:00",8800,11.83,101.3526,0.019,315.7,5.308,14.3,100,0,0,0,13.37,13.8,0.065
"2021-06-13 06:00:00",8801,11.83,101.3932,0.011,279,3.276,13.86,100,0,0,0,12.64,13.14,0.065
"2021-06-13 07:00:00",8802,11.82,101.4419,0,0,0,13.7,100,4.532,0.36,0,12.3,12.5,0.065
"2021-06-13 08:00:00",8803,11.82,101.4662,0.341,321.5,11.07,15.56,96.5,96.5,4.415,0,12.95,15.32,0.065
"2021-06-13 09:00:00",8804,11.82,101.4778,1.249,333.4,25.15,19.04,85.9,256.5,11.71,0,17.25,19.01,0.065
"2021-06-13 10:00:00",8805,11.83,101.4651,1.872,331.7,29.76,21.64,73.36,455.3,19.38,0,20.24,21.8,0.065
"2021-06-13 11:00:00",8806,11.83,101.4408,2.013,348,30.18,23.63,64.08,567.4,24.99,0,23.66,25.19,0.065
"2021-06-13 12:00:00",8807,11.83,101.384,1.931,4.096,29.12,24.79,58.49,618.9,27.7,0,26.42,27.23,0.065
"2021-06-13 13:00:00",8808,11.81,101.3019,1.623,11.44,29.53,25.88,55.2,603.1,27.09,0,27.4,28.54,0.065
"2021-06-13 14:00:00",8809,11.79,101.2367,1.611,10.78,28.62,26.56,53.79,524.4,23.06,0,29.02,29.5,0.065
"2021-06-13 15:00:00",8810,11.82,101.2122,1.491,5.645,29.04,26.87,51.89,388.9,16.27,0,28.34,29.07,0.065
"2021-06-13 16:00:00",8811,11.82,101.2214,1.555,26.75,24.69,25.43,72.22,218.5,8.65,0,24.27,26.8,0.064
"2021-06-13 17:00:00",8812,11.83,101.2379,0.992,24.72,20.17,22.42,85.6,28.12,2.274,0,20.53,22.1,0.064
"2021-06-13 18:00:00",8813,11.79,101.2684,0.217,9.97,12.43,19.81,93.5,0,0.038,0,17.81,19.12,0.064
"2021-06-13 19:00:00",8814,11.76,101.3255,0.022,294.7,2.277,18.07,96.8,0,0,0,16.25,16.92,0.064
"2021-06-13 20:00:00",8815,11.75,101.3526,0.012,310.7,1.659,16.99,98.6,0,0,0,15.09,15.74,0.064
"2021-06-13 21:00:00",8816,11.75,101.3445,0.068,291.6,6.807,16.22,98.5,0,0,0,14.85,15.07,0.064
"2021-06-13 22:00:00",8817,11.75,101.3364,0.575,297.8,15.81,16.01,96,0,0,0,14.81,15.34,0.063
"2021-06-13 23:00:00",8818,11.71,101.3364,0.537,304,16.3,15.81,98.7,0,0,0,15.11,15.38,0.063
"2021-06-14 00:00:00",8819,11.71,101.2958,0.469,303.8,15.39,15.6,99.8,0,0,0,14.97,15.27,0.063
"2021-06-14 01:00:00",8820,11.77,101.2877,0.497,310.6,17.38,15.47,100,0,0,0,14.93,15.14,0.063
"2021-06-14 02:00:00",8821,11.76,101.2552,0.41,316.5,13.77,16.22,100,0,0,0,15.01,15.62,0.063
"2021-06-14 03:00:00",8822,11.69,101.2227,0.187,306.7,9.92,16.27,100,0,0,0,14.79,15.33,0.063
"2021-06-14 04:00:00",8823,11.75,101.1902,0.628,322.7,15.76,15.98,100,0,0,0,15.02,15.4,0.063
"2021-06-14 05:00:00",8824,11.73,101.1821,0.492,318.4,14.73,15.5,100,0,0,0,14.56,15.08,0.063
"2021-06-14 06:00:00",8825,11.7,101.174,0.505,318.1,14.39,15.15,100,0,0,0,14.47,14.61,0.063
"2021-06-14 07:00:00",8826,11.74,101.2471,0.35,315.7,12.68,15.39,100,4.041,0.337,0,14.56,14.76,0.063
"2021-06-14 08:00:00",8827,11.74,101.3282,0.755,327.4,17.68,16.13,93.2,98.1,4.155,0,14.54,15.79,0.063
"2021-06-14 09:00:00",8828,11.68,101.3255,1.439,335.1,23.4,18.86,85.8,241.7,11.13,0,17.16,18.63,0.063
"2021-06-14 10:00:00",8829,11.73,101.3028,1.532,347.6,26.45,21.5,69.21,443.1,18.53,0,19.96,21.69,0.063
"2021-06-14 11:00:00",8830,11.68,101.246,1.781,341.4,31.5,23.77,59,556.6,24.05,0,22.91,24.83,0.063
"2021-06-14 12:00:00",8831,11.75,101.2694,1.038,309.8,72.62,26.33,52.06,603.6,26.68,0,26.55,27.46,0.063
"2021-06-14 13:00:00",8832,11.74,101.1952,0.845,180.8,52.72,27.61,46.9,587.3,26.24,0,27.71,28.11,0.063
"2021-06-14 14:00:00",8833,11.71,101.1951,1.16,135.3,38.26,27.36,56.01,510.2,22.27,0,26.53,27.78,0.063
"2021-06-14 15:00:00",8834,11.71,101.1889,1.494,144.5,37.97,25.42,74.08,376.4,15.69,0,24.83,25.91,0.063
"2021-06-14 16:00:00",8835,11.75,101.2135,1.284,139.5,36.21,24.27,82.8,201.1,8.25,0,23.09,24.28,0.063
"2021-06-14 17:00:00",8836,11.73,101.2379,0.755,151.9,21.94,22.45,90.9,37.21,2.009,0,21.76,22.3,0.062
"2021-06-14 18:00:00",8837,11.73,101.2797,0.024,158,3.694,20.86,95.3,0.072,0.031,0,18.68,20.39,0.062
"2021-06-14 19:00:00",8838,11.66,101.3764,0.005,210.7,0.603,19.21,98.4,0,0,0,17.62,18.21,0.062
"2021-06-14 20:00:00",8839,11.71,101.4253,0.054,207,7.835,18.78,99.8,0,0,0,17.22,17.56,0.062
"2021-06-14 21:00:00",8840,11.67,101.4658,0.223,207.3,15.24,18.85,99.9,0,0,0,17.51,18.14,0.062
"2021-06-14 22:00:00",8841,11.7,101.4684,0.563,200.2,22.31,18.31,99.4,0,0,0,17.89,18.1,0.062
"2021-06-14 23:00:00",8842,11.69,101.4367,0.569,196.9,24.51,17.87,99.3,0,0,0,17.67,17.76,0.062
"2021-06-15 00:00:00",8843,11.65,101.4525,0.74,199.8,23.4,17.81,99.4,0,0,0,17.59,17.68,0.062
"2021-06-15 01:00:00",8844,11.66,101.439,1.011,211.1,27.97,17.51,99.8,0,0,0,17.24,17.45,0.062
"2021-06-15 02:00:00",8845,11.67,101.3913,0.859,217,26.21,17.05,99.7,0,0,0,16.79,17.02,0.062
"2021-06-15 03:00:00",8846,11.63,101.3444,0.588,226.5,24.9,16.84,100,0,0,0,16.61,16.83,0.062
"2021-06-15 04:00:00",8847,11.63,101.3236,0.536,218,20.56,17.49,99.1,0,0,0,17.21,17.38,0.062
"2021-06-15 05:00:00",8848,11.66,101.3276,0.022,200.8,7.262,17.16,98.3,0,0,0,14.93,16.69,0.062
"2021-06-15 06:00:00",8849,11.65,101.3445,0,0,0,14.74,99.2,0,0,0,13.54,14.11,0.062
"2021-06-15 07:00:00",8850,11.62,101.3851,0.01,68.07,0.592,12.98,100,4.248,0.297,0,13.11,13.28,0.061
"2021-06-15 08:00:00",8851,11.64,101.4338,0,0,0,14.67,99,90.6,3.802,0,13.42,15.22,0.061
"2021-06-15 09:00:00",8852,11.64,101.4616,0.211,299.5,17.09,19.47,90.9,259.5,10.41,0,18,19.85,0.062
"2021-06-15 10:00:00",8853,11.64,101.4651,1.172,336.5,33.28,22.22,84.4,384.2,15.7,0,21.11,22.52,0.061
"2021-06-15 11:00:00",8854,11.65,101.3921,1.377,346.1,32.93,23.26,73.12,503.6,20.38,0,22.27,24.68,0.062
"2021-06-15 12:00:00",8855,11.65,101.2866,1.599,348.8,37.3,24.29,71.63,576.3,23.09,0,25.91,27,0.061
"2021-06-15 13:00:00",8856,11.65,101.2135,1.578,2.543,37.46,24.83,67.95,561.8,23.33,0,27.5,28.05,0.061
"2021-06-15 14:00:00",8857,11.65,101.173,1.591,6.378,28.24,25.3,63.28,485.9,20.57,0,27.76,28.41,0.061
"2021-06-15 15:00:00",8858,11.65,101.1161,1.443,2.644,32.43,25.59,69.99,368.4,14.92,0,27.54,28.17,0.061
"2021-06-15 16:00:00",8859,11.59,101.1324,1.645,28.68,24.94,24.38,78.5,205.6,7.956,0,23.31,25.85,0.061
"2021-06-15 17:00:00",8860,11.59,101.1567,1.288,20.78,22.58,21.47,87.5,23.11,1.925,0,20.26,21.52,0.061
"2021-06-15 18:00:00",8861,11.63,101.1975,0.283,13.59,14.14,19.31,92.8,0,0.037,0,17.42,18.86,0.061
"2021-06-15 19:00:00",8862,11.61,101.2549,0.047,19.28,5.415,17.48,95.6,0,0,0,15.72,16.54,0.061
"2021-06-15 20:00:00",8863,11.57,101.2714,0.069,344.4,11.05,16.54,96.7,0,0,0,15.42,15.73,0.061
"2021-06-15 21:00:00",8864,11.57,101.2958,0.179,330,10.8,16.39,96.4,0,0,0,15.44,15.74,0.06
"2021-06-15 22:00:00",8865,11.56,101.2958,0,0,0,15.73,99.4,0,0,0,14.22,14.66,0.06
"2021-06-15 23:00:00",8866,11.54,101.2714,0,0,0,15.26,100,0,0,0,13.84,14.02,0.06
"2021-06-16 00:00:00",8867,11.53,101.239,0.209,295.5,13.34,14.82,100,0,0,0,13.34,14.15,0.06
"2021-06-16 01:00:00",8868,11.55,101.2471,0.819,306.2,16.93,15.71,100,0,0,0,15.27,15.56,0.06
"2021-06-16 02:00:00",8869,11.53,101.1821,0.738,306.8,16.56,15.7,100,0,0,0,15.39,15.58,0.06
"2021-06-16 03:00:00",8870,11.56,101.1415,0.831,310.1,16.82,15.92,100,0,0,0,15.63,15.79,0.06
"2021-06-16 04:00:00",8871,11.48,101.1253,0.642,316.7,18.27,15.65,100,0,0,0,15.27,15.55,0.06
"2021-06-16 05:00:00",8872,11.51,101.1497,0.601,326.4,18.5,15.27,100,0,0,0,15.02,15.37,0.06
"2021-06-16 06:00:00",8873,11.5,101.2227,0.669,339.1,21.04,16.04,100,0,0,0,15.52,15.99,0.06
"2021-06-16 07:00:00",8874,11.5,101.2471,0.328,326.7,17.54,15.62,94.4,3.845,0.225,0,14.97,15.28,0.06
"2021-06-16 08:00:00",8875,11.53,101.2714,0.874,328.2,19.8,15.91,87.5,83.8,2.938,0,14.95,15.55,0.06
"2021-06-16 09:00:00",8876,11.53,101.2919,1.142,348.6,27.11,17.83,75.18,184.7,7.825,0,16.28,17.17,0.06
"2021-06-16 10:00:00",8877,11.53,101.2868,1.883,354.9,28.39,20.88,61.23,348.6,14.37,0,18.94,20.58,0.06
"2021-06-16 11:00:00",8878,11.54,101.1811,2.634,356.9,29.6,23.48,55.18,456,18.74,0,22.63,24.3,0.06
