"TOA5","Science Centre AWS","CR1000","88296","CR1000.Std.31.08","CPU:Vasi_Science Centre AWS.CR1","64103","Hourly"
"TIMESTAMP","RECORD","BattV_Min","BP_kPa","WS_ms_S_WVT","WindDir_D1_WVT","WindDir_SD1_WVT","AirTC_Avg","RH","SlrW_Avg","CUV5_W_Avg","Rain_mm_Tot","T107_C_Min","T107_C_Avg","VW_Avg"
"TS","RN","Volts","kPa","meters/second","Deg","Deg","Deg C","%","W/m^2","W/m^2","mm","Deg C","Deg C",""
"","","Min","Smp","WVc","WVc","WVc","Avg","Smp","Avg","Avg","Tot","Min","Avg","Avg"
"2022-08-10 16:00:00",18963,14.05,101.0565,2.735,33.27,25.65,24.27,75.06,314.9,12.51,0,24.36,26.34,0.041
"2022-08-10 17:00:00",18964,13.11,101.0839,2.04,35.36,23.9,22.48,85.5,89.9,4.661,0,21.8,22.95,0.041
"2022-08-10 18:00:00",18965,12.92,101.1369,1.302,35.75,19.11,20.48,94,4.395,0.4,0,20.13,20.89,0.041
"2022-08-10 19:00:00",18966,12.93,101.1821,0.672,34.37,17.04,19.4,97.5,0,0,0,19.18,19.65,0.04
"2022-08-10 20:00:00",18967,12.91,101.239,0.146,23,10.07,18.78,99.3,0,0,0,18.23,18.7,0.04
"2022-08-10 21:00:00",18968,12.9,101.2714,0.007,25.92,1.631,18.48,100,0,0,0,16.99,17.55,0.04
"2022-08-10 22:00:00",18969,12.88,101.2877,0.04,31.48,1.962,18.4,100,0,0,0,16.78,17.21,0.04
"2022-08-10 23:00:00",18970,12.87,101.3364,0.181,259.5,14.5,18.04,100,0,0,0,16.49,17.31,0.04
"2022-08-11 00:00:00",18971,12.86,101.4013,0.13,239.5,12.05,17.6,100,0,0,0,17.17,17.67,0.04
"2022-08-11 01:00:00",18972,12.85,101.377,0.27,310,12.78,18,100,0,0,0,17.44,18.12,0.04
"2022-08-11 02:00:00",18973,12.85,101.3688,0.113,304.2,8.98,18.47,100,0,0,0,18.28,18.67,0.04
"2022-08-11 03:00:00",18974,12.82,101.3364,0,0,0,18.02,100,0,0,0,16.57,17.55,0.04
"2022-08-11 04:00:00",18975,12.81,101.2633,0,0,0,16.45,100,0,0,0,15.74,16.01,0.04
"2022-08-11 05:00:00",18976,12.79,101.2308,0,0,0,15.85,100,0,0,0,15.75,16.07,0.04
"2022-08-11 06:00:00",18977,12.75,101.3039,0,0,0,15.63,100,0,0,0,14.94,15.44,0.04
"2022-08-11 07:00:00",18978,12.71,101.3526,0,0,0,15.56,100,11.36,0.636,0,14.87,15.4,0.04
"2022-08-11 08:00:00",18979,12.72,101.4257,0.453,334.7,13.37,17.7,100,88.7,4.282,0,16.57,18.27,0.04
"2022-08-11 09:00:00",18980,13.25,101.4797,0.819,344.6,27.16,19.31,100,178.3,8.94,0,19.42,20.29,0.04
"2022-08-11 10:00:00",18981,13.46,101.4657,1.598,353.4,31.6,20.75,87.4,223.5,11.58,0,20.66,21.72,0.04
"2022-08-11 11:00:00",18982,13.75,101.3619,2.089,4.817,33.11,23.21,76.93,566.9,26.17,0,22.59,25.39,0.04
"2022-08-11 12:00:00",18983,14.22,101.2641,2.396,29.38,24.73,25.03,69.37,701.7,32.25,0,27.41,28.32,0.04
"2022-08-11 13:00:00",18984,14.21,101.1737,2.525,25.58,31.95,26.54,69.22,698.4,31.8,0,29.15,29.89,0.04
"2022-08-11 14:00:00",18985,14.25,101.0921,2.388,33.63,28.36,26.67,71.65,622.1,27.59,0,29.57,30.09,0.04
"2022-08-11 15:00:00",18986,14.28,101.0393,2.785,33.41,26.26,25.62,76.23,494.5,21.19,0,27.53,28.63,0.04
"2022-08-11 16:00:00",18987,14.06,101.0084,2.86,34.42,24.56,24.2,83.7,315.5,12.65,0,24.29,26.34,0.04
"2022-08-11 17:00:00",18988,13.11,101.0517,2.603,32.14,26.34,22.28,92.1,91.8,4.72,0,21.8,22.84,0.04
"2022-08-11 18:00:00",18989,12.95,101.0706,1.871,31.16,25.65,20.76,96.8,4.51,0.409,0,20.56,21.1,0.04
"2022-08-11 19:00:00",18990,12.94,101.1007,1.602,31.23,21.21,20.15,98.7,0,0,0,20.2,20.34,0.04
"2022-08-11 20:00:00",18991,12.91,101.1243,1.734,26.26,21.28,20.28,99.2,0,0,0,20.21,20.27,0.04
"2022-08-11 21:00:00",18992,12.9,101.1414,1.497,23.7,23.21,20.36,99.2,0,0,0,20.15,20.26,0.04
"2022-08-11 22:00:00",18993,12.89,101.1658,0.363,355.1,21.65,19.82,100,0,0,0,18.79,19.53,0.04
"2022-08-11 23:00:00",18994,12.88,101.1172,0.062,329.4,3.321,19.02,100,0,0,0,17.81,18.42,0.039
"2022-08-12 00:00:00",18995,12.87,101.0766,0.103,305.4,7.22,18.46,100,0,0,0,17.54,17.77,0.039
"2022-08-12 01:00:00",18996,12.85,101.0928,0.667,315.4,14.9,18.26,100,0,0,0,17.98,18.36,0.039
"2022-08-12 02:00:00",18997,12.85,101.0685,0.95,322.7,17.34,18.74,100,0,0,0,18.72,18.91,0.039
"2022-08-12 03:00:00",18998,12.83,101.0035,0.875,333.9,16.3,18.6,100,0,0,0,18.65,18.9,0.039
"2022-08-12 04:00:00",18999,12.81,100.9467,0.815,333.2,12.83,17.89,100,0,0,0,17.5,18.09,0.039
"2022-08-12 05:00:00",19000,12.79,100.9224,1.092,339,18.66,17.84,100,0,0,0,17.39,17.68,0.039
"2022-08-12 06:00:00",19001,12.77,100.9224,1.246,343,23.27,16.91,97.7,0,0,0,16.21,16.84,0.039
"2022-08-12 07:00:00",19002,12.76,100.9061,1.317,354,27.05,16.75,92.2,17.18,0.761,0,16.11,16.23,0.039
"2022-08-12 08:00:00",19003,12.94,100.9467,1.379,345.7,23.83,18.28,85.7,130.3,5.569,0,16.56,17.93,0.039
"2022-08-12 09:00:00",19004,13.9,100.9456,1.75,347.5,30.17,21.22,69.9,337.6,13.53,0,19.49,21.58,0.039
"2022-08-12 10:00:00",19005,14.26,100.883,2.442,352.3,33.6,24.11,58.32,513.1,21.62,0,23.66,25.63,0.039
"2022-08-12 11:00:00",19006,14.25,100.8004,2.829,352.3,36.16,27.37,47.13,640.9,28.12,0,27.63,29.48,0.039
"2022-08-12 12:00:00",19007,14.24,100.6619,3.429,0.346,34.32,29.33,43.76,708.7,31.69,0,30.56,31.63,0.039
"2022-08-12 13:00:00",19008,14.25,100.5649,3.515,355.6,36.99,30.51,39.63,708.1,31.44,0,32.29,33,0.039
"2022-08-12 14:00:00",19009,14.25,100.4752,3.199,5.985,33.27,30.9,43.15,628,27.01,0,32.32,33.3,0.039
"2022-08-12 15:00:00",19010,14.25,100.3877,3.097,10.03,32.25,30.31,42.35,499.3,20.51,0,31.27,32.28,0.039
"2022-08-12 16:00:00",19011,13.99,100.3416,2.887,23.83,29.95,28.27,58.6,316.4,12,0,27.5,29.8,0.039
"2022-08-12 17:00:00",19012,13.06,100.3777,2.295,18.25,27.57,26.1,60.45,93.2,4.425,0,24.63,25.91,0.039
"2022-08-12 18:00:00",19013,12.95,100.37,1.655,7.945,29.84,23.72,67.19,4.156,0.391,0,22.26,23.34,0.039
"2022-08-12 19:00:00",19014,12.93,100.4129,1.276,355.5,27.65,22.23,71.15,0,0,0,20.73,21.43,0.039
"2022-08-12 20:00:00",19015,12.91,100.4239,1.556,355.3,30.7,22.12,61.93,0,0,0,20.61,20.85,0.039
"2022-08-12 21:00:00",19016,12.9,100.471,1.622,354.9,33.01,22.7,57.18,0,0,0,20.94,21.18,0.039
"2022-08-12 22:00:00",19017,12.89,100.4884,1.499,345.3,27.43,22.57,58.27,0,0,0,20.61,20.93,0.039
"2022-08-12 23:00:00",19018,12.88,100.6701,1.143,234.1,82.6,21.47,63.76,0,0,0,19.15,20.06,0.039
"2022-08-13 00:00:00",19019,12.87,100.7032,0.541,181.9,29.01,19.69,78.27,0,0,0,17.84,18.54,0.039
"2022-08-13 01:00:00",19020,12.85,100.7194,0.753,163.1,34.57,18.38,97.1,0,0,0,18.04,18.17,0.038
"2022-08-13 02:00:00",19021,12.83,100.7032,0.962,158.6,35.9,18.38,98,0,0,0,18.28,18.36,0.039
"2022-08-13 03:00:00",19022,12.82,100.7032,1.329,165.8,39.86,18.33,95.5,0,0,0,17.99,18.24,0.038
"2022-08-13 04:00:00",19023,12.8,100.6707,0.927,164,36.51,17.82,95.5,0,0,0,17.46,17.71,0.038
"2022-08-13 05:00:00",19024,12.76,100.6707,0.857,175.5,34.77,17.34,95.4,0,0,0,17.13,17.24,0.039
"2022-08-13 06:00:00",19025,12.75,100.7113,0.531,182.1,27.65,17.13,96.6,0,0,0,16.69,16.98,0.039
"2022-08-13 07:00:00",19026,12.74,100.7844,0.698,192.3,28.23,17.06,94.7,11.2,0.603,0,16.63,16.99,0.038
"2022-08-13 08:00:00",19027,12.74,100.8168,1.107,189,33.22,18.39,89,78.4,3.926,0,17.61,18.39,0.038
"2022-08-13 09:00:00",19028,13.31,100.7842,1.277,171.2,39.4,21,75.29,328.7,12.93,0,19.14,21.55,0.038
"2022-08-13 10:00:00",19029,13.99,100.7552,1.187,159,38.37,23.35,72.31,477.3,20.29,0,23.71,25.06,0.038
"2022-08-13 11:00:00",19030,13.8,100.6759,0.771,161.3,33.39,23.4,73.93,302.1,15.37,0,24.39,25.04,0.038
"2022-08-13 12:00:00",19031,14,100.577,1.051,94.2,34.35,23.77,74.73,297.1,15.41,0,25.03,25.7,0.039
"2022-08-13 13:00:00",19032,14.05,100.4665,1.408,78.52,29.28,23.73,75.08,309.3,16.29,0,25.24,25.65,0.038
"2022-08-13 14:00:00",19033,14.18,100.3397,1.635,82,29.44,24.59,72.32,501.2,23.39,0,25.45,26.79,0.038
"2022-08-13 15:00:00",19034,14.16,100.31,1.98,80.7,24.19,24.09,77.04,382.9,17.45,0,25,26.11,0.039
"2022-08-13 16:00:00",19035,14.01,100.2537,1.608,83,27.17,23.56,75.71,263.4,11.08,0,23.78,24.78,0.038
"2022-08-13 17:00:00",19036,13.3,100.1995,1.612,67.25,19.67,21.88,81.9,91,4.104,0,21.59,22.29,0.039
"2022-08-13 18:00:00",19037,12.94,100.256,0.044,57.73,10.18,19.66,93.4,5.989,0.366,0,18.47,19.91,0.038
"2022-08-13 19:00:00",19038,12.93,100.2973,0.022,175.8,2.688,17.96,96.4,0,0,0,17.31,17.69,0.038
"2022-08-13 20:00:00",19039,12.91,100.3298,0.03,139.3,12.83,18.78,98.7,0,0,0,17.6,18.21,0.038
"2022-08-13 21:00:00",19040,12.9,100.3298,0.002,42.97,0,19.08,100,0,0,0,17.85,18.58,0.038
"2022-08-13 22:00:00",19041,12.9,100.2892,0,0,0,18.82,100,0,0,0,16.72,17.24,0.038
"2022-08-13 23:00:00",19042,12.88,100.1999,0.055,353.3,9.48,18.1,100,0,0,0,16.5,16.84,0.038
"2022-08-14 00:00:00",19043,12.87,100.1837,0.027,237.8,9.05,17.6,100,0,0,0,16.41,17.18,0.038
"2022-08-14 01:00:00",19044,12.86,100.0944,0.137,229.5,13.42,18.46,100,0.127,0,0,18.23,18.77,0.038
"2022-08-14 02:00:00",19045,12.85,100.0132,0.019,139.2,9.56,18.54,100,0.069,0,0,19.04,19.21,0.038
"2022-08-14 03:00:00",19046,12.83,99.99695,0.014,62.51,2.84,18.46,100,0,0,0,19.12,19.18,0.038
"2022-08-14 04:00:00",19047,12.82,100.0132,0.085,217,10.82,18.67,100,0,0,0,19,19.16,0.038
"2022-08-14 05:00:00",19048,12.79,100.0375,0.017,319.9,5.941,18.1,100,0,0,0,17.68,18.16,0.038
"2022-08-14 06:00:00",19049,12.77,100.0538,0.284,346,15.37,17.58,100,0,0,0,17.24,17.9,0.038
"2022-08-14 07:00:00",19050,12.76,99.98883,0.769,9.33,18.73,16.61,100,20.2,0.808,0,16.78,16.93,0.038
"2022-08-14 08:00:00",19051,12.9,100.0375,1.457,351,30.39,17.56,90.1,146.2,5.041,0,17.18,18.16,0.038
"2022-08-14 09:00:00",19052,13.8,100.0698,1.653,319.5,24.47,20.98,74.13,321.2,11.65,0,19.34,21.31,0.038
"2022-08-14 10:00:00",19053,14.24,100.0424,2.325,330.3,26.27,23.69,62.01,518.7,21.26,0,23.77,25.52,0.038
"2022-08-14 11:00:00",19054,14.2,100.0289,1.736,314.9,44.95,27.16,50.32,647.6,27.87,0,27.66,29.56,0.038
"2022-08-14 12:00:00",19055,14.15,99.94033,1.131,249.8,55.74,29.5,35.93,718.5,32.44,0,30.2,31.59,0.038
"2022-08-14 13:00:00",19056,14.15,99.9895,1.963,150.3,46.81,29.19,68.64,712.2,32.81,0,28.21,31.22,0.038
"2022-08-14 14:00:00",19057,14.13,100.0094,2.902,138.6,36.28,24.69,74.48,607.9,27.75,0,25.44,27.01,0.038
"2022-08-14 15:00:00",19058,14.11,100.0363,3.319,147.8,39,23.12,69.1,445.8,20.72,0,23.24,24.72,0.038
"2022-08-14 16:00:00",19059,14.1,100.094,3.317,145.7,36.02,22.43,68,331.8,13.66,0,22.55,23.48,0.038
"2022-08-14 17:00:00",19060,13.18,100.1752,2.219,148.6,35.13,21.12,70.45,107.8,5.143,0,20.38,21.4,0.038
"2022-08-14 18:00:00",19061,12.93,100.2727,1.603,151.5,35.45,19.78,69.78,7.036,0.458,0,19.27,19.82,0.038
"2022-08-14 19:00:00",19062,12.92,100.4678,1.374,153.9,35.68,19.28,71.44,0,0,0,18.77,19.03,0.038
"2022-08-14 20:00:00",19063,12.91,100.5814,1.41,150.6,34.77,19.71,67.85,0,0,0,18.86,19.56,0.038
"2022-08-14 21:00:00",19064,12.9,100.6707,1.36,153.8,38.39,19.57,66.01,0,0,0,19.08,19.45,0.037
"2022-08-14 22:00:00",19065,12.89,100.6951,1.234,157.6,38.28,18.98,66.3,0,0,0,17.94,18.62,0.037
"2022-08-14 23:00:00",19066,12.87,100.7194,0.712,198.5,35.38,17.25,81.2,0,0,0,16.03,17.08,0.037
"2022-08-15 00:00:00",19067,12.86,100.76,0.807,217.6,30.46,15.34,85.8,0,0,0,14.94,15.59,0.037
"2022-08-15 01:00:00",19068,12.83,100.8032,0.899,213.2,28.24,14.35,86.5,0,0,0,14.42,14.59,0.037
"2022-08-15 02:00:00",19069,12.82,100.7968,0.96,216,26.43,13.89,86.4,0,0,0,13.87,14.12,0.037
"2022-08-15 03:00:00",19070,12.79,100.8269,0.8,208.2,25.94,13.55,87,0,0,0,13.51,13.7,0.037
"2022-08-15 04:00:00",19071,12.78,100.8473,0.854,203.5,29.98,13.32,87.8,0,0,0,13.34,13.45,0.037
"2022-08-15 05:00:00",19072,12.73,100.9438,1.139,214.5,31.59,13.05,88.3,0,0,0,13.11,13.19,0.037
"2022-08-15 06:00:00",19073,12.73,101.0278,1.061,210.9,28.56,12.99,91.7,0,0,0,12.85,13.1,0.037
"2022-08-15 07:00:00",19074,12.71,101.1243,1.029,214.4,30.1,13.01,91.1,13.35,1.034,0,12.85,13.13,0.037
"2022-08-15 08:00:00",19075,12.83,101.2228,1.207,197.2,35.34,15.36,75.1,163,7.015,0,13.6,15.72,0.037
"2022-08-15 09:00:00",19076,13.93,101.3118,1.182,179.2,40.8,19.11,67.44,341.3,15.28,0,18.18,20.08,0.037
"2022-08-15 10:00:00",19077,14.28,101.3756,1.983,155.2,38.22,21.03,52.44,534.1,22.63,0,21.2,22.6,0.037
"2022-08-15 11:00:00",19078,13.98,101.3916,2.098,156.7,45.47,22.33,51.55,630.6,27.48,0,23.29,24.28,0.037
"2022-08-15 12:00:00",19079,14.01,101.3502,2.302,153.2,39.67,22.76,46.79,703,31.63,0,23.73,25.01,0.037
"2022-08-15 13:00:00",19080,14.15,101.3021,2.358,144.1,39.62,22.58,31.48,608.4,28.02,0,22.78,24.57,0.037
"2022-08-15 14:00:00",19081,14.03,101.3175,2.527,147.6,36.96,22.55,41.71,627.5,27.23,0,22.83,24.54,0.037
"2022-08-15 15:00:00",19082,14.36,101.3519,2.943,141.5,35.89,21.36,42.67,527.8,21.88,0,22.32,23.1,0.037
"2022-08-15 16:00:00",19083,14.31,101.3764,2.825,146.1,37.02,20.47,46.95,354.4,14.17,0,20.43,21.54,0.037
"2022-08-15 17:00:00",19084,13.23,101.431,2.243,147.8,37.96,19.12,57.19,114.9,5.241,0,18.19,19.16,0.037
"2022-08-15 18:00:00",19085,12.93,101.4662,1.544,147.6,31.67,17.48,64.4,5.183,0.501,0,16.68,17.33,0.037
"2022-08-15 19:00:00",19086,12.92,101.5312,1.248,155.1,37.34,16.83,69.07,0,0,0,16.09,16.55,0.037
"2022-08-15 20:00:00",19087,12.9,101.6124,0.564,192.7,29.53,15.05,73.07,0,0,0,14.46,15.08,0.037
"2022-08-15 21:00:00",19088,12.88,101.6485,0.643,198.8,26.57,14.3,74.23,0,0,0,14.02,14.17,0.036
"2022-08-15 22:00:00",19089,12.87,101.6795,0.752,210.4,25.77,13.63,75.97,0,0,0,13.26,13.7,0.036
"2022-08-15 23:00:00",19090,12.86,101.7028,0.558,211.2,32.97,12.65,77.34,0,0,0,12.29,12.82,0.036
"2022-08-16 00:00:00",19091,12.84,101.6704,0.225,239.8,16.78,11.34,79.11,0,0,0,11.26,11.61,0.036
"2022-08-16 01:00:00",19092,12.83,101.7029,0.246,249.5,16.76,10.47,79.43,0,0,0,10.43,10.73,0.036
"2022-08-16 02:00:00",19093,12.81,101.6786,0.588,237.9,26.83,11.01,79.52,0,0,0,10.92,11.16,0.036
"2022-08-16 03:00:00",19094,12.78,101.6542,0.602,236.9,28.53,11.34,79.23,0,0,0,11.31,11.41,0.036
"2022-08-16 04:00:00",19095,12.77,101.6136,0.462,250.8,25.57,10.97,81.9,0,0,0,11.02,11.14,0.036
"2022-08-16 05:00:00",19096,12.72,101.5892,0.524,248.3,27.04,10.83,82.1,0,0,0,10.87,10.96,0.036
"2022-08-16 06:00:00",19097,12.7,101.6217,0.499,248.4,27.61,10.98,82,0,0,0,10.87,11.03,0.036
"2022-08-16 07:00:00",19098,12.68,101.638,0.395,260.1,29.96,11.22,79.52,21.5,1.011,0,10.88,11.21,0.036
"2022-08-16 08:00:00",19099,13.05,101.6782,0.685,291.7,25.48,13.32,68.94,171.2,6.632,0,12.06,14.14,0.036
"2022-08-16 09:00:00",19100,14.17,101.7214,1.106,302.7,30.23,17.75,56.05,373.6,15.1,0,16.46,19.1,0.036
"2022-08-16 10:00:00",19101,14.25,101.6679,1.493,328.2,44.03,20.72,50.57,552.2,23.7,0,21.44,23.28,0.036
"2022-08-16 11:00:00",19102,14.27,101.5774,2.222,342,35.35,22.11,43.89,682.9,30.43,0,24.78,25.66,0.036
"2022-08-16 12:00:00",19103,14.28,101.4544,2.697,358.3,34.78,22.89,42.74,746.9,33.51,0,26.14,26.75,0.036
"2022-08-16 13:00:00",19104,14.29,101.2507,2.589,352.1,37.24,24,42.29,743.5,33.67,0,27.29,28.18,0.036
"2022-08-16 14:00:00",19105,14.3,101.1204,2.667,354.4,36.91,24.71,38.77,672.7,29.71,0,27.99,28.72,0.036
"2022-08-16 15:00:00",19106,14.31,101.0474,2.59,357.8,33.99,25.2,39.51,536.5,22.8,0,27.89,28.44,0.036
"2022-08-16 16:00:00",19107,14.31,100.9763,2.757,15.72,35,23.87,60.99,337.4,12.94,0,23.56,26.25,0.036
"2022-08-16 17:00:00",19108,13.22,100.9787,2.747,24.7,27.19,21.24,66.75,113.4,4.926,0,20.63,21.79,0.036
"2022-08-16 18:00:00",19109,12.94,100.9791,1.886,19.4,28.15,19.42,77.01,5.156,0.457,0,18.7,19.6,0.036
"2022-08-16 19:00:00",19110,12.93,100.9873,1.488,7.505,29.75,18.15,85.7,0,0,0,17.3,18.16,0.036
"2022-08-16 20:00:00",19111,12.91,100.9954,1.114,349.9,29.58,17.11,87,0,0,0,16.65,16.93,0.036
"2022-08-16 21:00:00",19112,12.9,100.9873,1.246,3.499,27.23,17.33,89.4,0,0,0,16.86,16.98,0.036
"2022-08-16 22:00:00",19113,12.88,100.9467,0.919,357.9,25.83,17.16,87.3,0,0,0,16.16,16.55,0.036
"2022-08-16 23:00:00",19114,12.87,100.9305,1.727,359.8,31.56,17.92,82.3,0,0,0,16.29,16.88,0.036
"2022-08-17 00:00:00",19115,12.83,100.8574,1.094,0.916,29.48,17.49,84.2,0,0,0,16.12,16.7,0.036
"2022-08-17 01:00:00",19116,12.85,100.8168,0.799,356,28.97,16.8,87.8,0,0,0,15.37,15.78,0.036
"2022-08-17 02:00:00",19117,12.83,100.7762,0.481,349.3,19.61,15.73,89.6,0,0,0,14.03,14.8,0.035
"2022-08-17 03:00:00",19118,12.81,100.7436,0.209,337.6,10.79,14.39,88.5,0,0,0,12.4,13.26,0.035
"2022-08-17 04:00:00",19119,12.78,100.6695,0.254,342.4,15.55,13.95,85,0,0,0,12.08,12.25,0.035
"2022-08-17 05:00:00",19120,12.74,100.6495,0.82,335,20.73,14.66,73.22,0,0,0,11.79,12.61,0.035
"2022-08-17 06:00:00",19121,12.72,100.6554,1.758,334,24.78,16.18,68.37,0,0,0,13.13,14.12,0.035
"2022-08-17 07:00:00",19122,12.71,100.6707,2.068,333.6,29.57,16.26,66.37,24.33,1.048,0,14.56,15.01,0.035
"2022-08-17 08:00:00",19123,13.16,100.7032,2.707,333.2,26.37,18.21,55.87,186.5,6.875,0,16.01,18.27,0.035
"2022-08-17 09:00:00",19124,14.14,100.6866,3.118,333.7,30.04,21.2,46,398.2,15.85,0,20.52,22.55,0.035
"2022-08-17 10:00:00",19125,14.28,100.632,3.465,334.8,28.15,24.29,39.15,575,24.56,0,25.08,26.38,0.035
"2022-08-17 11:00:00",19126,14.25,100.5084,2.964,340.3,30.26,26.98,33.21,703,31,0,27.98,29.84,0.035
"2022-08-17 12:00:00",19127,14.22,100.3864,3.051,339.7,31.67,29.38,26.71,768,34.14,0,31.27,32.56,0.035
"2022-08-17 13:00:00",19128,14.21,100.224,2.67,347,33.46,31.46,22,749.8,33.17,0,33.79,34.59,0.035
"2022-08-17 14:00:00",19129,14.2,100.1186,2.713,343.4,35.81,32.79,19.18,670.6,27.94,0,34.84,35.52,0.036
"2022-08-17 15:00:00",19130,14.19,100.0388,2.536,348.3,33.22,32.97,20.49,536.6,20.88,0,34.23,35.25,0.036
"2022-08-17 16:00:00",19131,14.11,100.0324,2.195,2.106,34.95,31.99,28.77,353.2,11.96,0,31.07,33.28,0.036
"2022-08-17 17:00:00",19132,13.31,100.0452,1.835,9.29,29.13,28.64,35.94,109.9,3.959,0,26.69,28.48,0.036
"2022-08-17 18:00:00",19133,12.94,100.0615,1.502,0.257,29.6,25.29,50.44,7.466,0.362,0,22.48,24.62,0.036
"2022-08-17 19:00:00",19134,12.93,100.0816,0.934,341.6,22.07,22.03,67.38,0,0,0,20,21.04,0.035
"2022-08-17 20:00:00",19135,12.9,100.1349,0.635,335,15.7,20.22,57.72,0,0,0,18.13,18.88,0.035
"2022-08-17 21:00:00",19136,12.88,100.1349,0.684,351.5,25.27,21.16,51.3,0,0,0,18.11,18.46,0.035
"2022-08-17 22:00:00",19137,12.87,100.1106,1.417,325,18.93,21.39,46.85,0,0,0,18.14,19.21,0.035
"2022-08-17 23:00:00",19138,12.87,100.1025,1.124,327.9,19.01,21.29,47.16,0,0,0,18.33,19.19,0.035
"2022-08-18 00:00:00",19139,12.86,100.0944,1.156,327,19.54,20.53,46.8,0,0,0,18.06,18.24,0.035
"2022-08-18 01:00:00",19140,12.84,100.0862,0.994,308.8,18.12,20.03,47.84,0,0,0,17.17,17.91,0.035
"2022-08-18 02:00:00",19141,12.82,100.0294,0.863,307.3,16.75,18.49,53.32,0,0,0,15.82,16.63,0.035
"2022-08-18 03:00:00",19142,12.8,100.1674,0.693,238.9,56.65,17.5,54.11,0,0,0,14.36,15.66,0.035
"2022-08-18 04:00:00",19143,12.78,100.1837,0.963,151,31.66,17.03,89.6,0,0,0,15.46,16.23,0.035
"2022-08-18 05:00:00",19144,12.75,100.2161,0.976,151.8,32.78,17.09,91.1,0,0,0,16.59,16.74,0.035
"2022-08-18 06:00:00",19145,12.74,100.3298,1.443,159,39.37,17.29,89.9,0,0,0,16.65,16.88,0.035
"2022-08-18 07:00:00",19146,12.74,100.4272,1.183,162.7,42.51,17.45,85.6,31.85,1.068,0,16.71,17.05,0.035
"2022-08-18 08:00:00",19147,13.14,100.484,1.295,160.6,42.58,19.22,74.6,190.1,6.427,0,17.88,19.52,0.034
"2022-08-18 09:00:00",19148,13.99,100.4836,1.721,161.4,41.42,21.56,66.71,370.5,13.87,0,21.38,22.55,0.035
"2022-08-18 10:00:00",19149,14.24,100.4737,1.973,157.8,40.78,23.2,58.19,519.7,21.16,0,23.71,24.7,0.035
"2022-08-18 11:00:00",19150,14.25,100.4561,2.154,161.9,42.25,25.09,44.66,669.1,29.35,0,25.8,26.75,0.035
"2022-08-18 12:00:00",19151,14.23,100.3968,2.274,143.7,42.1,25.91,47.57,764.9,33.56,0,27.67,28.17,0.035
"2022-08-18 13:00:00",19152,14.25,100.2852,2.392,144.3,40.04,25.39,49.91,740.4,32.43,0,27.11,27.77,0.035
"2022-08-18 14:00:00",19153,14.28,100.2279,2.224,145.5,39.43,25.08,56.03,657.5,27.61,0,26.95,27.33,0.035
"2022-08-18 15:00:00",19154,14.29,100.2551,2.103,144,38.48,24.41,57.38,496.6,18.94,0,25.49,26.3,0.035
"2022-08-18 16:00:00",19155,14.26,100.2723,1.937,141.9,35.35,23.48,63.73,312.2,10.9,0,23.23,24.69,0.035
"2022-08-18 17:00:00",19156,13.23,100.3375,1.82,144.7,31.32,21.72,71.18,106.1,4.21,0,20.93,21.97,0.035
"2022-08-18 18:00:00",19157,12.93,100.3941,1.017,152.4,28.13,19.88,79.12,5.295,0.425,0,19.09,19.93,0.035
"2022-08-18 19:00:00",19158,12.91,100.4759,0.679,158.1,31.17,18.63,81.6,0,0,0,18.23,18.51,0.035
"2022-08-18 20:00:00",19159,12.9,100.5733,0.888,154.4,29.32,18.78,80.4,0,0,0,18.28,18.4,0.034
"2022-08-18 21:00:00",19160,12.9,100.622,1.134,150.9,30.15,19.15,79.66,0,0,0,18.43,18.66,0.034
"2022-08-18 22:00:00",19161,12.87,100.6707,1.612,147.4,33.97,19.75,76.13,0,0,0,18.88,19.3,0.034
"2022-08-18 23:00:00",19162,12.87,100.6545,1.547,146.1,32.23,20.02,73.71,0,0,0,19.45,19.59,0.034
"2022-08-19 00:00:00",19163,12.87,100.6788,1.641,146.3,33.33,19.94,73.64,0,0,0,19.22,19.44,0.034
"2022-08-19 01:00:00",19164,12.86,100.6707,1.327,147.1,32.38,20.02,75.45,0,0,0,19.54,19.71,0.034
"2022-08-19 02:00:00",19165,12.84,100.6545,1.418,147.5,30.58,19.78,78.45,0,0,0,19.18,19.46,0.034
"2022-08-19 03:00:00",19166,12.82,100.6626,0.838,180.3,43.14,18.66,88.5,0,0,0,17.48,18.64,0.034
"2022-08-19 04:00:00",19167,12.8,100.6464,0.836,219.8,30.16,16.54,90.3,0,0,0,16.87,17.02,0.034
"2022-08-19 05:00:00",19168,12.75,100.6464,0.845,212.4,32.35,16.49,90.3,0,0,0,16.75,16.84,0.034
"2022-08-19 06:00:00",19169,12.74,100.7032,0.754,209.9,35.91,16.77,88.7,0,0,0,16.8,16.93,0.034
"2022-08-19 07:00:00",19170,12.72,100.7681,0.695,225.3,31.51,16.56,90.4,4.969,0.338,0,16.74,16.82,0.034
"2022-08-19 08:00:00",19171,12.72,100.8168,0.883,211.9,30.27,17.32,84.2,60.29,2.326,0,16.93,17.64,0.034
"2022-08-19 09:00:00",19172,12.93,100.8493,1.093,186.2,40.09,19.07,76.29,175.9,6.448,0,18.43,19.63,0.034
"2022-08-19 10:00:00",19173,13.5,100.8746,1.721,171.6,47.37,19.85,76.49,202.6,6.755,0,20.34,20.78,0.034
"2022-08-19 11:00:00",19174,13.48,100.8761,1.647,161,48.14,19.85,77.69,156.6,6.507,0,20.14,20.83,0.034
"2022-08-19 12:00:00",19175,13.4,100.8639,1.663,174.1,45.84,19,80.1,117.9,5.148,0,19.39,19.85,0.034
"2022-08-19 13:00:00",19176,13.26,100.833,1.577,182,48.58,18.67,72.55,93.1,4.187,0,19,19.38,0.034
"2022-08-19 14:00:00",19177,13.3,100.7838,1.947,194.6,48.29,18.83,65.93,116.5,5.046,0,18.97,19.42,0.034
"2022-08-19 15:00:00",19178,14.06,100.7764,2.593,173.4,48.22,19.88,59.83,365.7,13.29,0,19.82,20.98,0.034
"2022-08-19 16:00:00",19179,13.22,100.8158,2.914,168.7,49.19,18.55,68.62,146.6,6.934,0,18.3,19.38,0.034
"2022-08-19 17:00:00",19180,13.01,100.9711,2.715,181.6,50.5,17.48,73.68,43.38,2.204,0,17.25,17.91,0.034
"2022-08-19 18:00:00",19181,12.95,101.0766,2.556,193.7,50.17,15.89,86.1,1.207,0.112,0,15.41,16.35,0.034
"2022-08-19 19:00:00",19182,12.91,101.0928,1.665,207.8,48.58,14.6,86.9,0,0,0,14.83,14.96,0.034
"2022-08-19 20:00:00",19183,12.9,101.1821,1.422,199.1,45.72,14.78,86.9,0,0,0,14.79,14.98,0.034
"2022-08-19 21:00:00",19184,12.88,101.2075,1.178,196,42.81,14.29,87.2,0,0,0,14.04,14.35,0.034
"2022-08-19 22:00:00",19185,12.86,101.165,0.617,212.9,28.87,13.54,90.7,0,0,0,13.02,13.65,0.034
"2022-08-19 23:00:00",19186,12.84,101.1832,0.133,236.4,12.28,12.28,93.9,0,0,0,11.43,12.07,0.034
"2022-08-20 00:00:00",19187,12.81,101.1832,0.353,241.6,21.25,11.93,93.2,0,0,0,11.83,12.02,0.034
"2022-08-20 01:00:00",19188,12.79,101.1507,0.42,258.3,20.37,11.66,94.1,0,0,0,11.63,11.88,0.034
"2022-08-20 02:00:00",19189,12.76,101.102,0.258,251.8,19.04,11.49,94.4,0,0,0,11.17,11.49,0.034
"2022-08-20 03:00:00",19190,12.72,101.0452,0.346,258.1,19.66,11.34,94.9,0,0,0,10.56,11.33,0.033
"2022-08-20 04:00:00",19191,12.69,101.0208,0.17,259.6,16.47,10.13,96,0,0,0,9.56,10.09,0.033
"2022-08-20 05:00:00",19192,12.64,100.9721,0.346,242.3,20.03,10.11,92.4,0,0,0,10.01,10.16,0.033
"2022-08-20 06:00:00",19193,12.65,100.9396,0.059,256.2,9.3,9.62,95.8,0,0,0,7.949,9.14,0.033
"2022-08-20 07:00:00",19194,12.64,100.9071,0.228,258,15.4,9.93,86.5,32.17,1.381,0,7.998,9.21,0.033
"2022-08-20 08:00:00",19195,13.33,100.8266,1.145,328,24.29,13.29,76.02,206.6,8.2,0,11.1,13.93,0.033
"2022-08-20 09:00:00",19196,14.17,100.8671,1.974,331.2,26.15,18.41,54.86,421.9,17.79,0,16.9,19.7,0.033
"2022-08-20 10:00:00",19197,14.31,100.8566,2.295,343.7,32.04,21.3,51.01,602.4,27.24,0,22.25,23.97,0.033
"2022-08-20 11:00:00",19198,14.3,100.8037,2.932,333.7,31.72,23.03,38.22,731,33.93,0,25.18,26.4,0.034
"2022-08-20 12:00:00",19199,14.27,100.7217,2.573,335.9,34.27,24.29,36.19,795.6,37.17,0,27.21,28.41,0.034
"2022-08-20 13:00:00",19200,14.26,100.6297,2.31,331.4,36.96,25.59,33.63,787.1,36.79,0,29.09,29.94,0.034
"2022-08-20 14:00:00",19201,14.21,100.6147,1.355,324.2,66.4,27.21,27.02,706.7,32.58,0,30.53,31.36,0.034
"2022-08-20 15:00:00",19202,14.22,100.7605,1.757,153.7,59.58,27.42,48.86,557.9,24.61,0,27.21,29.37,0.034
"2022-08-20 16:00:00",19203,13.78,100.978,2.71,143.6,35.7,23.29,63.47,350.5,14.96,0,22.15,24.7,0.034
"2022-08-20 17:00:00",19204,13.28,101.1088,3.053,149.1,37.43,20.76,56.87,109.1,5.309,0,20.4,21.15,0.034
"2022-08-20 18:00:00",19205,12.95,101.3031,2.898,151,36.69,20.02,59.16,8.72,0.587,0,19.45,19.9,0.034
"2022-08-20 19:00:00",19206,12.93,101.4987,2.86,146.4,38.04,19.41,63.18,0,0,0,18.87,19.23,0.034
"2022-08-20 20:00:00",19207,12.92,101.6692,2.73,146.1,33.65,19.06,64.02,0,0,0,18.52,18.98,0.034
"2022-08-20 21:00:00",19208,12.91,101.8072,2.333,149.7,36.49,18.77,62.18,0,0,0,18.31,18.63,0.034
"2022-08-20 22:00:00",19209,12.9,101.9208,1.834,155,42.79,18.16,78.3,0,0,0,17.06,18.1,0.033
"2022-08-20 23:00:00",19210,12.88,101.9452,1.21,168.7,41.21,15.74,90.8,0,0,0,15.66,16.14,0.033
"2022-08-21 00:00:00",19211,12.86,101.9777,1.033,178.5,38.49,15.5,85.8,0,0,0,15.48,15.66,0.033
"2022-08-21 01:00:00",19212,12.86,102.0101,1.053,173.4,39.54,15.9,75.19,0,0,0,15.5,15.74,0.033
"2022-08-21 02:00:00",19213,12.84,102.0264,1.55,176.9,50.52,16.45,72.78,0,0,0,16.05,16.14,0.033
"2022-08-21 03:00:00",19214,12.83,102.0588,1.567,179.3,45.98,16.23,71.21,0,0,0,15.89,16.01,0.033
"2022-08-21 04:00:00",19215,12.81,102.0913,1.559,180,45.36,15.92,74.71,0,0,0,15.44,15.77,0.033
"2022-08-21 05:00:00",19216,12.78,102.1238,1.177,195.5,43.21,14.91,80.2,0,0,0,14.05,14.79,0.033
"2022-08-21 06:00:00",19217,12.77,102.1991,0.862,205.3,30.8,13.39,81.5,0,0,0,12.85,13.38,0.033
"2022-08-21 07:00:00",19218,12.76,102.268,1.09,210.2,37.16,12.9,71.77,20.47,1.351,0,12.66,12.87,0.033
"2022-08-21 08:00:00",19219,12.87,102.3674,1.43,197.8,36.82,15.02,55.35,194.6,7.935,0,13.32,15.41,0.033
"2022-08-21 09:00:00",19220,14.17,102.4263,1.864,193.2,42.77,17.82,55.49,407.7,17.13,0,17.52,18.87,0.033
"2022-08-21 10:00:00",19221,14.04,102.4478,2.013,170.8,48.58,19.46,52.82,574.4,26.08,0,20.39,21.37,0.033
"2022-08-21 11:00:00",19222,14.06,102.4142,1.707,161.4,46.58,20.95,50.08,692,32.91,0,22.66,23.46,0.033
"2022-08-21 12:00:00",19223,14.02,102.314,1.551,136.2,48.23,21.89,44.59,696.3,34.27,0,22.56,24.63,0.033
"2022-08-21 13:00:00",19224,14.04,102.2482,1.603,133.3,45.52,22.3,51.96,668.8,32.63,0,23.55,25.37,0.033
"2022-08-21 14:00:00",19225,14.13,102.188,1.637,112.4,39.93,21.08,65.04,388.5,22.17,0,21.51,23.56,0.033
"2022-08-21 15:00:00",19226,14.13,102.1718,1.621,119.8,37.84,20.95,59.36,419.9,21.46,0,21.45,22.81,0.034
"2022-08-21 16:00:00",19227,14.36,102.1637,1.761,94.1,34.31,21.06,57.23,367.1,15.87,0,21.88,22.73,0.033
"2022-08-21 17:00:00",19228,13.27,102.1733,1.227,97.9,30.48,19.66,70.94,133.1,6.167,0,18.74,20.12,0.033
"2022-08-21 18:00:00",19229,12.91,102.1806,0.105,113.8,16.16,16.83,80.3,6.3,0.616,0,14.42,16.87,0.033
"2022-08-21 19:00:00",19230,12.9,102.2064,0.003,171.2,0.072,14.34,90.9,0,0,0,12.63,13.57,0.033
"2022-08-21 20:00:00",19231,12.9,102.2103,0,0,0,13.76,83.6,0,0,0,11.84,12.13,0.033
"2022-08-21 21:00:00",19232,12.89,102.2064,0.001,271.7,0,13.12,93.2,0,0,0,11.3,11.54,0.033
"2022-08-21 22:00:00",19233,12.87,102.1739,0.002,249.5,0.043,11.39,95.4,0,0,0,10.34,10.8,0.033
"2022-08-21 23:00:00",19234,12.86,102.1495,0.007,280.4,3.578,11.04,96.2,0,0,0,10.1,10.29,0.033
"2022-08-22 00:00:00",19235,12.84,102.1252,0.232,257.5,20.68,11.32,95.6,0,0,0,10.54,10.96,0.033
"2022-08-22 01:00:00",19236,12.82,102.0846,0.48,248.7,23.94,11.19,96.4,0,0,0,10.84,11.26,0.033
"2022-08-22 02:00:00",19237,12.81,101.9953,0.247,267.6,18.87,11.34,97.1,0,0,0,10.61,11.39,0.033
"2022-08-22 03:00:00",19238,12.79,101.9303,0.009,300.7,4.168,10.86,97.5,0,0,0,9.53,10,0.033
"2022-08-22 04:00:00",19239,12.77,101.8734,0,0,0,9.01,99.9,0,0,0,8.3,8.72,0.033
"2022-08-22 05:00:00",19240,12.72,101.8572,0.005,334.6,0.006,9.74,100,0,0,0,8.56,8.65,0.033
"2022-08-22 06:00:00",19241,12.71,101.8572,0.011,324,2.627,10.04,100,0,0,0,8.7,8.79,0.032
"2022-08-22 07:00:00",19242,12.7,101.8816,0.182,317.1,7.171,10.46,98,35.25,1.448,0,8.83,9.73,0.032
"2022-08-22 08:00:00",19243,13.3,101.8976,1.114,328.3,16.79,14.08,83.2,204.8,8.14,0,11.92,14.48,0.032
"2022-08-22 09:00:00",19244,14.21,101.9235,1.929,340,27.71,18.59,64.95,413.3,17.52,0,17.24,20.02,0.032
"2022-08-22 10:00:00",19245,14.31,101.8867,2.316,348.4,34.01,21.09,55.27,592.8,26.45,0,22.12,23.9,0.032
"2022-08-22 11:00:00",19246,14.3,101.8274,2.53,351.8,35.29,22.47,51.47,715.4,32.68,0,25.03,26.04,0.032
"2022-08-22 12:00:00",19247,14.3,101.7061,2.634,354.2,34.71,23.41,48.96,775.3,35.37,0,26.55,27.53,0.033
"2022-08-22 13:00:00",19248,14.31,101.6097,2.776,24.68,35.11,23.78,51.7,764.7,34.79,0,27.62,28.1,0.033
"2022-08-22 14:00:00",19249,14.35,101.5683,3.264,37.26,27.78,23.43,54.56,691.7,31.42,0,26.62,27.35,0.033
"2022-08-22 15:00:00",19250,14.37,101.5452,3.416,34.75,30.33,22.76,56.86,552.9,23.94,0,25.36,26.08,0.033
"2022-08-22 16:00:00",19251,14.33,101.5793,3.4,27.15,27.92,21.64,57.96,356.3,14.31,0,22.86,24.13,0.033
"2022-08-22 17:00:00",19252,13.29,101.6199,2.873,30.78,27.89,20.4,68.61,130.8,5.517,0,19.96,21.16,0.033
"2022-08-22 18:00:00",19253,12.94,101.6773,1.464,32.02,21.76,18.53,79.75,7.139,0.592,0,17.95,18.96,0.033
"2022-08-22 19:00:00",19254,12.93,101.7666,0.204,33.06,9.63,16.41,87.5,0,0,0,15,16.57,0.033
"2022-08-22 20:00:00",19255,12.91,101.8721,0,0,0,15.59,88.8,0,0,0,13.46,14.14,0.033
"2022-08-22 21:00:00",19256,12.89,101.921,0.002,160.9,0.072,15.86,86.6,0,0,0,12.99,13.14,0.033
"2022-08-22 22:00:00",19257,12.87,101.9932,0.067,242.3,5.572,14.34,93.6,0,0,0,12.42,12.79,0.032
"2022-08-22 23:00:00",19258,12.86,102.0211,0.076,233.9,6.777,13.81,96.3,0,0,0,12.11,12.72,0.033
"2022-08-23 00:00:00",19259,12.85,102.0593,0.307,199.6,19.85,12.8,94.9,0,0,0,11.69,12.43,0.032
"2022-08-23 01:00:00",19260,12.84,102.0431,0.69,185.4,31.11,13.92,93.8,0,0,0,13.5,13.72,0.032
"2022-08-23 02:00:00",19261,12.82,102.0317,0.574,161.1,27.18,13.18,95.7,0,0,0,12.92,13.21,0.032
"2022-08-23 03:00:00",19262,12.8,102.0086,0.392,167.1,23.69,13.22,96.8,0,0,0,12.52,13.05,0.032
"2022-08-23 04:00:00",19263,12.78,102.0104,0.333,166,18.23,13.23,95.8,0,0,0,12.47,12.87,0.032
"2022-08-23 05:00:00",19264,12.74,102.0733,0.681,184.9,26.3,13.7,92.5,0,0,0,12.81,13.54,0.032
"2022-08-23 06:00:00",19265,12.73,102.1256,0.715,180.4,29.09,14.08,92.6,0,0,0,13.92,14.09,0.032
"2022-08-23 07:00:00",19266,12.72,102.2132,0.728,188,31.94,14.44,91.9,21.14,1.205,0,13.89,14.4,0.032
"2022-08-23 08:00:00",19267,12.81,102.3024,1.041,179.6,32.58,15.66,86.8,127.3,5.735,0,15.01,16.06,0.032
"2022-08-23 09:00:00",19268,13.55,102.3673,0.935,180.5,34.53,17.72,82.3,178.6,9.91,0,17.35,18.39,0.032
"2022-08-23 10:00:00",19269,13.59,102.3853,0.87,167.4,30.47,19.11,77.83,190.5,10.2,0,19.14,19.9,0.032
"2022-08-23 11:00:00",19270,14.01,102.3179,0.899,148.4,38.18,21.47,59.74,417.4,22.89,0,20.76,22.82,0.032
"2022-08-23 12:00:00",19271,14.03,102.2298,1.687,84.9,47.15,23.8,52.7,755,35.61,0,24.97,26.85,0.032
"2022-08-23 13:00:00",19272,14.02,102.1583,1.809,86,34.95,24.11,51.22,717.4,35.27,0,25.51,27.18,0.032
"2022-08-23 14:00:00",19273,14.19,102.1171,2.369,74.86,27.93,23.85,55.73,726.1,34.02,0,26.43,27.33,0.032
"2022-08-23 15:00:00",19274,14.32,102.0777,2.583,79.92,27.2,23.28,55.86,572,26.26,0,24.92,25.98,0.033
"2022-08-23 16:00:00",19275,14.35,102.0738,2.357,74.86,26.73,22.73,65.9,377.5,16.27,0,23.54,24.57,0.033
"2022-08-23 17:00:00",19276,13.22,102.0744,2.39,68.33,22.16,21.02,71.38,142.3,6.438,0,20.26,21.59,0.033
"2022-08-23 18:00:00",19277,12.94,102.1481,1.003,66.24,14.24,18.89,77.77,6.487,0.665,0,17.02,19.01,0.033
"2022-08-23 19:00:00",19278,12.92,102.1806,0.001,55.91,0.001,16.73,84.6,0,0,0,14.61,15.45,0.033
"2022-08-23 20:00:00",19279,12.91,102.205,0,0,0,16.48,86.4,0,0,0,13.38,13.91,0.032
"2022-08-23 21:00:00",19280,12.88,102.2131,0,0,0,16.16,89.1,0,0,0,13.03,13.28,0.032
"2022-08-23 22:00:00",19281,12.87,102.2381,0,0,0,15,92.9,0,0,0,12.98,13.45,0.032
"2022-08-23 23:00:00",19282,12.86,102.2213,0.111,241.6,10.3,14.76,93.3,0,0,0,14.08,14.32,0.032
"2022-08-24 00:00:00",19283,12.85,102.1817,0.005,241.8,1.476,13.72,97.1,0,0,0,12.44,13.08,0.032
"2022-08-24 01:00:00",19284,12.83,102.1391,0.208,246.8,13.4,14.15,95.7,0,0,0,12.96,13.74,0.032
"2022-08-24 02:00:00",19285,12.82,102.0883,0.2,237.5,13.66,14.29,96.1,0,0,0,13.83,14.11,0.032
"2022-08-24 03:00:00",19286,12.8,102.0564,0.075,239.1,7.325,14.36,96.5,0,0,0,13.21,13.5,0.032
"2022-08-24 04:00:00",19287,12.78,102.0457,0.154,236.2,9.44,14.31,96,0,0,0,13.4,13.68,0.032
"2022-08-24 05:00:00",19288,12.74,102.0502,0.05,240.8,4.713,14.04,96.5,0,0,0,12.4,12.82,0.032
"2022-08-24 06:00:00",19289,12.73,102.0792,0.134,233.8,10.75,13.75,97,0,0,0,12.47,12.78,0.032
"2022-08-24 07:00:00",19290,12.72,102.0999,0.039,237.3,4.958,12.5,92.7,35.69,1.637,0,12.28,12.74,0.032
"2022-08-24 08:00:00",19291,13.32,102.1401,0.531,277.3,18.37,16.54,80.7,212.8,8.85,0,13.36,16.48,0.032
"2022-08-24 09:00:00",19292,14.16,102.1312,1.353,307.3,31.92,21.18,67.43,424.4,18.83,0,19.22,22.09,0.032
"2022-08-24 10:00:00",19293,14.25,102.1169,1.522,341.5,40.61,23.13,51.87,608.2,28.07,0,24.2,26.1,0.032
"2022-08-24 11:00:00",19294,13.92,102.0269,1.538,1.213,42.39,24.19,52.7,654.6,32.42,0,27.1,28.06,0.032
"2022-08-24 12:00:00",19295,13.97,101.898,1.825,5.612,38.74,25.03,50.57,716,34.95,0,27.5,29.07,0.032
"2022-08-24 13:00:00",19296,13.99,101.7497,1.941,10.91,42.74,25.79,56.38,766.4,35.74,0,27.97,30.19,0.032
"2022-08-24 14:00:00",19297,14.31,101.6629,3.256,47.12,25.89,24.71,58.66,711.3,33.02,0,27.26,28.72,0.032
"2022-08-24 15:00:00",19298,14.35,101.6,3.301,50.81,23.73,24.47,59.67,573.3,25.93,0,26.69,27.52,0.032
"2022-08-24 16:00:00",19299,14.36,101.5708,3.005,45.45,26.01,23.57,65.32,383,16.22,0,25.15,26.02,0.033
"2022-08-24 17:00:00",19300,13.18,101.5793,2.585,30.15,27.86,21.88,75.22,147.4,6.535,0,21.29,22.83,0.032
"2022-08-24 18:00:00",19301,12.94,101.6033,1.672,31.9,25.01,19.88,84,6.084,0.686,0,19.33,20.27,0.032
"2022-08-24 19:00:00",19302,12.92,101.653,0.899,33.92,19.59,18.45,91.2,0,0,0,18.2,18.71,0.032
"2022-08-24 20:00:00",19303,12.91,101.6773,0.399,27.92,12.61,17.48,92.8,0,0,0,16.82,17.5,0.032
"2022-08-24 21:00:00",19304,12.89,101.7179,0.407,27.48,12.41,17.04,94.6,0,0,0,15.96,16.65,0.032
"2022-08-24 22:00:00",19305,12.88,101.726,0.031,16.11,2.695,16.65,96.6,0,0,0,15.12,15.52,0.032
"2022-08-24 23:00:00",19306,12.86,101.7098,0.142,293,12.77,15.39,99.1,0,0,0,14.56,14.84,0.032
"2022-08-25 00:00:00",19307,12.84,101.7031,0.048,300.6,6.839,14.6,100,0,0,0,13.74,14.18,0.032
"2022-08-25 01:00:00",19308,12.81,101.6611,0.123,310.3,11.75,14.89,100,0,0,0,14.24,14.65,0.032
"2022-08-25 02:00:00",19309,12.82,101.5644,0.059,324.5,3.095,14.23,100,0,0,0,13.41,13.74,0.032
"2022-08-25 03:00:00",19310,12.8,101.5078,0,0,0,11.74,100,0,0,0,12.01,12.36,0.032
"2022-08-25 04:00:00",19311,12.77,101.467,0.032,316.6,2.493,12.66,100,0,0,0,12.26,12.66,0.032
"2022-08-25 05:00:00",19312,12.73,101.4333,0.193,313.6,6.63,14.08,100,0,0,0,12.77,13.21,0.032
"2022-08-25 06:00:00",19313,12.72,101.4506,0.173,312.8,9.37,13.84,100,0,0,0,12.2,13.45,0.032
"2022-08-25 07:00:00",19314,12.71,101.4691,0.049,357.5,7.511,14.26,100,32.99,1.583,0,12.06,13.4,0.032
"2022-08-25 08:00:00",19315,13.26,101.5069,1.145,340.2,21.1,17.26,90.9,221.4,8.18,0,15.77,17.94,0.032
"2022-08-25 09:00:00",19316,14.15,101.482,2.401,344.1,31.44,20.5,77.21,415,17.51,0,19.73,21.79,0.031
"2022-08-25 10:00:00",19317,14.08,101.3989,2.796,353.8,36.83,22.87,59.38,595.6,26.05,0,23.64,25.36,0.032
"2022-08-25 11:00:00",19318,14.26,101.2725,3.11,1.222,33.36,24.52,60.61,705.7,29.31,0,26.73,27.65,0.032
"2022-08-25 12:00:00",19319,14.21,101.1104,2.992,350.7,34.36,26.17,51.43,778.5,34.75,0,28.66,29.72,0.032
"2022-08-25 13:00:00",19320,14.26,100.9479,2.938,2.033,35.91,27.23,48.27,768.6,34.33,0,29.84,30.91,0.032
"2022-08-25 14:00:00",19321,14.25,100.8263,2.797,10.03,36.53,27.76,57.63,683.8,29.24,0,30.52,31.36,0.032
"2022-08-25 15:00:00",19322,14.27,100.7623,3.303,28.08,28.25,26.09,63.23,548.6,22.73,0,28.21,29.26,0.032
"2022-08-25 16:00:00",19323,14.32,100.7237,3.205,33.69,26.48,24.9,69.54,363.9,14.2,0,25.62,27.17,0.032
"2022-08-25 17:00:00",19324,13.23,100.7189,2.877,30.72,25.05,23.13,76.95,137.1,5.656,0,22.45,23.89,0.032
"2022-08-25 18:00:00",19325,12.94,100.769,2.209,26.35,23.03,21.34,84.8,7.944,0.617,0,20.76,21.53,0.032
"2022-08-25 19:00:00",19326,12.93,100.8327,1.14,24.04,20.32,20.1,91.9,0,0,0,19.62,20.21,0.032
"2022-08-25 20:00:00",19327,12.91,100.8574,0.371,22.76,14.43,19.07,93.1,0,0,0,18.43,18.97,0.032
"2022-08-25 21:00:00",19328,12.9,100.8655,0.458,355.6,21.95,18.75,92.2,0,0,0,17.98,18.12,0.032
"2022-08-25 22:00:00",19329,12.88,100.8412,1.19,328.2,15.6,18.48,93.7,0,0,0,17.76,17.89,0.032
"2022-08-25 23:00:00",19330,12.87,100.8331,0.873,310.2,19.53,17.83,97,0,0,0,16.86,17.47,0.032
"2022-08-26 00:00:00",19331,12.86,100.8006,0.943,310.6,16.94,16.63,98,0,0,0,16.39,16.67,0.032
"2022-08-26 01:00:00",19332,12.84,100.7519,0.68,319.3,13.8,15.9,99.5,0,0,0,15.82,16.01,0.031
"2022-08-26 02:00:00",19333,12.82,100.7275,0.082,321.5,6.826,15.35,100,0,0,0,13.6,14.89,0.032
"2022-08-26 03:00:00",19334,12.81,100.8818,0.743,198,23.49,15.11,100,0,0,0,13.05,14.57,0.031
"2022-08-26 04:00:00",19335,12.79,100.9224,0.622,173.3,26.09,15.64,100,0,0,0,15.55,15.74,0.031
"2022-08-26 05:00:00",19336,12.75,100.963,0.929,186.9,31.3,15.74,100,0,0,0,15.6,15.79,0.031
"2022-08-26 06:00:00",19337,12.75,101.0279,0.511,196,24.03,16.26,99.6,0,0,0,15.65,15.96,0.031
"2022-08-26 07:00:00",19338,12.73,101.1334,0.685,172.6,27.51,15.92,99.9,30.04,1.306,0,15.58,15.97,0.031
"2022-08-26 08:00:00",19339,12.86,101.1984,0.625,187.6,25.15,18.06,90.6,103.2,5.386,0,17.11,17.97,0.031
"2022-08-26 09:00:00",19340,13.51,101.2392,1.607,167.4,38.79,21.38,71.41,342.6,14.59,0,18.88,21.37,0.031
"2022-08-26 10:00:00",19341,13.95,101.2452,2.002,169.2,42.32,23.1,65.3,467,21.91,0,22.71,24.19,0.031
"2022-08-26 11:00:00",19342,14.21,101.168,1.856,166.1,43.13,24.91,60.36,674.1,30.68,0,25.32,26.81,0.031
"2022-08-26 12:00:00",19343,14.12,101.0859,1.33,155.8,42.89,25.92,61.29,571.1,27.39,0,27.28,28.21,0.032
"2022-08-26 13:00:00",19344,14.08,100.999,1.509,111,40.99,25.57,56.58,501.1,24.27,0,26.55,27.59,0.032
"2022-08-26 14:00:00",19345,14.08,100.9309,1.846,102.5,38.08,26.28,60.59,640.1,28.26,0,28.12,28.9,0.032
"2022-08-26 15:00:00",19346,14.27,100.8763,2.227,81.7,26.51,25.31,63.88,516.3,21.24,0,27.12,27.86,0.032
"2022-08-26 16:00:00",19347,14.3,100.8799,2.306,73.02,23.47,23.88,73.69,328.1,12.76,0,24.56,25.8,0.032
"2022-08-26 17:00:00",19348,13.29,100.8894,2.076,66.35,20.23,22.28,83.3,120.1,5.144,0,21.88,23.19,0.032
"2022-08-26 18:00:00",19349,12.94,100.8961,1.067,62.93,15.1,20.28,91.3,8.16,0.597,0,19.89,20.88,0.032
"2022-08-26 19:00:00",19350,12.93,100.9061,0.138,68.93,8.05,18.65,96,0,0,0,17.32,18.72,0.032
"2022-08-26 20:00:00",19351,12.91,100.963,0,0,0,17.74,97.3,0,0,0,15.84,16.34,0.032
"2022-08-26 21:00:00",19352,12.9,101.036,0.136,295.4,6.947,17.03,99.5,0,0,0,15.33,15.7,0.032
"2022-08-26 22:00:00",19353,12.88,101.0117,0.344,283.8,20.95,16.72,99.7,0,0,0,16.48,16.9,0.031
"2022-08-26 23:00:00",19354,12.87,100.963,0.05,272.5,8.72,16.49,100,0,0,0,15.71,16.17,0.031
"2022-08-27 00:00:00",19355,12.85,100.9467,0.01,223.9,4.549,16.16,100,0,0,0,14.59,15.29,0.031
"2022-08-27 01:00:00",19356,12.84,100.9305,0.001,274,0,15.67,100,0,0,0,14.18,14.49,0.031
"2022-08-27 02:00:00",19357,12.82,100.8827,0.015,295.3,1.258,14.17,100,0.223,0,0,13.85,14.28,0.031
"2022-08-27 03:00:00",19358,12.81,100.8656,0.002,301.9,0,15.36,100,0,0,0,15.52,16.19,0.031
"2022-08-27 04:00:00",19359,12.79,100.8087,0,0,0,14.83,100,0,0,0,14.91,15.88,0.031
"2022-08-27 05:00:00",19360,12.75,100.7849,0,0,0,13.79,100,0,0,0,14.57,14.73,0.031
"2022-08-27 06:00:00",19361,12.74,100.825,0.021,302.1,0.102,14.21,100,0,0,0,14.62,15.07,0.031
"2022-08-27 07:00:00",19362,12.72,100.8574,0.057,317,3.475,15.14,100,34.35,1.46,0,14.06,14.86,0.031
"2022-08-27 08:00:00",19363,13.05,100.8818,0.824,1.562,22.75,17.45,89.4,187.2,6.964,0,16.34,18.31,0.031
"2022-08-27 09:00:00",19364,13.91,100.9138,2.086,357.4,32.32,21.66,71.68,381.2,14.88,0,20.34,22.37,0.031
"2022-08-27 10:00:00",19365,14.21,100.9002,2.466,358.5,33.44,24.47,63.5,555.7,22.71,0,24.47,26.5,0.031
"2022-08-27 11:00:00",19366,14.22,100.8361,2.428,1.321,34.29,26.1,56.04,677.2,28.4,0,27.87,29.04,0.031
"2022-08-27 12:00:00",19367,14.21,100.7128,2.436,354.1,34.22,28.11,46.46,736.2,31.22,0,30.11,31.41,0.031
"2022-08-27 13:00:00",19368,14.22,100.6223,2.298,356.3,33.28,29.88,44.43,725.6,30.66,0,32.56,33.42,0.031
"2022-08-27 14:00:00",19369,14.22,100.5669,2.728,27.08,28.23,29.03,60.56,649.3,27.05,0,31.43,32.61,0.032
"2022-08-27 15:00:00",19370,14.27,100.5463,3.193,30.61,27.06,27.35,66.53,516.8,20.68,0,29.09,30.33,0.032
"2022-08-27 16:00:00",19371,14.29,100.5392,3.158,26.12,28.01,25.97,71.16,341.9,12.98,0,27.25,28.25,0.032
"2022-08-27 17:00:00",19372,13.23,100.5809,2.503,30.95,23.67,24.58,79.37,125.8,5.213,0,23.92,25.39,0.032
"2022-08-27 18:00:00",19373,12.94,100.6459,1.574,24.33,23.43,22.44,86.5,7.785,0.606,0,21.77,22.78,0.032
"2022-08-27 19:00:00",19374,12.93,100.8726,0.484,180.8,44.59,20.81,93.6,0,0,0,19.26,20.79,0.032
"2022-08-27 20:00:00",19375,12.91,101.0685,1.192,176.3,42.27,20.08,92,0,0,0,18.8,19.88,0.031
"2022-08-27 21:00:00",19376,12.9,101.1497,0.996,172.3,36.24,19.95,94,0,0,0,19.78,19.95,0.031
"2022-08-27 22:00:00",19377,12.88,101.1902,1.263,164.7,36.22,19.75,93,0,0,0,19.6,19.68,0.031
"2022-08-27 23:00:00",19378,12.88,101.2065,1.155,171.3,37.76,19.97,89.2,0,0,0,19.61,19.8,0.031
"2022-08-28 00:00:00",19379,12.87,101.2471,1.321,174.1,36.04,19.69,87.3,0,0,0,19.54,19.65,0.031
"2022-08-28 01:00:00",19380,12.86,101.2308,1.35,172.4,38.37,19.68,86.3,0,0,0,19.65,19.74,0.031
"2022-08-28 02:00:00",19381,12.85,101.1813,1.363,171,36.92,19.54,87.1,0,0,0,19.62,19.66,0.031
"2022-08-28 03:00:00",19382,12.83,101.1578,1.254,179.2,39.39,19.43,87.5,0,0,0,19.5,19.57,0.031
"2022-08-28 04:00:00",19383,12.81,101.174,1.307,174.5,37.95,19.34,87.5,0,0,0,19.43,19.46,0.031
"2022-08-28 05:00:00",19384,12.77,101.174,1.185,174.2,37.05,19.19,88.6,0,0,0,19.1,19.31,0.031
"2022-08-28 06:00:00",19385,12.76,101.2227,1.078,180.7,32.43,18.8,89.6,0,0,0,18.68,18.86,0.031
"2022-08-28 07:00:00",19386,12.75,101.2795,0.879,180,29.29,18.82,88.4,21.69,1.115,0,18.69,18.93,0.031
"2022-08-28 08:00:00",19387,12.79,101.2946,1.026,176,35.54,19.87,83.2,123.3,5.755,0,19.36,20.23,0.031
"2022-08-28 09:00:00",19388,13.63,101.3521,1.451,176.7,38.1,22.16,74.71,374.3,14.57,0,21.49,23.24,0.031
"2022-08-28 10:00:00",19389,13.92,101.3433,1.1,158,33.57,23.58,70.82,390.3,17.5,0,24.76,25.26,0.031
"2022-08-28 11:00:00",19390,14.05,101.2486,1.296,132.5,39.74,24.55,73.39,470.9,22.59,0,26,26.9,0.031
"2022-08-28 12:00:00",19391,13.99,101.1199,1.335,72.56,27.95,24.54,70.75,432.1,20.44,0,26.24,27.38,0.031
"2022-08-28 13:00:00",19392,14.1,101.0086,1.717,64.09,28.15,24.87,70.72,423.7,19.04,0,27.25,27.86,0.031
"2022-08-28 14:00:00",19393,14.1,100.9447,1.962,68.13,30.5,24.87,76.96,426.7,19.54,0,26.63,27.99,0.031
"2022-08-28 15:00:00",19394,14.13,100.8549,2.16,64.35,25.63,24.67,74.7,394.6,16.73,0,26.33,27.12,0.031
"2022-08-28 16:00:00",19395,14.29,100.8065,2.371,51.17,25.9,24.17,81.7,315,12.07,0,25.56,26.58,0.031
"2022-08-28 17:00:00",19396,13.31,100.7912,2.297,35.78,27.55,22.64,89.7,117.6,4.836,0,22.77,24,0.031
"2022-08-28 18:00:00",19397,12.94,100.8087,1.879,28.47,22.28,21.41,93.9,8.9,0.582,0,21.59,22.03,0.031
"2022-08-28 19:00:00",19398,12.93,100.8551,1.249,10.94,22.67,20.84,96.9,0,0,0,20.71,21.2,0.031
"2022-08-28 20:00:00",19399,12.92,100.8899,0.551,4.155,17.59,19.99,99.1,0,0,0,19.65,20.26,0.031
"2022-08-28 21:00:00",19400,12.9,100.9305,0.246,351.6,13.71,19.34,99.8,0,0,0,19.01,19.39,0.031
"2022-08-28 22:00:00",19401,12.89,100.9224,0.264,342.9,12.84,18.92,99.3,0,0,0,18.54,18.77,0.031
"2022-08-28 23:00:00",19402,12.87,100.9142,1.033,342.7,22.5,19.4,99,0,0,0,18.8,19.11,0.031
"2022-08-29 00:00:00",19403,12.87,100.8574,0.999,339.8,23.44,19.48,98.8,0,0,0,19,19.14,0.031
"2022-08-29 01:00:00",19404,12.86,100.7844,1.533,337.3,19.65,19.54,99.5,0,0,0,19.17,19.27,0.031
"2022-08-29 02:00:00",19405,12.85,100.7519,1.909,331.9,19.68,19.56,99.5,0,0,0,19.18,19.31,0.031
"2022-08-29 03:00:00",19406,12.83,100.6951,1.922,331.1,20.88,19.69,98.3,0,0,0,19.18,19.37,0.031
"2022-08-29 04:00:00",19407,12.81,100.6382,1.745,333.5,20.12,19.34,98.2,0,0,0,18.74,18.96,0.031
"2022-08-29 05:00:00",19408,12.77,100.6707,1.775,331.9,19.05,18.91,96.6,0,0,0,18.14,18.43,0.031
"2022-08-29 06:00:00",19409,12.76,100.6301,1.256,348.5,22.33,18.64,95.1,0,0.001,0,17.79,17.98,0.031
"2022-08-29 07:00:00",19410,12.75,100.6301,1.1,353.5,20.6,19.08,91,32.54,1.596,0,17.92,18.19,0.031
"2022-08-29 08:00:00",19411,13.06,100.6981,1.907,340.9,21.85,20.93,82.3,197,7.537,0,18.96,20.45,0.031
"2022-08-29 09:00:00",19412,13.84,100.9038,0.994,209.6,65.63,24.32,64.29,394.6,15.89,0,22.22,24.38,0.031
"2022-08-29 10:00:00",19413,14.15,100.9647,1.271,169.6,34.76,26.16,63.12,566.1,23.87,0,26.24,27.42,0.031
"2022-08-29 11:00:00",19414,14.17,100.9307,1.539,145.6,40.64,27.66,57,687,29.67,0,28.08,29.65,0.031
"2022-08-29 12:00:00",19415,14.17,100.8837,1.658,135.8,35.47,28.11,62.76,740.4,32.26,0,30.27,30.65,0.031
"2022-08-29 13:00:00",19416,14.19,100.8281,1.989,132.8,38.12,27.85,63.4,729.9,31.9,0,29.69,30.44,0.031
"2022-08-29 14:00:00",19417,14.02,100.8354,2.195,137.2,36.5,27.53,69.92,609.2,27.16,0,27.33,29.86,0.031
"2022-08-29 15:00:00",19418,14.15,100.8632,2.536,145.2,34.9,25.6,66.02,492.9,21.4,0,26.29,27.37,0.031
"2022-08-29 16:00:00",19419,14.29,100.9056,2.881,147.7,35.63,24.19,66.79,340.1,13.57,0,24.31,25.44,0.031
"2022-08-29 17:00:00",19420,13.27,100.9706,2.745,147.1,40.13,22.62,73.23,125.8,5.281,0,21.97,23.01,0.031
"2022-08-29 18:00:00",19421,12.93,101.0551,2.469,152.4,41.33,21.11,81.8,9.15,0.634,0,20.69,21.22,0.031
"2022-08-29 19:00:00",19422,12.92,101.1735,1.971,155.9,41.89,20.39,84.1,0,0,0,20.15,20.44,0.031
"2022-08-29 20:00:00",19423,12.92,101.3201,1.627,166.3,45.52,19.67,88,0,0,0,19.52,19.79,0.031
"2022-08-29 21:00:00",19424,12.9,101.4094,1.378,173.6,43.55,18.99,92,0,0,0,18.77,19.22,0.031
"2022-08-29 22:00:00",19425,12.88,101.5231,1.173,176.8,38.7,18.43,93.4,0,0,0,18.56,18.67,0.031
"2022-08-29 23:00:00",19426,12.87,101.5718,1.144,175.3,35.91,18.91,76.11,0,0,0,18.52,18.92,0.031
"2022-08-30 00:00:00",19427,12.86,101.6122,2.048,159.4,43.87,19.94,94.1,0,0,0,18.95,19.91,0.031
"2022-08-30 01:00:00",19428,12.85,101.6854,2.038,165.2,44.07,18.04,97.6,0,0,0,17.77,18.37,0.031
"2022-08-30 02:00:00",19429,12.83,101.6854,1.585,172.5,36.92,16.89,96.4,0,0,0,17.05,17.28,0.031
"2022-08-30 03:00:00",19430,12.81,101.7179,1.911,176.7,43.27,16.72,89.9,0,0,0.254,16.62,16.88,0.031
"2022-08-30 04:00:00",19431,12.8,101.7585,1.738,182,40.85,16.62,89.3,0,0,0,16.63,16.67,0.031
"2022-08-30 05:00:00",19432,12.76,101.8153,2.126,177.1,40.03,16.39,95,0,0,0,16.01,16.51,0.031
"2022-08-30 06:00:00",19433,12.74,101.929,2.217,174.9,37.02,15.57,95.8,0,0,0,15.52,15.79,0.03
"2022-08-30 07:00:00",19434,12.71,102.0345,2.084,174.5,36.95,15.08,96.5,3.054,0.289,1.016,15.13,15.37,0.03
"2022-08-30 08:00:00",19435,12.7,102.1806,2.219,183.1,42.56,14.82,95,29.51,1.697,0,14.95,15.06,0.031
"2022-08-30 09:00:00",19436,12.74,102.278,1.936,178.6,36.96,14.61,93.5,59.47,3.609,0,14.85,14.96,0.031
"2022-08-30 10:00:00",19437,12.93,102.343,2.141,177,38.65,15.1,83.7,113.6,6.861,0,15.04,15.35,0.03
"2022-08-30 11:00:00",19438,13.46,102.3105,2.265,171.2,35.55,16.23,75.76,190.8,11.15,0,15.94,16.48,0.03
"2022-08-30 12:00:00",19439,13.64,102.2537,2.388,170.4,45.98,17.29,72.76,276.2,15.45,0,17.18,17.94,0.031
"2022-08-30 13:00:00",19440,13.75,102.1887,2.246,167.9,44.97,16.56,73.78,250.3,14.09,0,16.07,17.45,0.03
"2022-08-30 14:00:00",19441,13.85,102.1319,1.896,160.4,40.35,18.43,58.74,270.9,15.24,0,18.49,19.23,0.03
"2022-08-30 15:00:00",19442,13.98,102.1069,2.669,151.4,36.17,20.02,60.35,486.4,23.23,0,19.66,21.22,0.03
"2022-08-30 16:00:00",19443,14.01,102.1319,2.43,149,36.85,19.26,54.1,292,13.96,0,19.08,19.94,0.03
"2022-08-30 17:00:00",19444,13.45,102.1619,2.257,150.4,38.43,18.62,55.08,164.8,6.484,0,17.52,18.76,0.03
"2022-08-30 18:00:00",19445,12.98,102.1806,1.244,166,40.42,16.97,65.16,12.79,0.741,0,16.54,16.9,0.03
"2022-08-30 19:00:00",19446,12.95,102.205,1.35,167.4,45.45,16.86,64.13,0,0,0,16.52,16.84,0.03
"2022-08-30 20:00:00",19447,12.92,102.2456,0.83,199.8,35.97,15.41,74.96,0,0,0,13.64,15.3,0.03
"2022-08-30 21:00:00",19448,12.9,102.3019,0.155,250.9,11.14,13.12,83.7,0,0,0,11.22,12.27,0.03
"2022-08-30 22:00:00",19449,12.88,102.3282,0.208,241.4,9.86,12.06,81.5,0,0,0,10.53,11.01,0.03
"2022-08-30 23:00:00",19450,12.87,102.3282,0.077,253.8,5.589,10.92,88.2,0,0,0,9.3,9.88,0.03
"2022-08-31 00:00:00",19451,12.84,102.3282,0.195,217,16.04,10.47,84.9,0,0,0,9.1,9.41,0.03
"2022-08-31 01:00:00",19452,12.83,102.2795,0.678,208.6,27.49,11.38,76.42,0,0,0,9.69,10.6,0.03
"2022-08-31 02:00:00",19453,12.81,102.2064,1.152,180.9,38.88,12.55,73.81,0,0,0,11.59,11.89,0.03
"2022-08-31 03:00:00",19454,12.8,102.1577,1.402,179.6,41.33,12,70.35,0,0,0,11.16,11.63,0.03
"2022-08-31 04:00:00",19455,12.78,102.1495,1.633,180.3,40.9,12.13,60.93,0,0,0,11.13,11.66,0.03
"2022-08-31 05:00:00",19456,12.74,102.1414,1.624,196,39.12,12.92,59.41,0,0,0,12.14,12.36,0.03
"2022-08-31 06:00:00",19457,12.72,102.1896,1.387,213.9,44.99,12.81,61.79,0,0.008,0,11.96,12.25,0.03
"2022-08-31 07:00:00",19458,12.7,102.2534,1.115,221.9,41.43,13.07,56.49,50.45,2.267,0,11.89,12.56,0.03
"2022-08-31 08:00:00",19459,13.35,102.343,1.525,208.5,38.89,15.59,52.88,219.3,9.47,0,14.1,15.87,0.03
"2022-08-31 09:00:00",19460,13.73,102.3917,1.935,201.7,43.41,17.09,48.74,296.6,14.38,0,16.44,17.82,0.03
"2022-08-31 10:00:00",19461,14.01,102.4161,2.392,189.8,47.52,18.88,47.37,405.7,20.26,0,18.54,19.93,0.03
"2022-08-31 11:00:00",19462,14.2,102.3747,2.668,190.9,47.25,20.1,45.57,527.3,26.61,0,20.36,21.62,0.03
"2022-08-31 12:00:00",19463,14.21,102.2854,2.428,177.6,46.97,20.81,47.16,515.3,26.57,0,21.38,22.41,0.03
"2022-08-31 13:00:00",19464,14.16,102.2107,2.5,170,52.36,22.12,44.73,732.9,35.28,0,22.54,24.2,0.03
"2022-08-31 14:00:00",19465,14.04,102.1529,2.819,166.5,45.45,22.14,44.02,698,32.92,0,23.59,24.2,0.031
"2022-08-31 15:00:00",19466,14.1,102.1471,2.47,165.1,44.83,21.7,46.13,465.7,22.39,0,22.44,23.31,0.031
"2022-08-31 16:00:00",19467,14.04,102.1799,2.206,165.3,46.95,21.31,50.27,346.6,15.44,0,21.23,22.44,0.031
"2022-08-31 17:00:00",19468,13.37,102.2127,1.778,173.8,47.59,19.89,54.74,115.3,5.261,0,19.83,20.55,0.031
"2022-08-31 18:00:00",19469,12.96,102.2525,1.484,170.1,42.92,18.93,58.67,13.07,0.571,0,18.57,19.21,0.031
"2022-08-31 19:00:00",19470,12.94,102.2537,1.245,190.6,41.37,17.91,62.25,0,0,0,17.83,18.14,0.03
"2022-08-31 20:00:00",19471,12.92,102.3105,1.163,199.9,34.43,17.49,65.35,0,0,0,17.52,17.71,0.031
"2022-08-31 21:00:00",19472,12.91,102.3592,1.208,201.5,35.96,17.23,66.72,0,0,0,17.3,17.45,0.03
"2022-08-31 22:00:00",19473,12.9,102.3592,1.064,195.8,40.38,16.91,67.95,0,0,0,16.95,17.12,0.03
"2022-08-31 23:00:00",19474,12.89,102.3267,1.083,191.4,35.78,16.83,70.64,0,0,0,16.88,17,0.03
"2022-09-01 00:00:00",19475,12.87,102.3105,1.222,192.8,39.44,16.29,75.09,0,0,0,16.17,16.35,0.03
"2022-09-01 01:00:00",19476,12.86,102.2537,1.028,200.8,35.04,16.21,72.34,0,0,0,16.2,16.38,0.03
"2022-09-01 02:00:00",19477,12.83,102.2131,1.064,203.3,30.69,15.61,77.22,0,0,0,15.32,15.83,0.03
"2022-09-01 03:00:00",19478,12.82,102.1319,1.186,205,36.36,15.26,78.06,0,0,0,14.9,15.27,0.03
"2022-09-01 04:00:00",19479,12.8,102.0994,1.07,202.1,36.79,15.21,78.14,0,0,0,14.9,15.28,0.03
"2022-09-01 05:00:00",19480,12.76,102.1079,0.669,193,31.83,14.42,84.5,0,0,0,13.64,14.67,0.03
"2022-09-01 06:00:00",19481,12.74,102.1405,0.728,215.9,26.34,13.65,83.2,0.083,0.007,0,13.39,13.81,0.03
"2022-09-01 07:00:00",19482,12.73,102.1429,1.058,223.9,28.23,13.22,80.8,34.95,2.135,0,13.53,13.69,0.03
"2022-09-01 08:00:00",19483,12.83,102.1806,1.217,208.6,32.46,13.94,75.42,101.9,6.873,0,13.88,14.61,0.03
"2022-09-01 09:00:00",19484,13.39,102.2293,0.829,186.9,31.56,16.27,68.94,192.3,11.97,0,15.51,17.08,0.03
"2022-09-01 10:00:00",19485,13.64,102.1887,1.053,170,40.42,19.9,55.92,469.3,24.15,0,18.53,21.18,0.03
"2022-09-01 11:00:00",19486,13.97,102.1448,1.304,125.4,44.95,22.58,51.16,584.8,29.87,0,23.55,24.85,0.03
"2022-09-01 12:00:00",19487,14.07,102.0363,1.481,106.5,56.51,23.23,47.16,765.8,37.14,0,23.93,26.24,0.03
"2022-09-01 13:00:00",19488,14.13,101.9246,2.026,79.9,35.01,23.62,46.69,835,38.87,0,26.51,27.55,0.03
"2022-09-01 14:00:00",19489,14.31,101.882,2.15,70.59,35.15,23.19,46.85,742.2,33.9,0,26.62,27.09,0.031
"2022-09-01 15:00:00",19490,14.36,101.8456,2.451,67.41,25.53,23.02,48.91,600.4,26.46,0,25.65,26.28,0.031
"2022-09-01 16:00:00",19491,14.38,101.8049,2.514,68.44,23.95,22.35,54.73,401.9,16.49,0,23.13,24.56,0.031
"2022-09-01 17:00:00",19492,13.25,101.8228,2.379,69.39,19.3,20.77,69.04,159.8,6.655,0,20,21.43,0.031
"2022-09-01 18:00:00",19493,12.96,101.8234,1.682,63.61,18.96,18.52,79.31,8.53,0.796,0,17.83,18.92,0.031
"2022-09-01 19:00:00",19494,12.93,101.8234,0.308,59.97,9.03,16.36,87.3,0,0,0,15.26,16.59,0.031
"2022-09-01 20:00:00",19495,12.91,101.8323,0.023,33.55,4.5,15.28,92.2,0,0,0,13.73,14.45,0.031
"2022-09-01 21:00:00",19496,12.89,101.846,0.026,320.3,1.492,14.43,94.3,0,0,0,12.95,13.33,0.03
"2022-09-01 22:00:00",19497,12.88,101.8393,0.041,288.6,2.293,13.6,97.6,0,0,0,12.23,12.7,0.03
"2022-09-01 23:00:00",19498,12.87,101.8481,0.233,264.5,11.11,13.39,98.2,0,0,0,12.01,12.43,0.03
"2022-09-02 00:00:00",19499,12.85,101.8071,0.313,292.9,17.79,12.93,98.7,0,0,0,11.85,12.69,0.03
"2022-09-02 01:00:00",19500,12.83,101.7425,0.368,312.3,12.41,12.73,99.2,0,0,0,12.49,12.79,0.03
"2022-09-02 02:00:00",19501,12.82,101.6542,0.027,303.3,2.321,11.23,100,0,0,0,10.6,11.32,0.03
"2022-09-02 03:00:00",19502,12.79,101.6298,0.229,312.8,7.89,11.91,99.8,0,0,0,11.13,11.82,0.03
"2022-09-02 04:00:00",19503,12.78,101.6298,0.047,309.4,2.928,11.57,100,0,0,0,10.71,10.97,0.03
"2022-09-02 05:00:00",19504,12.73,101.6217,0.552,320.8,11.88,12.52,100,0,0,0,11.24,12.25,0.03
"2022-09-02 06:00:00",19505,12.72,101.6254,1.102,321.7,17.05,13.28,99.8,0.002,0.013,0,12.6,13.07,0.03
"2022-09-02 07:00:00",19506,12.71,101.6543,0.97,332.1,17.73,14.02,95.8,53.44,2.206,0,13.31,13.9,0.03
"2022-09-02 08:00:00",19507,13.35,101.7017,2.405,332.7,22.81,16.92,83.8,254.3,9.52,0,15.38,17.04,0.03
"2022-09-02 09:00:00",19508,14.19,101.677,2.991,336.8,28.22,19.62,69.15,460.4,18.9,0,18.92,21.1,0.03
"2022-09-02 10:00:00",19509,14.31,101.6024,3.197,350.3,33.34,22.13,57.56,638.5,27.72,0,23.18,24.78,0.03
"2022-09-02 11:00:00",19510,14.31,101.5022,3.269,352.8,34.5,23.91,48.57,762.3,34.1,0,26.09,27.14,0.03
"2022-09-02 12:00:00",19511,14.3,101.3703,3.107,355.5,33.71,25.15,47.34,817,37,0,27.85,29.05,0.03
"2022-09-02 13:00:00",19512,14.32,101.2563,3.169,358.5,36.79,25.81,45.7,801,35.95,0,29.62,29.96,0.031
"2022-09-02 14:00:00",19513,14.32,101.2001,3.423,17.34,33.76,25.68,55.38,711.8,31.13,0,28.31,29.41,0.031
"2022-09-02 15:00:00",19514,14.36,101.1628,3.648,28.82,27.64,24.4,59.77,567.1,23.87,0,26.77,27.57,0.031
"2022-09-02 16:00:00",19515,14.35,101.1325,3.928,31.27,26.38,23.09,64.64,370.6,14.21,0,24.01,25.31,0.031
"2022-09-02 17:00:00",19516,13.3,101.141,3.426,27.09,26.21,21.65,72.37,152.4,6.008,0,21.23,22.39,0.031
"2022-09-02 18:00:00",19517,12.95,101.1629,2.746,24.46,30.29,20.18,77.45,10.1,0.771,0,19.66,20.41,0.031
"2022-09-02 19:00:00",19518,12.93,101.2227,1.782,18.8,25.68,19.32,80.5,0,0,0,18.76,19.25,0.031
"2022-09-02 20:00:00",19519,12.92,101.2552,1.102,7.361,23.95,18.49,83.7,0,0,0,17.7,18.26,0.03
"2022-09-02 21:00:00",19520,12.9,101.312,0.793,338.9,23.4,17.77,87.8,0,0,0,16.95,17.34,0.03
"2022-09-02 22:00:00",19521,12.89,101.2795,0.539,331.1,10.18,17.1,91,0,0,0,16.18,16.53,0.03
"2022-09-02 23:00:00",19522,12.87,101.2633,0.553,313.5,16.31,16.66,93.5,0,0,0,15.73,16.03,0.03
"2022-09-03 00:00:00",19523,12.86,101.2308,0.981,297.3,13.22,15.37,96.9,0,0,0,15.17,15.37,0.03
"2022-09-03 01:00:00",19524,12.84,101.1821,1.146,306.2,15.62,14.98,97.7,0,0,0,14.87,15.08,0.03
"2022-09-03 02:00:00",19525,12.82,101.1092,0.907,314.6,14.59,14.65,99.1,0,0,0,14.58,14.8,0.03
"2022-09-03 03:00:00",19526,12.81,101.0766,0.763,341.1,22.28,15.24,95.1,0,0,0,14.41,14.81,0.03
"2022-09-03 04:00:00",19527,12.79,101.0847,1.365,346.6,25.77,16.52,93.3,0,0,0,15.47,15.64,0.03
"2022-09-03 05:00:00",19528,12.75,101.0604,1.209,350.8,27.22,15.89,93.2,0,0,0,14.95,15.17,0.03
"2022-09-03 06:00:00",19529,12.74,101.0766,1.796,358.3,29.23,15.56,90,0.002,0.016,0,14.73,14.87,0.03
"2022-09-03 07:00:00",19530,12.72,101.1091,2.199,7.455,28.84,15.91,83.6,54.09,2.192,0,14.74,15.3,0.03
"2022-09-03 08:00:00",19531,13.26,101.1497,2.561,358,31.54,18.17,72.01,238.7,9.01,0,16.42,18.49,0.03
"2022-09-03 09:00:00",19532,14.06,101.1735,2.778,357.1,35.77,21.02,57.38,446.4,18,0,20.69,22.67,0.03
"2022-09-03 10:00:00",19533,14.28,101.1619,2.845,344.5,30.84,23.7,49.59,622.8,26.43,0,24.56,26.25,0.03
"2022-09-03 11:00:00",19534,14.24,101.1416,2.179,1.872,40.52,25.72,45.8,736.8,31.84,0,27.91,29.11,0.03
"2022-09-03 12:00:00",19535,14.2,101.0849,1.234,14.7,57.79,27.74,38.35,779.8,32.97,0,30.09,31.33,0.03
"2022-09-03 13:00:00",19536,14.2,101.1192,1.898,116.1,43.39,28.07,53.44,773.3,33.19,0,29.31,30.98,0.03
"2022-09-03 14:00:00",19537,14.26,101.0879,2.151,124.2,39.05,26.26,58.03,697.7,30.56,0,28.43,29.01,0.031
"2022-09-03 15:00:00",19538,14.27,101.1034,1.976,132.2,35.48,25.66,62.59,553.6,23.5,0,26.99,27.9,0.031
"2022-09-03 16:00:00",19539,14.27,101.0831,1.711,124.6,40.75,24.76,66.88,361.2,14.55,0,25.36,26.49,0.031
"2022-09-03 17:00:00",19540,13.32,101.1491,1.093,113.8,31.94,23.36,76.42,145,6.051,0,22.65,24.01,0.031
"2022-09-03 18:00:00",19541,12.94,101.2013,0.106,140.9,9.82,20.81,87.7,10.26,0.782,0,18.91,21.12,0.031
"2022-09-03 19:00:00",19542,12.92,101.2714,0,0,0,18.56,93.3,0,0,0,17.54,18.12,0.031
"2022-09-03 20:00:00",19543,12.91,101.3201,0,0,0,18.07,97.3,0,0,0,16.69,17.23,0.03
"2022-09-03 21:00:00",19544,12.89,101.3364,0,0,0,17.26,98.7,0,0,0,15.94,16.23,0.03
"2022-09-03 22:00:00",19545,12.88,101.3932,0,0,0,17.11,99.7,0,0,0,15.62,15.88,0.03
"2022-09-03 23:00:00",19546,12.86,101.3688,0,0,0,16.54,100,0,0,0,15.16,15.36,0.03
"2022-09-04 00:00:00",19547,12.85,101.377,0.018,198.6,3.147,16.06,100,0,0,0,14.83,15.49,0.03
"2022-09-04 01:00:00",19548,12.83,101.3207,0,0,0,14.41,100,0,0,0,13.69,14.27,0.03
"2022-09-04 02:00:00",19549,12.82,101.2715,0.035,218,10.66,14.94,100,0,0,0,13.77,14.5,0.03
"2022-09-04 03:00:00",19550,12.8,101.2471,0.206,218.1,14.94,15.89,100,0,0,0,15.39,15.99,0.03
"2022-09-04 04:00:00",19551,12.78,101.2065,0,0,0,14.69,100,0,0,0,14.24,14.56,0.03
"2022-09-04 05:00:00",19552,12.73,101.2601,0,0,0,13.45,100,0,0,0,13.08,13.74,0.03
"2022-09-04 06:00:00",19553,12.72,101.2673,0,0,0,12.79,100,0.066,0.019,0,12.61,12.81,0.03
"2022-09-04 07:00:00",19554,12.71,101.2971,0,0,0,12.96,100,46.37,2.168,0,12.82,13.59,0.03
"2022-09-04 08:00:00",19555,13.18,101.3202,0.238,264.8,42.19,17.05,99.6,228.5,9.14,0,15.22,18.32,0.03
"2022-09-04 09:00:00",19556,13.95,101.3034,1.704,7.871,28.23,21.34,81.3,415,16.69,0,21.19,23.47,0.03
"2022-09-04 10:00:00",19557,13.91,101.229,2.391,13.5,30.19,23.13,73.15,453.1,20.16,0,24.24,25.27,0.03
"2022-09-04 11:00:00",19558,14.22,101.1356,2.877,15.08,31.64,25.13,60.53,748.1,32.91,0,27.13,28.3,0.03
"2022-09-04 12:00:00",19559,14.26,100.9799,3.064,11.14,33,27.2,54.95,807,36.03,0,29.56,30.55,0.03
"2022-09-04 13:00:00",19560,14.26,100.8669,3.158,28.7,28.48,26.98,62.45,795.4,35.13,0,30.32,31.07,0.03
"2022-09-04 14:00:00",19561,14.29,100.7627,3.306,30.71,26.47,26.46,64.2,716.3,30.85,0,29.88,30.46,0.03
"2022-09-04 15:00:00",19562,14.31,100.7313,3.465,33.16,26.34,25.63,70.7,569.7,23.54,0,27.82,29.07,0.03
"2022-09-04 16:00:00",19563,14.31,100.7104,3.493,29.97,26.86,24.62,76.13,377,14.45,0,25.62,27.13,0.03
"2022-09-04 17:00:00",19564,13.27,100.7271,3.13,27.52,25.16,23.08,82.3,153.4,5.778,0,22.72,23.95,0.031
"2022-09-04 18:00:00",19565,12.94,100.7524,2.562,23.76,27.03,21.55,89.3,8.96,0.77,0,21.18,21.83,0.03
"2022-09-04 19:00:00",19566,12.93,100.7837,2.04,17.67,27.58,20.8,89.2,0,0,0,20.43,20.76,0.03
"2022-09-04 20:00:00",19567,12.92,100.8331,1.78,9.47,28.78,20.45,91.9,0,0,0,20.01,20.24,0.03
"2022-09-04 21:00:00",19568,12.9,100.8818,0.758,352.6,23.26,19.82,95.1,0,0,0,19.35,19.61,0.03
"2022-09-04 22:00:00",19569,12.88,100.8818,0.32,351.6,14.17,19.17,97.6,0,0,0,18.47,18.91,0.03
"2022-09-04 23:00:00",19570,12.87,100.8899,0.348,357.5,16.94,18.55,99,0,0,0,17.81,18.24,0.03
"2022-09-05 00:00:00",19571,12.86,100.8412,0.814,330.8,9.91,17.78,99.7,0,0,0,17.41,17.72,0.03
"2022-09-05 01:00:00",19572,12.84,100.8087,0.461,340.5,16.17,17.24,100,0,0,0,16.76,17.14,0.03
"2022-09-05 02:00:00",19573,12.83,100.7681,0.734,353.5,19.66,17.43,98.4,0,0,0,16.65,17.07,0.03
"2022-09-05 03:00:00",19574,12.81,100.7357,1.204,350.5,22.57,17.65,95.7,0,0,0,16.95,17.11,0.03
"2022-09-05 04:00:00",19575,12.79,100.687,1.502,355.6,27.87,17.83,90.7,0,0,0,16.65,16.89,0.03
"2022-09-05 05:00:00",19576,12.75,100.6626,1.346,354.8,25.21,17.31,88.1,0,0,0,15.77,16.28,0.03
"2022-09-05 06:00:00",19577,12.74,100.6626,0.886,354.9,21.42,16.45,88.7,0.014,0.023,0,15.05,15.34,0.03
"2022-09-05 07:00:00",19578,12.72,100.7519,1.143,352.1,23.3,16.9,82,55.69,2.206,0,15.09,15.77,0.03
"2022-09-05 08:00:00",19579,13.23,100.7591,1.861,349.7,27.48,19.53,69.15,240.6,8.76,0,17.14,19.34,0.03
"2022-09-05 09:00:00",19580,14,100.7515,2.208,348.7,29.39,22.93,53.53,452.5,17.84,0,21.64,24.15,0.03
"2022-09-05 10:00:00",19581,14.21,100.7188,2.402,353.4,32.32,26.14,42.89,628.6,26.22,0,26.64,28.38,0.03
"2022-09-05 11:00:00",19582,14.21,100.672,2.566,0.307,32.54,28.73,38.68,757.3,32.73,0,30.05,31.42,0.03
"2022-09-05 12:00:00",19583,14.19,100.5572,2.355,359.7,33.59,31.22,33.96,818,35.76,0,32.97,34.26,0.03
"2022-09-05 13:00:00",19584,14.17,100.485,2.253,3.397,34.52,33.52,31.03,801,34.82,0,35.49,36.61,0.03
"2022-09-05 14:00:00",19585,14.16,100.4649,2.525,22.43,31.55,33.22,49.88,714.4,30.31,0,34.64,36.54,0.03
"2022-09-05 15:00:00",19586,14.2,100.5136,2.317,45.18,30.49,31.4,50.51,564.7,22.77,0,33.11,34.2,0.031
"2022-09-05 16:00:00",19587,14.19,100.7348,1.967,87.4,38.13,29.35,63.52,346.7,12.43,0,28.5,31.18,0.03
"2022-09-05 17:00:00",19588,13.26,100.9056,2.726,145.3,33.36,24,83.2,131.9,4.88,0,23.04,24.88,0.03
"2022-09-05 18:00:00",19589,12.94,101.0277,2.363,148.7,33.26,21.97,85,10.53,0.647,0,21.62,22.33,0.03
"2022-09-05 19:00:00",19590,12.92,101.1572,1.864,155.6,40.08,20.98,86.1,0,0,0,20.77,21.17,0.03
"2022-09-05 20:00:00",19591,12.91,101.2633,1.883,166.1,40.12,20.35,82.6,0,0,0,20.03,20.39,0.03
"2022-09-05 21:00:00",19592,12.88,101.3607,1.355,173.3,43.56,19.7,86.5,0,0,0,19.46,19.73,0.03
"2022-09-05 22:00:00",19593,12.87,101.4338,1.162,176,38.74,19.19,88.5,0,0,0,19.07,19.26,0.03
"2022-09-05 23:00:00",19594,12.87,101.45,1.334,168.8,39.69,19.01,84.9,0,0,0,18.74,19,0.03
"2022-09-06 00:00:00",19595,12.85,101.515,1.203,165.3,40.98,18.66,86.7,0,0,0,18.45,18.59,0.03
"2022-09-06 01:00:00",19596,12.84,101.515,0.989,180.3,37.42,18.43,87.4,0,0,0,18.31,18.43,0.03
"2022-09-06 02:00:00",19597,12.82,101.4987,0.845,185,32.44,18.07,89.8,0,0,0,18.18,18.26,0.03
"2022-09-06 03:00:00",19598,12.81,101.5231,0.72,200.4,24.34,18,90.2,0,0,0,17.94,18.08,0.03
"2022-09-06 04:00:00",19599,12.79,101.5637,0.885,173,33.81,18.03,77.61,0,0,0,17.57,17.88,0.03
"2022-09-06 05:00:00",19600,12.75,101.6448,1.497,150.6,28.04,19.34,78.35,0,0,0,18.34,18.81,0.03
"2022-09-06 06:00:00",19601,12.75,101.7585,0.956,158.5,32.4,18.83,87,0,0.026,0,17.82,18.36,0.03
"2022-09-06 07:00:00",19602,12.73,101.8802,0.827,194.3,28.36,16.99,88.7,45.12,2.232,0,16.72,17.21,0.03
"2022-09-06 08:00:00",19603,13.1,101.9268,1.173,175.5,36.86,19.78,68.16,222.9,9.53,0,18.03,20.22,0.03
"2022-09-06 09:00:00",19604,13.89,102.0176,2.249,141.1,33.19,22.58,64.96,405.5,18.39,0,22.86,23.87,0.03
"2022-09-06 10:00:00",19605,13.93,102.0415,2.414,142.8,32.26,22.98,64,489.8,24,0,23.35,24.75,0.03
"2022-09-06 11:00:00",19606,14.05,102.0563,2.303,136.5,39.09,23.93,60.65,661.9,32.11,0,24.95,26.21,0.03
"2022-09-06 12:00:00",19607,14.1,101.9918,2.327,140.6,34.95,24.5,59.26,768.1,36.9,0,26.56,27.39,0.03
"2022-09-06 13:00:00",19608,14.14,101.9071,2.253,131.8,37.75,24.49,59.03,748.8,35.99,0,26.6,27.52,0.03
"2022-09-06 14:00:00",19609,14.12,101.9093,2.218,133.2,41.65,24.28,58.03,713.9,33.13,0,26.32,27.34,0.03
"2022-09-06 15:00:00",19610,14.13,101.9111,2.21,128.3,38.72,23.54,67.81,504.5,24.29,0,23.75,26.07,0.03
"2022-09-06 16:00:00",19611,14.04,101.9039,1.672,126.7,34.53,21.74,69.55,177.2,10.66,0,22.81,23.22,0.03
"2022-09-06 17:00:00",19612,13.22,101.9308,1.504,127.9,36.15,20.95,74.53,86,5.683,0,20.82,21.84,0.03
"2022-09-06 18:00:00",19613,12.93,101.9695,0.659,143.1,24.72,19.41,81.1,9.48,0.932,0,18.68,19.82,0.03
"2022-09-06 19:00:00",19614,12.91,102.002,0.333,159.7,13.42,17.96,85.3,0,0,0,17.49,18.12,0.03
"2022-09-06 20:00:00",19615,12.9,102.0913,0.179,162,8.26,17.68,83.9,0,0,0,17.52,17.69,0.03
"2022-09-06 21:00:00",19616,12.89,102.1563,0.077,171.1,8.5,17.41,86.6,0,0,0,16.35,16.88,0.03
"2022-09-06 22:00:00",19617,12.88,102.1563,0.002,198.7,0.381,16.86,89.4,0,0,0,15.54,16.12,0.03
"2022-09-06 23:00:00",19618,12.86,102.1319,0,0,0,15.64,93.9,0,0,0,15.02,15.28,0.03
"2022-09-07 00:00:00",19619,12.84,102.125,0,0,0,14.34,97.1,0,0,0,14.19,14.55,0.03
"2022-09-07 01:00:00",19620,12.83,102.067,0.339,212.4,14.29,15.38,93.4,0.079,0,0,14.72,15.56,0.03
"2022-09-07 02:00:00",19621,12.81,102.0227,0,0,0,14.26,97.2,0,0,0,13.39,14.27,0.03
"2022-09-07 03:00:00",19622,12.79,102.0178,0.056,198.7,4.9,13.62,98.9,0,0,0,12.92,13.35,0.029
"2022-09-07 04:00:00",19623,12.77,101.9915,0.315,198.2,18.66,14.64,96,0,0,0,13.89,14.39,0.029
"2022-09-07 05:00:00",19624,12.72,102.002,0.168,182.3,14.03,15.45,95.5,0,0,0,14.93,15.37,0.029
"2022-09-07 06:00:00",19625,12.72,102.0491,0,0,0,13.75,98.6,0.421,0.036,0,12.97,13.51,0.03
"2022-09-07 07:00:00",19626,12.7,102.1277,0.026,215.1,4.034,13.83,98.2,60.58,2.518,0,13.24,14.11,0.029
"2022-09-07 08:00:00",19627,13.28,102.1725,0.478,233.5,18.99,18.38,74.01,259.2,10.28,0,16.28,18.71,0.029
"2022-09-07 09:00:00",19628,14.06,102.1541,0.76,12.76,66.17,22.28,64.85,479.4,20.77,0,21.64,24.33,0.029
"2022-09-07 10:00:00",19629,13.97,102.145,1.471,50.96,35.78,23.4,57.58,634.8,28.08,0,26.98,27.77,0.029
"2022-09-07 11:00:00",19630,13.99,102.0256,2.25,70.76,25.47,22.77,60.97,446.3,23.51,0,24.27,25.91,0.03
"2022-09-07 12:00:00",19631,13.98,101.9281,2.068,76.33,29.37,22.72,68.17,303.7,15.98,0,23.54,25.61,0.03
"2022-09-07 13:00:00",19632,14.01,101.8309,2.154,68.73,27.86,22.12,64.03,146.8,8.47,0,23.33,23.5,0.03
"2022-09-07 14:00:00",19633,14.19,101.7491,2.574,54.27,25.94,23.42,60.44,535.9,24.5,0,23.44,26.05,0.03
"2022-09-07 15:00:00",19634,14.24,101.6999,2.898,51.83,24.39,23.66,58.01,517.2,23.03,0,25.72,26.67,0.03
"2022-09-07 16:00:00",19635,14.2,101.6845,2.852,43.97,27.48,23.11,64.57,357,15.21,0,24.49,25.46,0.03
"2022-09-07 17:00:00",19636,13.37,101.6929,2.392,37.33,26.11,21.95,74.7,150.1,6.267,0,21.82,23.08,0.03
"2022-09-07 18:00:00",19637,12.94,101.6847,1.768,29.68,21.69,20.24,80.8,13.28,0.868,0,19.82,20.77,0.03
"2022-09-07 19:00:00",19638,12.92,101.726,0.245,29.61,8.32,18.29,89.8,0,0,0,16.96,18.75,0.03
"2022-09-07 20:00:00",19639,12.9,101.7422,0,0,0,17.06,93.1,0,0,0,15.9,16.23,0.03
"2022-09-07 21:00:00",19640,12.89,101.7666,0,0,0,16.32,96.3,0,0,0,14.89,15.38,0.03
"2022-09-07 22:00:00",19641,12.87,101.7585,0,0,0,16.06,96.6,0,0,0,14.67,14.84,0.03
"2022-09-07 23:00:00",19642,12.87,101.726,0,0,0,15.37,98.5,0,0,0,14.29,14.49,0.029
"2022-09-08 00:00:00",19643,12.85,101.6796,0.001,327.6,0,14.82,99.7,0,0,0,14.05,14.17,0.029
"2022-09-08 01:00:00",19644,12.84,101.6286,0.032,308.4,3.337,15.23,99.7,0,0,0,14.26,15.25,0.029
"2022-09-08 02:00:00",19645,12.82,101.54,0.028,310.6,2.661,14.95,99.9,0,0,0,14.41,14.74,0.029
"2022-09-08 03:00:00",19646,12.81,101.4837,0.148,304.7,6.825,14.71,100,0,0,0,14.44,14.88,0.029
"2022-09-08 04:00:00",19647,12.79,101.4794,0,0,0,14.09,100,0,0,0,13.65,13.99,0.029
"2022-09-08 05:00:00",19648,12.74,101.4928,0,0,0,14.15,100,0.01,0,0,13.54,13.86,0.029
"2022-09-08 06:00:00",19649,12.73,101.5438,0.053,358.5,7.478,14.01,100,0.356,0.043,0,13.75,14.12,0.029
"2022-09-08 07:00:00",19650,12.71,101.5962,1.022,320.8,18.26,15.62,97.9,45.94,2.225,0,14.21,15.65,0.029
"2022-09-08 08:00:00",19651,12.97,101.6449,1.764,331.1,20.23,18.4,83.8,227.6,9.09,0,16.82,18.72,0.029
"2022-09-08 09:00:00",19652,13.9,101.6037,2.449,342.3,30.88,21.69,74.24,440.2,18.06,0,21.19,23.48,0.029
"2022-09-08 10:00:00",19653,13.96,101.544,3.074,0.879,36.71,23.73,60.04,637,26.18,0,25.27,26.57,0.029
"2022-09-08 11:00:00",19654,14.17,101.4285,3.058,358,35.63,25.05,58.51,738.3,32.31,0,27.49,28.43,0.029
"2022-09-08 12:00:00",19655,14.13,101.2639,3.114,359.5,36.62,26.17,55.62,787.7,34.85,0,29.35,29.95,0.029
"2022-09-08 13:00:00",19656,14.27,101.1514,3.211,11.92,34.59,26.99,56.56,778.5,34.04,0,30.03,30.64,0.03
"2022-09-08 14:00:00",19657,14.3,101.0706,3.429,31.75,30.43,26.4,63.75,700.4,30.17,0,29.11,30.01,0.03
"2022-09-08 15:00:00",19658,14.31,101.0015,3.844,31.32,27.5,24.95,70.41,557,23.08,0,27.09,28.18,0.03
"2022-09-08 16:00:00",19659,14.31,101.003,3.799,29.11,26.86,23.79,74.89,364.1,14.13,0,25.03,26.12,0.03
"2022-09-08 17:00:00",19660,13.33,101.0193,3.494,29.35,27.04,22.58,83.4,151.2,5.898,0,22.5,23.72,0.03
"2022-09-08 18:00:00",19661,12.95,101.0463,2.544,22.26,25.19,21.31,88.2,12.86,0.821,0,21.23,21.83,0.03
"2022-09-08 19:00:00",19662,12.93,101.1244,1.721,23.49,20.61,20.54,91.2,0,0,0,20.56,20.85,0.03
"2022-09-08 20:00:00",19663,12.92,101.2146,0.894,16.98,17.6,20.08,93.7,0,0,0,19.85,20.28,0.03
"2022-09-08 21:00:00",19664,12.9,101.2552,0.08,353.5,9.76,18.9,96.8,0,0,0,18.24,19.11,0.03
"2022-09-08 22:00:00",19665,12.89,101.312,0,0,0,18.04,98.4,0,0,0,16.71,17.52,0.03
"2022-09-08 23:00:00",19666,12.87,101.2795,0,0,0,17.19,99.6,0,0,0,16.34,16.61,0.029
"2022-09-09 00:00:00",19667,12.86,101.2471,0.078,330.7,8.07,16.88,100,0,0,0,16.22,16.6,0.029
"2022-09-09 01:00:00",19668,12.85,101.174,0.745,330.4,14.29,17.64,100,0,0,0,17.34,17.69,0.029
"2022-09-09 02:00:00",19669,12.84,101.1334,0.15,331.2,16.21,17.69,100,0,0,0,17.4,17.6,0.029
"2022-09-09 03:00:00",19670,12.83,101.101,0.151,17.03,11.73,17.87,100,0,0,0,17.2,17.53,0.029
"2022-09-09 04:00:00",19671,12.8,101.0847,0.294,5.904,12.19,17.67,100,0,0,0,17.28,17.44,0.029
"2022-09-09 05:00:00",19672,12.76,101.1578,0.33,22.56,9.87,17.31,100,0,0,0,16.8,17.3,0.029
"2022-09-09 06:00:00",19673,12.75,101.239,0.658,22.94,14.79,17.01,99.8,0.445,0.05,0,16.61,16.9,0.029
"2022-09-09 07:00:00",19674,12.75,101.2877,1.476,6.886,21.47,17.88,92.7,61.52,2.513,0,17.12,17.63,0.029
"2022-09-09 08:00:00",19675,13.18,101.3364,2.495,10.66,27.07,19.97,83,239.3,9.28,0,18.41,19.95,0.029
"2022-09-09 09:00:00",19676,13.89,101.2709,2.916,6.257,29.55,22.62,69.16,450.6,18.37,0,22.03,24.04,0.029
"2022-09-09 10:00:00",19677,14.23,101.2415,2.878,358,34.2,24.94,63.67,628.3,26.89,0,25.94,27.56,0.029
"2022-09-09 11:00:00",19678,14.26,101.1671,2.957,4.265,35.81,26.37,57.68,751.2,33.11,0,28.09,29.48,0.029
"2022-09-09 12:00:00",19679,14.26,101.0601,2.942,22.95,34.27,27.3,66.66,805,35.71,0,30.23,31.12,0.029
"2022-09-09 13:00:00",19680,14.28,100.9993,3.123,29.85,26.68,26.75,66.37,794.4,34.97,0,30.53,30.78,0.03
"2022-09-09 14:00:00",19681,14.28,100.944,3.384,37.73,31.65,26.25,67.51,714.5,30.91,0,29.43,30.15,0.03
"2022-09-09 15:00:00",19682,14.31,100.9179,3.654,47.56,27.41,25.43,73.77,560.2,23.03,0,27.11,28.6,0.03
"2022-09-09 16:00:00",19683,14.28,100.8732,3.681,29.96,25.85,24.12,74.29,372.4,14.52,0,25.59,26.43,0.03
"2022-09-09 17:00:00",19684,13.3,100.8975,3.509,27.49,28.85,22.9,82,157.2,6.057,0,22.77,24.04,0.03
"2022-09-09 18:00:00",19685,12.94,100.9156,2.341,23.65,26.39,21.49,89.2,12.47,0.855,0,21.5,22.08,0.03
"2022-09-09 19:00:00",19686,12.93,100.9941,1.909,27.49,22.29,20.85,93.3,0,0,0,20.94,21.22,0.03
"2022-09-09 20:00:00",19687,12.92,101.0684,1.031,20.61,19.33,20.48,95.4,0,0,0,20.47,20.75,0.03
"2022-09-09 21:00:00",19688,12.9,101.1253,0.219,5.849,9.91,19.7,97.3,0,0,0,18.77,19.87,0.029
"2022-09-09 22:00:00",19689,12.88,101.174,0.003,322.1,0.525,18.8,99.1,0,0,0,17.39,17.89,0.03
"2022-09-09 23:00:00",19690,12.87,101.1659,0.011,281.5,1.126,18.13,100,0,0,0,17,17.13,0.029
"2022-09-10 00:00:00",19691,12.86,101.1578,0,0,0,17.45,100,0,0,0,15.93,16.65,0.029
"2022-09-10 01:00:00",19692,12.84,101.1334,0,0,0,17.07,100,0.017,0,0,15.82,16.61,0.029
"2022-09-10 02:00:00",19693,12.83,101.0928,0,0,0,17.71,100,0,0,0,17.86,18.13,0.029
"2022-09-10 03:00:00",19694,12.82,101.0604,0,0,0,17.25,100,0,0,0,16.4,17.44,0.029
"2022-09-10 04:00:00",19695,12.8,101.036,0,0,0,16.55,100,0,0,0,15.8,16,0.029
"2022-09-10 05:00:00",19696,12.76,101.0604,0,0,0,17.27,100,0,0,0,15.85,16.23,0.029
"2022-09-10 06:00:00",19697,12.69,101.1091,0.12,1.826,15,16.91,100,0.46,0.059,0,16.58,17,0.029
"2022-09-10 07:00:00",19698,12.75,101.1415,0.182,14.42,9.75,17.08,100,64.67,2.799,0,16.83,17.42,0.029
"2022-09-10 08:00:00",19699,13.23,101.1781,1.358,3.527,25.66,19.66,87.1,254.8,9.88,0,18.95,20.56,0.029
"2022-09-10 09:00:00",19700,13.95,101.1467,1.951,350.7,31.16,22.63,72.72,463.4,19.06,0,22.56,24.51,0.029
"2022-09-10 10:00:00",19701,14.15,101.0934,2.042,3.297,32.02,24.98,58.33,646.8,27.92,0,26.26,27.99,0.029
"2022-09-10 11:00:00",19702,14.19,100.9803,2.21,2.96,33.71,27.32,51.92,777.8,34.74,0,29.74,30.78,0.029
"2022-09-10 12:00:00",19703,14.2,100.8436,2.419,2.653,41.66,29.05,57.62,840,38.13,0,31.91,33.09,0.029
"2022-09-10 13:00:00",19704,14.21,100.7472,2.755,37.63,25.7,28.76,61.41,833,37.57,0,32.48,33.03,0.03
"2022-09-10 14:00:00",19705,14.25,100.6512,3.148,36.68,26.33,27.85,64.68,749.1,32.78,0,31.39,31.82,0.03
"2022-09-10 15:00:00",19706,14.26,100.5787,3.263,34.85,25.83,26.99,68.37,597.4,24.28,0,29.44,30.54,0.03
"2022-09-10 16:00:00",19707,14.26,100.5159,3.452,27.83,25.71,26.03,71.55,406.2,15.62,0,27.45,28.43,0.03
"2022-09-10 17:00:00",19708,13.27,100.5079,2.83,26.5,25.49,24.91,77.11,184.2,6.887,0,24.42,25.94,0.03
"2022-09-10 18:00:00",19709,12.95,100.5079,1.931,28.58,23.48,22.85,84.3,11.07,0.941,0,22.37,23.29,0.03
"2022-09-10 19:00:00",19710,12.93,100.5602,1.717,15.29,22.74,22.16,85,0,0,0,21.89,22.11,0.03
"2022-09-10 20:00:00",19711,12.92,100.6861,1.099,17.59,21.93,21.85,88.4,0,0,0,20.14,21.59,0.03
"2022-09-10 21:00:00",19712,12.9,100.7113,0.001,33.43,0.001,20.07,94.7,0,0,0,18.13,19.15,0.029
"2022-09-10 22:00:00",19713,12.88,100.7113,0.005,11.24,0.007,19.4,94.9,0,0,0,17.63,17.93,0.029
"2022-09-10 23:00:00",19714,12.86,100.7113,0.004,18.34,0.003,19,97,0,0,0,17.1,17.73,0.029
"2022-09-11 00:00:00",19715,12.85,100.6707,0.105,351.1,8.66,18.63,98.8,0,0,0,17.02,17.29,0.029
"2022-09-11 01:00:00",19716,12.83,100.6464,0.45,333.8,12.74,18.41,99.1,0,0,0,17.63,18.06,0.029
"2022-09-11 02:00:00",19717,12.82,100.6139,0.128,315.9,2.838,18.18,99.6,0,0,0,16.54,17.33,0.029
"2022-09-11 03:00:00",19718,12.8,100.549,0.536,338.1,10.25,17.99,98.1,0,0,0,16.92,17.39,0.029
"2022-09-11 04:00:00",19719,12.77,100.7925,1.268,185.9,37.64,17.83,97,0,0,0,16.79,17.39,0.029
"2022-09-11 05:00:00",19720,12.75,100.8818,1.49,165.8,29.73,18.73,98.9,0,0,0,17.72,18.58,0.029
"2022-09-11 06:00:00",19721,12.74,100.9224,1.386,175,27.96,20.14,96.9,0.434,0.049,0,19.59,19.91,0.029
"2022-09-11 07:00:00",19722,12.74,100.9467,1.103,174.1,25.94,20.53,94.3,56.94,2.444,0,19.91,20.28,0.029
"2022-09-11 08:00:00",19723,13.14,100.9791,1.344,170.1,29.6,21.97,86.8,229.7,7.95,0,20.95,22.21,0.029
"2022-09-11 09:00:00",19724,13.74,100.9787,1.367,170.8,40.26,23.99,76.4,436.7,15.77,0,23.52,25.19,0.029
"2022-09-11 10:00:00",19725,14.12,100.8922,0.976,205.2,72.57,25.95,69.37,620.8,25.22,0,26.74,28.13,0.029
"2022-09-11 11:00:00",19726,14.18,100.7759,1.383,5.471,38.46,27.78,62.1,744.8,30.77,0,30.09,31.93,0.029
"2022-09-11 12:00:00",19727,14.17,100.7157,1.467,14.99,48.13,29.59,59.15,806,34.54,0,32.64,33.89,0.029
"2022-09-11 13:00:00",19728,14.18,100.6687,2.709,78.26,25.3,28.04,69.48,797.6,34.67,0,31.18,32.13,0.03
"2022-09-11 14:00:00",19729,14.24,100.6207,2.697,89.2,29.52,27.1,67.14,715.2,30.52,0,29.86,30.56,0.03
"2022-09-11 15:00:00",19730,14.26,100.5875,2.436,96.7,31.91,26.5,70.33,568.1,23.42,0,28.57,29.28,0.03
"2022-09-11 16:00:00",19731,14.26,100.5885,2.425,82.7,26.7,25.63,79.34,370.4,14.43,0,26.56,27.8,0.03
"2022-09-11 17:00:00",19732,13.28,100.6134,1.852,88.4,27.19,24.11,86.2,143.3,5.468,0,23.95,25.3,0.03
"2022-09-11 18:00:00",19733,12.94,100.6962,0.833,134.4,30.15,22.36,93.9,12.76,0.749,0,22.35,23.08,0.03
"2022-09-11 19:00:00",19734,12.93,100.8203,0.869,150.2,21.48,21.65,93.1,0,0,0,21.99,22.19,0.03
"2022-09-11 20:00:00",19735,12.89,100.8839,1.086,149.8,23.85,21.83,92.1,0,0,0,22.16,22.25,0.029
"2022-09-11 21:00:00",19736,12.9,100.9716,1.32,151.8,30.68,22,91,0,0,0,22.15,22.33,0.029
"2022-09-11 22:00:00",19737,12.89,101.0043,1.117,156.8,32.02,21.99,89.4,0,0,0,22.21,22.38,0.029
"2022-09-11 23:00:00",19738,12.89,101.0141,1.373,183.2,37.31,21.51,89.7,0,0,0,21.66,21.89,0.029
"2022-09-12 00:00:00",19739,12.87,101.024,1.217,180,32.79,21.16,90.8,0,0,0,21.38,21.52,0.029
"2022-09-12 01:00:00",19740,12.86,101.0116,0.88,177.4,25.1,20.47,94.8,0,0,0,20.33,20.81,0.029
"2022-09-12 02:00:00",19741,12.84,100.9954,0.78,186.1,24.25,19.95,96.4,0,0,0,20.03,20.16,0.029
"2022-09-12 03:00:00",19742,12.81,100.9629,0.997,175.2,30.35,20.3,94.3,0,0,0,20.04,20.46,0.029
"2022-09-12 04:00:00",19743,12.8,100.9948,1.25,167.6,32.9,20.75,90.6,0,0,0,20.7,20.84,0.029
"2022-09-12 05:00:00",19744,12.78,101.1059,1.987,160.4,39.64,21.09,86.2,0,0,0,21.06,21.12,0.029
"2022-09-12 06:00:00",19745,12.78,101.1804,1.871,157.4,36.7,20.79,82.6,0.492,0.067,0,20.5,20.76,0.029
"2022-09-12 07:00:00",19746,12.77,101.3035,1.821,166.2,39.05,20.16,92.5,41.74,1.499,0,20.28,20.46,0.029
"2022-09-12 08:00:00",19747,12.76,101.4013,1.304,173.2,40.49,19.17,91.2,47.25,2.527,0,19.5,19.75,0.029
"2022-09-12 09:00:00",19748,12.86,101.4744,1.285,176,34.83,19.23,93.5,108.5,5.689,0,19.5,19.85,0.029
"2022-09-12 10:00:00",19749,13.35,101.4847,1.367,164.9,39.51,20.99,75.74,243.7,12.84,0,20.68,21.77,0.029
"2022-09-12 11:00:00",19750,13.92,101.4891,2.332,151.4,37.61,23.7,72.69,535.4,25.73,0,24.29,25.59,0.029
"2022-09-12 12:00:00",19751,14.02,101.4494,2.569,156,40.79,23.17,67.64,426.5,22.63,0,24.44,24.9,0.029
"2022-09-12 13:00:00",19752,14.03,101.4308,2.394,148.5,35.38,23.56,67.46,486.1,25.35,0,24.57,25.55,0.029
"2022-09-12 14:00:00",19753,14.06,101.4249,2.415,149,38.74,23.76,71.29,459.7,23.26,0,24.47,25.75,0.029
"2022-09-12 15:00:00",19754,13.45,101.4575,2.159,156.3,40.61,21.82,72.84,173,9.54,0,22.4,23.13,0.029
"2022-09-12 16:00:00",19755,14.05,101.4575,2.093,163.6,42.57,22.09,71.64,247.3,12.04,0,22.67,23.36,0.029
"2022-09-12 17:00:00",19756,13.16,101.5309,1.948,165.9,40.24,20.58,81.3,100.8,5.095,0,20.64,21.58,0.029
"2022-09-12 18:00:00",19757,12.96,101.6042,1.408,177.7,41.5,18.98,84.9,14.55,0.887,0,18.86,19.61,0.029
"2022-09-12 19:00:00",19758,12.93,101.7017,0.796,180.6,33.74,18.23,84.9,0,0,0,18.41,18.62,0.029
"2022-09-12 20:00:00",19759,12.91,101.7504,0.801,190.3,26.7,18.11,84.4,0,0,0,18.28,18.34,0.029
"2022-09-12 21:00:00",19760,12.9,101.791,1.14,191.6,34.65,18.32,91.4,0,0,0,18.39,18.65,0.029
"2022-09-12 22:00:00",19761,12.89,101.8072,1.068,188.6,27.73,17.43,98.2,0,0,0,17.85,18.07,0.029
"2022-09-12 23:00:00",19762,12.88,101.8234,0.694,168.7,38.86,17.62,99.5,0,0,1.778,17.91,18.26,0.029
"2022-09-13 00:00:00",19763,12.87,101.8559,0.891,162.6,32.77,18.18,99.9,0,0,3.556,18.55,18.69,0.029
"2022-09-13 01:00:00",19764,12.86,101.8478,0.646,127.7,25.86,17.98,100,0,0,7.112,18.26,18.46,0.029
"2022-09-13 02:00:00",19765,12.84,101.8153,1.217,145.1,26.77,17.79,99.9,0.001,0,0.762,17.99,18.24,0.054
"2022-09-13 03:00:00",19766,12.82,101.7747,1.341,149,22.28,17.81,100,0,0,0,18.11,18.18,0.075
"2022-09-13 04:00:00",19767,12.81,101.8234,0.824,154.8,21.73,17.71,100,0,0,0.254,18.1,18.17,0.079
"2022-09-13 05:00:00",19768,12.77,101.8721,0.63,151.8,22.72,17.65,100,0.038,0,2.286,18.04,18.15,0.081
"2022-09-13 06:00:00",19769,12.76,101.9046,1.121,150.5,22.27,17.5,99.1,0.56,0.008,0,17.7,17.86,0.089
"2022-09-13 07:00:00",19770,12.74,101.9777,0.77,143,19.5,17.86,95.4,14.97,0.831,0.254,17.82,18.12,0.089
"2022-09-13 08:00:00",19771,12.75,102.0832,1.24,142,24.72,18.58,92.8,59.91,3.101,0,18.34,18.55,0.088
"2022-09-13 09:00:00",19772,12.87,102.14,1.154,142.3,22.51,19.25,88.5,114.6,6.235,0,18.86,19.28,0.088
"2022-09-13 10:00:00",19773,13.23,102.1644,0.858,117.6,40.26,18.89,93.8,121.5,7.313,0.762,19.11,19.39,0.087
"2022-09-13 11:00:00",19774,13.39,102.1148,0.888,128.1,33.51,19.8,79.39,175.5,10.29,0,19.63,19.97,0.088
"2022-09-13 12:00:00",19775,13.54,102.0663,1.457,110.8,27.2,21.23,73.28,289.6,16.14,0,20.52,21.43,0.088
"2022-09-13 13:00:00",19776,13.76,102.0095,1.933,96.8,28.4,21.96,65.12,381.5,21.04,0,21.83,22.75,0.087
"2022-09-13 14:00:00",19777,14.03,101.9767,1.798,103.1,29.85,22.5,67.55,402.8,22.04,0,23.23,23.71,0.086
"2022-09-13 15:00:00",19778,13.93,101.977,1.81,91.8,28.26,21.97,69.16,251.8,13.84,0,22.67,22.98,0.085
"2022-09-13 16:00:00",19779,13.54,101.9851,1.336,95,31.13,21.6,79.91,161.1,8.91,0,21.69,22.48,0.084
"2022-09-13 17:00:00",19780,12.99,102.0218,0.653,158.6,26.32,19.37,88.4,24.09,1.745,0,19.82,20.26,0.083
"2022-09-13 18:00:00",19781,12.96,102.067,0.914,75.36,18.97,18.2,91.8,2.237,0.285,1.016,18.14,18.9,0.083
"2022-09-13 19:00:00",19782,12.93,102.14,0.4,142.8,22.06,17.48,96.6,0,0,0.762,17.64,18.12,0.084
"2022-09-13 20:00:00",19783,12.91,102.1644,0.139,174.6,14.19,17.26,98.6,0,0,0.254,17.92,18.1,0.085
"2022-09-13 21:00:00",19784,12.9,102.2456,0.043,179.9,12.11,17.32,99.3,0,0,0,18.1,18.27,0.087
"2022-09-13 22:00:00",19785,12.88,102.2456,0.045,156.4,20.24,17.38,99.5,0,0,0,18.19,18.38,0.087
"2022-09-13 23:00:00",19786,12.87,102.2374,0.143,224.8,5.984,17.24,99.4,0,0,0,18.01,18.09,0.087
"2022-09-14 00:00:00",19787,12.86,102.2212,0.422,224.2,15.15,17.14,99.2,0,0,0,17.66,17.86,0.086
"2022-09-14 01:00:00",19788,12.84,102.1887,0.412,222.2,15.35,17.04,99.1,0,0,0,17.54,17.65,0.085
"2022-09-14 02:00:00",19789,12.82,102.1725,0.719,210.6,16.6,16.96,99.3,0,0,0,17.4,17.47,0.085
"2022-09-14 03:00:00",19790,12.81,102.1076,0.492,215.9,10.1,16.88,99.3,0,0,0,17.22,17.38,0.084
"2022-09-14 04:00:00",19791,12.79,102.1238,0.402,213.9,13.2,16.75,99.2,0,0,0,17.11,17.22,0.084
"2022-09-14 05:00:00",19792,12.74,102.1644,0.042,182.4,4.705,16.84,100,0,0,0,17.37,17.49,0.083
"2022-09-14 06:00:00",19793,12.73,102.205,0.031,151.9,5.395,17.06,100,0.659,0.062,0.508,17.52,17.73,0.083
"2022-09-14 07:00:00",19794,12.71,102.2699,0.063,193.9,6.633,17.19,100,18.33,1.16,0,17.83,17.98,0.083
"2022-09-14 08:00:00",19795,12.71,102.3105,0.004,200.6,0.061,17.77,98,85.6,4.704,0,17.92,18.59,0.083
"2022-09-14 09:00:00",19796,13.28,102.3247,0.925,303,48,19.23,86.5,227.9,11.44,0,19.53,19.95,0.083
"2022-09-14 10:00:00",19797,13.89,102.2692,1.383,341.8,27.1,21.84,72.53,566.5,27.03,0,20.93,22.79,0.083
"2022-09-14 11:00:00",19798,13.97,102.195,2.149,21.15,26.26,23.14,68.37,568.8,28.74,0,23.13,24.23,0.083
"2022-09-14 12:00:00",19799,13.99,102.0893,2.05,30.11,25.28,23.14,68.97,355.4,19.43,0,23.53,24.74,0.082
"2022-09-14 13:00:00",19800,14.13,102.0172,2.352,33.1,27.06,23.46,67.17,418.6,22.96,0,23.53,24.91,0.082
"2022-09-14 14:00:00",19801,13.99,101.9363,2.36,32.38,21.11,22.79,71.29,248,14.26,0,23.37,23.95,0.081
"2022-09-14 15:00:00",19802,13.98,101.8634,2.432,29.11,22.99,22.22,66.85,206.4,11.27,0,22.93,23.14,0.081
"2022-09-14 16:00:00",19803,14.23,101.8065,2.59,31.68,24.52,22.98,67.41,370.7,15.58,0,23.42,24.49,0.08
"2022-09-14 17:00:00",19804,13.37,101.8228,2.716,32.52,23.04,21.96,74.92,185.1,7.519,0,21.16,22.68,0.079
"2022-09-14 18:00:00",19805,12.96,101.8622,2.138,26.4,20.63,20.25,83.7,14.05,1.11,0,19.54,20.31,0.079
"2022-09-14 19:00:00",19806,12.94,101.8802,0.929,22.01,15.2,18.95,88,0,0,0,18.49,19.01,0.079
"2022-09-14 20:00:00",19807,12.92,101.8721,0.694,17.29,14.78,18.15,89.4,0,0,0,17.79,18.14,0.078
"2022-09-14 21:00:00",19808,12.91,101.8965,0.245,0.989,14.43,17.39,93,0,0,0,17.12,17.43,0.078
"2022-09-14 22:00:00",19809,12.9,101.8965,0.04,313.7,6.301,16.67,95.5,0,0,0,16.53,16.87,0.077
"2022-09-14 23:00:00",19810,12.88,101.8478,0.017,344.1,4.187,16.2,96.6,0,0,0,16.02,16.33,0.077
"2022-09-15 00:00:00",19811,12.85,101.7747,0.008,323.3,0.004,15.66,98,0,0,0,15.44,15.66,0.077
"2022-09-15 01:00:00",19812,12.81,101.6935,0.185,322.4,2.544,15.54,98.2,0,0,0,15.32,15.48,0.076
"2022-09-15 02:00:00",19813,12.83,101.653,0.693,307.8,8.5,15.79,97.7,0,0,0,15.72,15.81,0.076
"2022-09-15 03:00:00",19814,12.82,101.5637,0.515,316.5,9.77,15.46,98.8,0,0,0,15.46,15.62,0.076
"2022-09-15 04:00:00",19815,12.81,101.6043,0.698,318.2,10.58,15.25,99.2,0,0,0,15.42,15.49,0.076
"2022-09-15 05:00:00",19816,12.76,101.6124,0.493,319.3,8.13,14.98,99.7,0,0,0,15.24,15.3,0.075
"2022-09-15 06:00:00",19817,12.73,101.6286,0.626,331.9,9.43,14.84,99.6,1.6,0.125,0,15.06,15.15,0.075
"2022-09-15 07:00:00",19818,12.72,101.7017,1.56,332.2,18.13,16.24,91.8,80.7,3.402,0,15.22,16.18,0.075
"2022-09-15 08:00:00",19819,13.19,101.7098,2.622,336,26.94,18.67,82.5,278,10.98,0,17.24,18.69,0.075
"2022-09-15 09:00:00",19820,13.9,101.6524,3.078,346.5,33.3,21.29,71.46,494.2,20.92,0,20.43,22.42,0.075
"2022-09-15 10:00:00",19821,14.18,101.59,3.187,354.9,34.59,23.34,61.86,677,30.31,0,23.63,25.46,0.075
"2022-09-15 11:00:00",19822,14.29,101.5089,3.115,354.9,32.47,25.21,57.62,799.4,36.88,0,26.61,27.93,0.075
