"TOA5","Science Centre AWS","CR1000","88296","CR1000.Std.31.08","CPU:Vasi_Science Centre AWS.CR1","64103","Hourly"
"TIMESTAMP","RECORD","BattV_Min","BP_kPa","WS_ms_S_WVT","WindDir_D1_WVT","WindDir_SD1_WVT","AirTC_Avg","RH","SlrW_Avg","CUV5_W_Avg","Rain_mm_Tot","T107_C_Min","T107_C_Avg","VW_Avg"
"TS","RN","Volts","kPa","meters/second","Deg","Deg","Deg C","%","W/m^2","W/m^2","mm","Deg C","Deg C",""
"","","Min","Smp","WVc","WVc","WVc","Avg","Smp","Avg","Avg","Tot","Min","Avg","Avg"
"2022-06-13 14:00:00",17569,14.28,100.852,2.234,10.33,31.47,26.4,44.38,533.1,23.35,0,28.73,28.97,0.04
"2022-06-13 15:00:00",17570,14.3,100.8173,1.858,1.703,35.63,26.49,49.16,400.6,16.57,0,27.09,28.09,0.04
"2022-06-13 16:00:00",17571,13.42,100.8178,1.555,7.634,28.15,25.55,60.38,224.5,8.71,0,23.57,25.78,0.04
"2022-06-13 17:00:00",17572,13.03,100.8326,1.147,13.35,26.5,22.46,73.06,28.7,2.363,0,19.64,21.36,0.04
"2022-06-13 18:00:00",17573,12.99,100.8654,0.526,12.51,18.36,19.24,90.7,0.006,0.044,0,16.93,18,0.039
"2022-06-13 19:00:00",17574,12.96,100.9386,1.046,4.968,26.96,18.85,92.1,0,0,0,17.33,17.62,0.039
"2022-06-13 20:00:00",17575,12.94,100.9305,0.14,334.5,6.939,17.39,93.2,0,0,0,15.47,16.28,0.039
"2022-06-13 21:00:00",17576,12.92,100.898,0.164,337.4,14.21,16.93,92.3,0,0,0,14.93,15.2,0.039
"2022-06-13 22:00:00",17577,12.91,100.9467,0.13,328.5,6.158,16.88,92,0,0,0,14.67,14.86,0.039
"2022-06-13 23:00:00",17578,12.91,100.9061,0.086,331.2,5.594,16.93,93.5,0,0,0,14.24,14.51,0.039
"2022-06-14 00:00:00",17579,12.9,100.8818,0.43,318.8,14.29,17.02,93.5,0,0,0,14.1,14.57,0.039
"2022-06-14 01:00:00",17580,12.89,100.8737,0.56,312.7,13.89,15.77,97.5,0,0,0,14.4,14.95,0.039
"2022-06-14 02:00:00",17581,12.87,100.825,0.267,309.8,9.88,15.14,100,0,0,0,14.12,14.27,0.039
"2022-06-14 03:00:00",17582,12.86,100.76,0.276,335.9,14.24,15.29,88.7,0,0,0,13.79,14.22,0.039
"2022-06-14 04:00:00",17583,12.86,100.7276,0.535,0.807,22.58,16.41,85.6,0,0,0,13.38,13.9,0.039
"2022-06-14 05:00:00",17584,12.85,100.7194,0.806,349.7,30.98,17.07,84.1,0,0,0,13.59,13.92,0.039
"2022-06-14 06:00:00",17585,12.83,100.7138,0.038,357.3,5.829,14.94,83.5,0,0,0,10.91,12.24,0.039
"2022-06-14 07:00:00",17586,12.82,100.7772,0.124,299.4,5.478,13.3,84.1,3.692,0.314,0,10.2,10.53,0.039
"2022-06-14 08:00:00",17587,12.83,100.7606,0.879,323,19.97,15.58,75.36,113.9,4.307,0,11.07,13.08,0.039
"2022-06-14 09:00:00",17588,14.15,100.7897,1.243,341.4,29.89,19.5,58.36,299.7,11.9,0,14.93,16.7,0.039
"2022-06-14 10:00:00",17589,14.27,100.742,1.733,350,34,23.02,44.78,462.9,19.8,0,18.65,21.31,0.039
"2022-06-14 11:00:00",17590,14.27,100.6404,2.412,342,35.97,24.95,42.8,576.9,25.53,0,23.64,25.38,0.039
"2022-06-14 12:00:00",17591,14.26,100.5002,2.713,345.9,35.96,26.4,39.42,630.2,28.42,0,26.9,27.92,0.039
"2022-06-14 13:00:00",17592,14.25,100.3536,2.644,359.3,37.53,27.48,39.65,613.8,27.49,0,28.58,29.35,0.039
"2022-06-14 14:00:00",17593,14.27,100.2238,2.536,358.4,35,27.88,35.92,530.2,22.62,0,29.41,29.71,0.039
"2022-06-14 15:00:00",17594,14.28,100.1928,2.332,0.774,34.85,27.55,39.71,408.5,16.72,0,27.93,28.58,0.039
"2022-06-14 16:00:00",17595,13.45,100.2027,1.735,3.063,35.52,26.49,54.44,203.2,8.46,0,23.89,26.34,0.039
"2022-06-14 17:00:00",17596,13.03,100.2076,1.136,12.16,24.67,23.24,62.34,27.15,1.786,0,20.74,22.06,0.038
"2022-06-14 18:00:00",17597,12.99,100.2739,0.529,11.27,18.32,21.28,77.97,0.056,0.034,0,18.48,19.68,0.038
"2022-06-14 19:00:00",17598,12.96,100.3622,0,0,0,19.82,78.32,0,0,0,16.87,17.67,0.038
"2022-06-14 20:00:00",17599,12.94,100.3379,0.01,341.8,1.26,18.39,80,0,0,0,15.2,16.17,0.038
"2022-06-14 21:00:00",17600,12.93,100.2973,0.054,350.1,8.82,17.96,75.94,0,0,0,14.67,14.87,0.038
"2022-06-14 22:00:00",17601,12.91,100.3135,0.268,349,19.21,18.88,79.38,0,0,0,14.81,15.24,0.038
"2022-06-14 23:00:00",17602,12.91,100.2811,0.77,330.9,23.46,19.34,79.96,0,0,0,15.86,16.31,0.038
"2022-06-15 00:00:00",17603,12.9,100.2648,1.332,329.3,26.83,19.89,69.61,0,0,0,17.02,17.17,0.038
"2022-06-15 01:00:00",17604,12.9,100.2405,1.509,322.6,25.61,19.6,68.17,0,0,0,17.15,17.32,0.038
"2022-06-15 02:00:00",17605,12.88,100.208,0.899,319.5,23.85,18.71,69.23,0,0,0,16.61,16.87,0.038
"2022-06-15 03:00:00",17606,12.86,100.1999,0.503,318.8,16.54,17.95,71.15,0,0,0,16.19,16.3,0.038
"2022-06-15 04:00:00",17607,12.85,100.2324,0.037,305.4,5.177,17.2,77.92,0,0,0,15.15,15.79,0.038
"2022-06-15 05:00:00",17608,12.83,100.2892,0.149,296.3,12.68,16.79,71.93,0,0,0,14.55,15.01,0.038
"2022-06-15 06:00:00",17609,12.82,100.3135,0.378,318.7,17.32,16.8,76.6,0,0,0,15.56,15.85,0.038
"2022-06-15 07:00:00",17610,12.81,100.4678,0.553,245,46.66,16.54,68.89,0.116,0,0,15.56,15.74,0.038
"2022-06-15 08:00:00",17611,12.8,100.4109,0.478,192.5,29.54,16.61,92.5,4.21,0.535,0.254,15.74,16,0.038
"2022-06-15 09:00:00",17612,12.8,100.5733,0.442,224.1,28.66,17.36,90.1,151.1,7.789,0,16.12,16.91,0.038
"2022-06-15 10:00:00",17613,13.8,100.6217,1.046,210.2,39.42,21,80.7,384.5,16.9,0,18.54,19.73,0.038
"2022-06-15 11:00:00",17614,14.16,100.6356,1.377,181.3,46,22.99,69.16,436.7,21.09,0,20.95,22.02,0.038
"2022-06-15 12:00:00",17615,13.44,100.6581,1.365,166.9,45.93,23.47,73.38,337.6,16.3,0,21.85,23.71,0.038
"2022-06-15 13:00:00",17616,13.85,100.5806,1.411,168.8,47.06,22.66,62.65,326.4,17.32,0,21.85,22.8,0.038
"2022-06-15 14:00:00",17617,14.23,100.6297,1.958,159.5,45.53,21.52,70.66,290.5,15.24,0,21.26,22.46,0.038
"2022-06-15 15:00:00",17618,14.26,100.6216,2.205,159.1,46.31,21.42,65.72,402.4,17.5,0,21.31,22.53,0.038
"2022-06-15 16:00:00",17619,14.02,100.6865,2.043,163.1,44.6,20.4,65.89,218.8,9.58,0,19.24,20.7,0.038
"2022-06-15 17:00:00",17620,13.05,100.7507,1.239,153.7,33.64,18.65,73.54,38.94,2.528,0,17.09,18.15,0.037
"2022-06-15 18:00:00",17621,12.98,100.8331,0.108,198.5,12.23,15.78,78.32,0.06,0.047,0,14.74,15.78,0.037
"2022-06-15 19:00:00",17622,12.95,100.9142,0.344,189,22.6,15.26,74.76,0,0,0,14.35,14.68,0.037
"2022-06-15 20:00:00",17623,12.94,100.963,0.165,200.4,15.39,14.77,79.17,0,0,0,13.96,14.53,0.037
"2022-06-15 21:00:00",17624,12.92,101.0522,0.306,205.8,22.32,14.57,76.66,0,0,0,13.92,14.13,0.037
"2022-06-15 22:00:00",17625,12.91,101.0928,0.191,194.1,18.91,14.49,82,0,0,0,14.35,14.5,0.037
"2022-06-15 23:00:00",17626,12.91,101.1498,0.148,198.5,14.41,14.17,80.9,0,0,0,13.46,14,0.037
"2022-06-16 00:00:00",17627,12.89,101.1439,0.422,196.9,27.58,13.97,82.1,0,0,0,13.13,13.33,0.037
"2022-06-16 01:00:00",17628,12.88,101.2049,0.741,191.2,37.73,13.77,85.3,0,0,0,13.03,13.16,0.037
"2022-06-16 02:00:00",17629,12.86,101.2402,0.682,200.8,33.06,13.65,88.6,0,0,0,13.09,13.14,0.037
"2022-06-16 03:00:00",17630,12.85,101.2096,0.272,193.9,21.22,13.17,90.5,0,0,0,12.93,13.08,0.037
"2022-06-16 04:00:00",17631,12.83,101.2621,0.377,196.6,24.17,12.9,91.6,0,0,0,12.27,12.81,0.037
"2022-06-16 05:00:00",17632,12.82,101.2807,0.341,201.4,24.31,11.9,86.9,0,0,0,11.21,11.72,0.037
"2022-06-16 06:00:00",17633,12.79,101.37,0.494,195.7,27.92,11.28,75.14,0,0,0,10.55,10.84,0.037
"2022-06-16 07:00:00",17634,12.77,101.4674,0.266,202.5,17.57,10.99,75.68,3.549,0.3,0,10.09,10.37,0.037
"2022-06-16 08:00:00",17635,12.79,101.5405,0.376,188.7,26.06,12.2,67.07,108.4,4.245,0,10.19,11.1,0.037
"2022-06-16 09:00:00",17636,14.19,101.5962,0.899,177.7,40.7,15.22,57.51,292.5,11.75,0,12.48,14.28,0.037
"2022-06-16 10:00:00",17637,14.36,101.6224,1.672,171.1,50.23,18.17,47.25,464.4,19.73,0,16.24,18.05,0.037
"2022-06-16 11:00:00",17638,14.36,101.6118,2.276,170.9,50.81,19.27,39.26,585.2,25.9,0,19.15,20.13,0.037
"2022-06-16 12:00:00",17639,14.35,101.5469,1.965,167.1,48.2,20.3,31.99,645,29.18,0,20.93,21.75,0.037
"2022-06-16 13:00:00",17640,14.35,101.49,1.815,184.8,49.26,20.87,31.47,636,28.82,0,21.92,22.52,0.037
"2022-06-16 14:00:00",17641,14.35,101.465,1.548,172.2,51.18,21.21,32.06,556.4,24.85,0,22.4,22.95,0.037
"2022-06-16 15:00:00",17642,14.36,101.4408,1.3,165.6,44.4,21.1,32.67,419.3,18.03,0,21.69,22.15,0.037
"2022-06-16 16:00:00",17643,13.47,101.4413,0.745,166.1,33,20.2,39.36,239.8,9.6,0,18.33,20.39,0.037
"2022-06-16 17:00:00",17644,13.02,101.458,0.016,148,3.488,15.6,67.36,25.86,2.486,0,12.65,15.43,0.036
"2022-06-16 18:00:00",17645,12.96,101.4831,0,0,0,11.33,68.64,0.057,0.047,0,9.9,10.87,0.036
"2022-06-16 19:00:00",17646,12.93,101.5161,0.001,218.9,0,11.29,73.02,0,0,0,9.17,9.5,0.036
"2022-06-16 20:00:00",17647,12.91,101.5567,0.126,199.4,14.66,11.88,68.84,0,0,0,8.86,9.13,0.036
"2022-06-16 21:00:00",17648,12.9,101.5811,0.356,198,23.34,12.31,64.27,0,0,0,9.62,10.17,0.036
"2022-06-16 22:00:00",17649,12.89,101.638,0.407,225.6,24.47,11.64,76.07,0,0,0,10.2,10.57,0.036
"2022-06-16 23:00:00",17650,12.88,101.6461,0.651,221.6,27.82,11.3,71.03,0,0,0,10.13,10.36,0.036
"2022-06-17 00:00:00",17651,12.88,101.6217,0.516,209,28.12,11.93,68.53,0,0,0,10.5,10.64,0.036
"2022-06-17 01:00:00",17652,12.86,101.5892,0.162,218.4,18.26,10.04,78.28,0,0,0,9.1,9.83,0.036
"2022-06-17 02:00:00",17653,12.84,101.5973,0.125,245.4,18.53,9.1,81.9,0,0,0,9,9.16,0.036
"2022-06-17 03:00:00",17654,12.82,101.5243,0.22,255,20.43,8.67,79.24,0,0,0,8.56,8.72,0.036
"2022-06-17 04:00:00",17655,12.79,101.4918,0.078,238.3,13.51,9.54,76.92,0,0,0,8.7,8.89,0.035
"2022-06-17 05:00:00",17656,12.77,101.4431,0.068,259.5,10.33,8.55,78.02,0,0,0,8.16,8.4,0.036
"2022-06-17 06:00:00",17657,12.74,101.4706,0,0,0,5.131,95.4,0,0,0,6.769,7.572,0.036
"2022-06-17 07:00:00",17658,12.72,101.4736,0,0,0,3.829,97.9,4.3,0.29,0,6.103,6.358,0.035
"2022-06-17 08:00:00",17659,12.74,101.4841,0.051,296.3,10.39,8.61,65.17,109.5,3.982,0,6.122,7.454,0.036
"2022-06-17 09:00:00",17660,14.24,101.507,0.083,291.9,10.29,14.82,57.06,283,10.79,0,9.85,12.83,0.036
"2022-06-17 10:00:00",17661,14.33,101.4776,0.238,342.7,14.89,18.32,48.31,441.6,17.95,0,15.78,18.76,0.035
"2022-06-17 11:00:00",17662,14.33,101.425,1.554,7.23,32.19,20.32,43.64,553.9,23.56,0,21.24,22.7,0.036
"2022-06-17 12:00:00",17663,14.32,101.2775,1.998,350.6,35.82,21.53,42.04,605.3,26.24,0,23.76,24.65,0.035
"2022-06-17 13:00:00",17664,14.35,101.1458,1.984,1.286,34.66,22.23,38.48,593.3,25.71,0,24.92,25.56,0.036
"2022-06-17 14:00:00",17665,14.35,101.0734,2.014,341,35.38,22.76,38,516.5,21.88,0,25.9,26.12,0.036
"2022-06-17 15:00:00",17666,14.36,101.0482,1.951,347.3,37.09,22.89,39.87,391.9,16.12,0,24.39,25.35,0.036
"2022-06-17 16:00:00",17667,13.49,101.064,1.148,9.19,31.89,22.45,44.76,223,8.88,0,21.65,23.2,0.035
"2022-06-17 17:00:00",17668,13.03,101.0816,0.408,15.09,17.99,19.33,64.11,28.37,2.412,0,16.18,18.4,0.035
"2022-06-17 18:00:00",17669,12.98,101.1091,0.068,2.194,8.33,15.48,75.26,0.031,0.046,0,12.14,14.16,0.035
"2022-06-17 19:00:00",17670,12.95,101.1498,0,0,0,13.5,80.8,0,0,0,10.75,11.28,0.035
"2022-06-17 20:00:00",17671,12.92,101.1751,0.005,295.8,1.437,12.58,86.3,0,0,0,10.02,10.39,0.035
"2022-06-17 21:00:00",17672,12.91,101.167,0,0,0,12.21,87.2,0,0,0,9.52,9.8,0.035
"2022-06-17 22:00:00",17673,12.89,101.1751,0,0,0,11.59,89,0,0,0,9.2,9.42,0.035
"2022-06-17 23:00:00",17674,12.88,101.167,0,0,0,11.72,94.8,0,0,0,8.99,9.23,0.035
"2022-06-18 00:00:00",17675,12.87,101.1264,0,0,0,10.93,96,0,0,0,8.84,9.04,0.035
"2022-06-18 01:00:00",17676,12.86,101.1264,0,0,0,11.17,92.2,0,0,0,8.72,8.8,0.035
"2022-06-18 02:00:00",17677,12.84,101.0776,0.008,272.4,0.89,11.09,92.6,0,0,0,8.45,8.64,0.035
"2022-06-18 03:00:00",17678,12.83,101.0452,0.032,307,4.428,11.09,95.5,0,0,0,8.64,8.76,0.035
"2022-06-18 04:00:00",17679,12.81,100.9964,0.064,312.9,5.476,10.6,93.4,0,0,0,8.83,9.05,0.035
"2022-06-18 05:00:00",17680,12.78,101.0208,0.639,315,18.38,10.95,84.7,0,0,0,8.97,9.52,0.035
"2022-06-18 06:00:00",17681,12.76,100.9964,0.315,312.1,14.02,10.94,84.1,0,0,0,8.89,9.44,0.035
"2022-06-18 07:00:00",17682,12.74,101.0614,0.555,321.6,18.49,11.54,72.62,3.165,0.276,0,9.06,9.27,0.035
"2022-06-18 08:00:00",17683,12.76,101.0641,1.066,337.3,28.73,14.59,65.57,103.4,3.926,0,9.85,11.28,0.035
"2022-06-18 09:00:00",17684,14.15,101.1172,1.614,356.2,34.43,18.31,55.12,283.4,10.93,0,13.41,16.13,0.035
"2022-06-18 10:00:00",17685,14.3,101.1005,1.967,352.7,39.23,20.78,52.2,443.6,18.54,0,18.8,20.91,0.035
"2022-06-18 11:00:00",17686,14.3,101.0158,2.192,350.8,36.04,22.68,50.28,554.5,24.07,0,22.91,24.37,0.035
"2022-06-18 12:00:00",17687,14.3,100.9225,2.371,359.7,37.79,24.11,48.39,605.8,26.47,0,25.7,26.53,0.035
"2022-06-18 13:00:00",17688,14.3,100.7998,2.221,2.622,34.93,25.07,45.59,591.4,25.42,0,27.15,27.86,0.035
"2022-06-18 14:00:00",17689,14.31,100.7268,2.226,12.75,28.89,25.45,46.6,512.7,21.21,0,27.75,28.21,0.035
"2022-06-18 15:00:00",17690,14.32,100.7524,2.227,18.69,27.62,25.2,49.98,378.8,14.73,0,25.9,27.15,0.035
"2022-06-18 16:00:00",17691,13.59,100.7888,2.104,21.07,27.33,23.81,54.68,210.5,7.721,0,22.41,24.25,0.035
"2022-06-18 17:00:00",17692,13.03,100.8164,0.893,23.69,22.53,21.13,80.2,31.15,2.106,0,18.83,20.42,0.035
"2022-06-18 18:00:00",17693,12.97,100.8736,0.083,26.1,6.905,18.11,86.6,0.013,0.043,0,15.43,16.66,0.034
"2022-06-18 19:00:00",17694,12.95,100.898,0.005,353.5,2.37,17.22,91.6,0,0,0,13.86,14.51,0.034
"2022-06-18 20:00:00",17695,12.93,100.9548,0.101,7.577,12.18,17.1,93.6,0,0,0,13.99,14.25,0.034
"2022-06-18 21:00:00",17696,12.93,100.9548,0.3,3.46,18.65,17.63,94.7,0,0,0,14.84,15.14,0.034
"2022-06-18 22:00:00",17697,12.92,100.9711,0.012,340.2,1.977,16.84,97.6,0,0,0,13.62,14.51,0.034
"2022-06-18 23:00:00",17698,12.9,100.9873,0,0,0,16.09,99.4,0,0,0,12.57,12.98,0.034
"2022-06-19 00:00:00",17699,12.9,100.9792,0.108,321.7,7.929,16.27,99.8,0,0,0,12.45,13.05,0.034
"2022-06-19 01:00:00",17700,12.88,100.9873,0.143,307.9,9.88,16.77,98.8,0,0,0,14.59,14.97,0.034
"2022-06-19 02:00:00",17701,12.86,100.9954,0.052,316,6.2,15.47,97.9,0,0,0,14.05,14.38,0.034
"2022-06-19 03:00:00",17702,12.85,100.9548,0.386,349.7,18.99,15.97,94.9,0,0,0,14.12,14.31,0.034
"2022-06-19 04:00:00",17703,12.84,100.963,0.519,359.1,25.61,16.38,94.6,0,0,0,14.51,14.7,0.034
"2022-06-19 05:00:00",17704,12.82,100.9548,0.662,7.298,20.46,15.98,95.9,0,0,0,14.7,14.86,0.034
"2022-06-19 06:00:00",17705,12.8,101.0198,0.283,2.167,13.45,15.46,97.3,0,0,0,13.41,14.35,0.034
"2022-06-19 07:00:00",17706,12.79,101.0847,0.011,318.6,1.519,14.71,96.9,3.248,0.259,0,12.52,12.92,0.034
"2022-06-19 08:00:00",17707,12.79,101.174,0.411,339,16.5,16.3,89.8,99.9,3.569,0,13.22,14.71,0.034
"2022-06-19 09:00:00",17708,13.99,101.2046,1.149,343.4,29.76,19.13,79.32,272.7,10.35,0,16.48,17.61,0.034
"2022-06-19 10:00:00",17709,14.29,101.2377,1.861,342.2,33.9,21.6,69.97,437.4,17.83,0,18.6,20.95,0.034
"2022-06-19 11:00:00",17710,14.26,101.2797,1.391,325.7,33.6,23.67,61.04,544.5,23.41,0,22.96,24.85,0.034
"2022-06-19 12:00:00",17711,14.23,101.2386,0.749,259.9,46.37,24.81,56.06,593,26.15,0,26.28,26.78,0.034
"2022-06-19 13:00:00",17712,14.23,101.2217,0.762,207.3,43.25,24.98,58.42,581,25.37,0,26.11,26.63,0.034
"2022-06-19 14:00:00",17713,14.09,101.2379,1.237,156.6,38.57,24.46,70.3,500.4,20.9,0,25.77,26.12,0.034
"2022-06-19 15:00:00",17714,13.99,101.2897,1.118,149.2,33.62,22.77,80.1,220.6,11.71,0,22.34,24,0.034
"2022-06-19 16:00:00",17715,13.99,101.3196,0.87,151.2,34.38,21.86,83.2,132.5,7.069,0,21.53,22.08,0.034
"2022-06-19 17:00:00",17716,13.03,101.3926,0.52,152.3,21.17,21.04,89.1,38.84,2.07,0,20.18,20.79,0.034
"2022-06-19 18:00:00",17717,12.97,101.48,0.038,162.1,7.086,19.9,91.5,0.114,0.043,0,18.64,19.34,0.034
"2022-06-19 19:00:00",17718,12.96,101.5799,0.002,183.1,2.469,19.08,94.1,0,0,0,17.86,18.3,0.034
"2022-06-19 20:00:00",17719,12.94,101.6447,0,0,0,18.54,92.3,0,0,0,17.62,17.97,0.034
"2022-06-19 21:00:00",17720,12.93,101.7179,0.207,198.8,17.59,17.97,95.5,0,0,0,17.1,17.39,0.034
"2022-06-19 22:00:00",17721,12.92,101.7828,0.128,200.5,11.99,17.53,96.4,0,0,0,16.89,16.98,0.034
"2022-06-19 23:00:00",17722,12.91,101.8315,0.142,204.2,14.21,17.45,95.6,0,0,0,16.88,17.04,0.034
"2022-06-20 00:00:00",17723,12.9,101.8397,0.103,200,12.5,17.06,97.6,0,0,0,16.44,16.8,0.034
"2022-06-20 01:00:00",17724,12.88,101.8478,0.187,193,14.95,16.41,98.4,0,0,0,16.03,16.2,0.034
"2022-06-20 02:00:00",17725,12.87,101.8559,0.143,191.4,18.27,16.53,96.4,0,0,0,16.11,16.46,0.034
"2022-06-20 03:00:00",17726,12.85,101.8721,0.308,198.5,18.5,17.03,95.2,0,0,0,16.65,16.74,0.034
"2022-06-20 04:00:00",17727,12.84,101.8721,0.167,199.9,16.24,17.2,94.8,0,0,0,16.88,16.94,0.034
"2022-06-20 05:00:00",17728,12.82,101.9371,0.215,188.2,21.5,17.31,94.5,0,0,0,16.83,16.91,0.034
"2022-06-20 06:00:00",17729,12.81,101.9858,0.094,197.4,9.26,16.84,95.9,0,0,0,16.31,16.56,0.034
"2022-06-20 07:00:00",17730,12.79,102.0426,0.172,198.1,12.7,17.01,94.9,3.49,0.237,0,16.41,16.59,0.034
"2022-06-20 08:00:00",17731,12.79,102.1319,0.15,191.3,13.48,17.24,92.2,56.01,2.968,0,16.49,16.88,0.034
"2022-06-20 09:00:00",17732,13.02,102.2212,0.313,201.1,24.04,18.61,86.7,173.8,8.39,0,17.56,18.57,0.034
"2022-06-20 10:00:00",17733,13.98,102.2279,0.732,194.4,33.99,21.2,76.27,376.1,17.57,0,19.59,20.98,0.034
"2022-06-20 11:00:00",17734,13.97,102.2066,0.791,170.7,39.69,22.67,77.71,313.7,16.17,0,22.92,23.39,0.034
"2022-06-20 12:00:00",17735,14.09,102.1663,1.244,153.1,33.83,23.05,73.4,342.5,17.25,0,23.25,24.06,0.034
"2022-06-20 13:00:00",17736,14.19,102.1501,1.391,149.2,38.1,23.4,74.93,379.9,18.99,0,24.03,24.89,0.034
"2022-06-20 14:00:00",17737,14.18,102.1457,1.33,146,34.2,22.75,76.5,238.3,12.81,0,23.7,24.11,0.034
"2022-06-20 15:00:00",17738,14.09,102.1544,1.054,146.2,31.35,22.41,79.9,183,9.74,0,22.9,23.52,0.034
"2022-06-20 16:00:00",17739,13.42,102.188,0.673,156.8,28.12,21.84,82.8,105.6,5.636,0,21.93,22.49,0.034
"2022-06-20 17:00:00",17740,12.99,102.1799,0.137,159.1,15.33,21.23,84,30.27,1.661,0,20.55,21.33,0.034
"2022-06-20 18:00:00",17741,12.98,102.2153,0.038,146,3.517,19.8,88.3,0.112,0.031,0,19.32,19.85,0.034
"2022-06-20 19:00:00",17742,12.96,102.2449,0.021,155.3,1.565,19.08,90.2,0,0,0,17.77,18.89,0.033
"2022-06-20 20:00:00",17743,12.94,102.2537,0.01,162.3,0.115,17.2,94.1,0,0,0,15.71,16.37,0.034
"2022-06-20 21:00:00",17744,12.92,102.2699,0.017,165.6,1.258,16.58,97.7,0,0,0,15.29,15.45,0.033
"2022-06-20 22:00:00",17745,12.91,102.2861,0.076,194.1,7.98,16.3,98.4,0,0,0,15.54,15.71,0.033
"2022-06-20 23:00:00",17746,12.9,102.2618,0.093,189.8,10.15,15.95,98.7,0,0,0,15.3,15.51,0.033
"2022-06-21 00:00:00",17747,12.88,102.2212,0.122,188.7,13.08,15.63,98.9,0,0,0,15.09,15.32,0.033
"2022-06-21 01:00:00",17748,12.87,102.2131,0.213,195.9,15.93,15.39,99.3,0,0,0,15.06,15.17,0.033
"2022-06-21 02:00:00",17749,12.85,102.2212,0.278,200,17.9,15.22,99.5,0,0,0,15.06,15.14,0.033
"2022-06-21 03:00:00",17750,12.83,102.1968,0.648,209.8,25.17,15.04,99.6,0,0,0,15.02,15.1,0.033
"2022-06-21 04:00:00",17751,12.82,102.1563,0.538,204.6,20.1,15.25,98.9,0,0,0,15.25,15.51,0.033
"2022-06-21 05:00:00",17752,12.79,102.1238,0.496,204.7,21.4,15.43,99,0,0,0,15.58,15.66,0.033
"2022-06-21 06:00:00",17753,12.78,102.1563,0.614,201.3,21.16,15.84,98,0,0,0,15.67,15.85,0.033
"2022-06-21 07:00:00",17754,12.77,102.1806,0.544,201.1,20,15.63,98.8,2.2,0.205,0,15.33,15.55,0.033
"2022-06-21 08:00:00",17755,12.76,102.2212,0.534,204.2,21.2,16.13,96.2,50.03,2.883,0,15.69,16.14,0.033
"2022-06-21 09:00:00",17756,13.03,102.2293,0.387,190.7,19.1,17,95.2,82,4.795,0,16.61,17.16,0.033
"2022-06-21 10:00:00",17757,13.28,102.2293,0.317,198.6,16.96,18.07,95.8,94.8,5.73,0,17.88,18.27,0.033
"2022-06-21 11:00:00",17758,13.05,102.1725,0.038,187.5,5.576,17.85,99.6,51.48,3.524,4.826,18.21,18.36,0.033
"2022-06-21 12:00:00",17759,13.17,102.0751,0.175,206.1,12.14,18.25,99.1,123,7.537,1.016,18.44,18.86,0.034
"2022-06-21 13:00:00",17760,13.44,101.9563,0.314,194.5,15.75,19.19,98.8,166.8,9.65,0,19.4,19.94,0.034
"2022-06-21 14:00:00",17761,13.42,101.8736,0.267,187.7,18.13,19.16,99.4,92.7,5.516,0,19.47,19.66,0.034
"2022-06-21 15:00:00",17762,13.66,101.8553,0.262,172.3,16.2,20.31,96.2,243.8,12.64,0,19.83,21,0.034
"2022-06-21 16:00:00",17763,13.28,101.8309,0.094,189.5,11.05,19.79,98.5,68.19,4.041,0,19.6,19.88,0.035
"2022-06-21 17:00:00",17764,13.09,101.866,0.104,197.7,9.53,19.27,99.7,32.21,1.959,0,19,19.35,0.035
"2022-06-21 18:00:00",17765,13.02,101.9041,0.053,194.8,9.09,18.72,100,0.13,0.016,0,18.77,18.84,0.035
"2022-06-21 19:00:00",17766,12.98,101.9204,0.002,217.2,0.644,18.55,100,0,0,0.508,18.7,18.79,0.035
"2022-06-21 20:00:00",17767,12.96,101.9368,0.001,212.6,0,18.33,100,0,0,0,18.2,18.5,0.036
"2022-06-21 21:00:00",17768,12.93,101.9452,0,0,0,17.94,100,0,0,0.254,17.75,17.92,0.036
"2022-06-21 22:00:00",17769,12.91,101.9858,0,0,0,17.76,100,0,0,0,17.66,17.85,0.037
"2022-06-21 23:00:00",17770,12.88,101.9695,0,0,0,17.82,100,0.049,0,4.318,17.77,17.98,0.037
"2022-06-22 00:00:00",17771,12.86,101.929,0,0,0,17.9,100,0,0,0.254,18.01,18.12,0.046
"2022-06-22 01:00:00",17772,12.83,101.8965,0,0,0,17.77,100,0.008,0,0.508,17.75,18,0.065
"2022-06-22 02:00:00",17773,12.81,101.8559,0,0,0,18.21,100,0.131,0,6.35,17.83,18.21,0.073
"2022-06-22 03:00:00",17774,12.79,101.8541,0,0,0,18.48,100,0.06,0,7.112,18.31,18.42,0.106
"2022-06-22 04:00:00",17775,12.78,101.8313,0,0,0,18.51,100,0.034,0,0,18.12,18.47,0.116
"2022-06-22 05:00:00",17776,12.77,101.8559,0,0,0,17.93,100,0,0,0,17.72,17.83,0.107
"2022-06-22 06:00:00",17777,12.77,101.8802,0,0,0,17.77,100,0.034,0,0,17.04,17.48,0.101
"2022-06-22 07:00:00",17778,12.76,101.9533,0,0,0,17.91,100,3.369,0.192,0,17.72,17.9,0.098
"2022-06-22 08:00:00",17779,12.77,102.0262,0,0,0,18.48,99,78.7,3.359,0,17.56,18.42,0.095
"2022-06-22 09:00:00",17780,13.33,102.0447,0,0,0,19.96,92.2,102.1,7.206,0,18.99,19.42,0.093
"2022-06-22 10:00:00",17781,13.37,102.0584,0,0,0,20.86,83.7,196.4,10.71,0,19.34,20.02,0.092
"2022-06-22 11:00:00",17782,14.07,102.0128,0,0,0,22.9,76.07,455.6,21.77,0,20.5,21.88,0.09
"2022-06-22 12:00:00",17783,14.1,101.9537,0,0,0,23.73,69.73,577.2,26.88,0,23.07,23.82,0.089
"2022-06-22 13:00:00",17784,14.16,101.8711,0,0,0,23.51,68.66,486.2,23.13,0,23.17,24.27,0.088
"2022-06-22 14:00:00",17785,14.15,101.817,0,0,0,23.31,75.83,404.2,19.11,0,23.25,24.14,0.087
"2022-06-22 15:00:00",17786,14.12,101.7687,0,0,0,22.61,76.27,295.4,15.04,0,22.63,23.37,0.086
"2022-06-22 16:00:00",17787,14.01,101.7983,0,0,0,22.07,73.63,171,8.68,0,21.76,22.27,0.085
"2022-06-22 17:00:00",17788,13.03,101.7906,0,0,0,20.48,82.8,20.97,2.453,0,19.5,20.26,0.084
"2022-06-22 18:00:00",17789,12.99,101.8396,0,0,0,19.1,85.2,0.041,0.053,0,18.26,18.71,0.083
"2022-06-22 19:00:00",17790,12.97,101.8721,0,0,0,18.43,88,0,0,0,17.41,17.71,0.082
"2022-06-22 20:00:00",17791,12.95,101.8965,0,0,0,18.21,88.7,0,0,0,16.74,17.02,0.082
"2022-06-22 21:00:00",17792,12.94,101.9127,0,0,0,17.78,93.1,0,0,0,15.94,16.4,0.081
"2022-06-22 22:00:00",17793,12.92,101.9046,0,0,0,16.58,93.3,0,0,0,15.47,15.77,0.081
"2022-06-22 23:00:00",17794,12.92,101.864,0,0,0,17.05,94.8,0.027,0,0,15.43,15.97,0.081
"2022-06-23 00:00:00",17795,12.9,101.8153,0,0,0,17,92.7,0,0,0,15.23,16.05,0.08
"2022-06-23 01:00:00",17796,12.89,101.7422,0,0,0,16.11,93.6,0,0,0,14.39,14.74,0.08
"2022-06-23 02:00:00",17797,12.87,101.7098,0,0,0,15.57,97.2,0,0,0,14.14,14.23,0.079
"2022-06-23 03:00:00",17798,12.86,101.6773,0,0,0,14.91,99.5,0,0,0,14.23,14.95,0.079
"2022-06-23 04:00:00",17799,12.85,101.6611,0,0,0,15.11,98.9,0,0,0,14.39,14.71,0.079
"2022-06-23 05:00:00",17800,12.83,101.6448,0,0,0,14.74,99.3,0,0,0,13.6,14.21,0.078
"2022-06-23 06:00:00",17801,12.81,101.6854,0,0,0,14.56,100,0,0,0,13.32,13.56,0.078
"2022-06-23 07:00:00",17802,12.8,101.726,0,0,0,15.71,96.8,2.797,0.239,0,14.02,14.93,0.078
"2022-06-23 08:00:00",17803,12.8,101.7422,0,0,0,17.1,92,82.8,3.732,0,15.45,16.33,0.077
"2022-06-23 09:00:00",17804,13.73,101.7497,0,0,0,19.23,85.2,225.7,10.32,0,17.34,18.51,0.077
"2022-06-23 10:00:00",17805,14.16,101.757,0,0,0,21.8,78.34,381.3,17.46,0,20.39,21.91,0.077
"2022-06-23 11:00:00",17806,14.31,101.6674,0,0,0,22.08,73.78,353.1,18.19,0,22.4,22.91,0.077
"2022-06-23 12:00:00",17807,14.13,101.5559,0,0,0,23.47,63.52,513.1,24.81,0,22.91,24.83,0.077
"2022-06-23 13:00:00",17808,14.1,101.4246,0,0,0,24.6,57.07,566.6,26.76,0,25.56,26.65,0.077
"2022-06-23 14:00:00",17809,14.3,101.3683,0,0,0,24.77,54.91,510.2,23.42,0,26.68,27.22,0.077
"2022-06-23 15:00:00",17810,14.09,101.3372,0,0,0,24.76,58.23,393.8,16.67,0,26.19,26.96,0.076
"2022-06-23 16:00:00",17811,13.32,101.3009,0,0,0,23.36,65.61,156.9,7.738,0,21.98,24.5,0.076
"2022-06-23 17:00:00",17812,13.02,101.3033,0,0,0,21.09,78.58,13.44,0.95,0,20.43,21.2,0.076
"2022-06-23 18:00:00",17813,12.98,101.3499,0,0,0,19.55,81.5,0,0.033,0,19.11,19.5,0.075
"2022-06-23 19:00:00",17814,12.97,101.3445,0,0,0,19.25,80.3,0,0,0,18.8,18.93,0.075
"2022-06-23 20:00:00",17815,12.96,101.4087,0,0,0,19.18,83.6,0,0,0,18.65,18.72,0.075
"2022-06-23 21:00:00",17816,12.94,101.3688,0,0,0,18.38,91,0,0,0,17.38,18.05,0.075
"2022-06-23 22:00:00",17817,12.92,101.3688,0,0,0,17.15,95.7,0,0,0,16.13,16.61,0.074
"2022-06-23 23:00:00",17818,12.91,101.3851,0,0,0,17.56,94.5,0,0,0,16.61,17.09,0.074
"2022-06-24 00:00:00",17819,12.9,101.3607,0,0,0,17.92,95.9,0,0,0,16.88,17.36,0.074
"2022-06-24 01:00:00",17820,12.88,101.3526,0,0,0,17.31,97.6,0,0,0,16.03,16.59,0.074
"2022-06-24 02:00:00",17821,12.87,101.3201,0,0,0,16.79,99.6,0,0,0,15.9,16.28,0.074
"2022-06-24 03:00:00",17822,12.85,101.2795,0,0,0,16.41,100,0,0,0,15.49,16.1,0.073
"2022-06-24 04:00:00",17823,12.83,101.2795,0,0,0,16.63,100,0,0,0,15.46,16.16,0.073
"2022-06-24 05:00:00",17824,12.82,101.2795,0,0,0,16.18,100,0,0,0,15.71,16.05,0.073
"2022-06-24 06:00:00",17825,12.8,101.312,0,0,0,15.44,100,0,0,0,15.06,15.36,0.073
"2022-06-24 07:00:00",17826,12.78,101.3445,0,0,0,14.78,99.2,2.878,0.238,0,13.72,14.32,0.073
"2022-06-24 08:00:00",17827,12.79,101.4094,0,0,0,16.55,88.8,87,3.638,0,14.75,15.81,0.073
"2022-06-24 09:00:00",17828,14.22,101.5107,0,0,0,19.45,80.1,261.8,10.58,0,17.04,18.58,0.073
"2022-06-24 10:00:00",17829,14.35,101.5137,0,0,0,21.9,69.82,423.8,18.41,0,20.34,21.54,0.073
"2022-06-24 11:00:00",17830,14.32,101.4917,0,0,0,23.49,59.62,541.1,24.26,0,22.75,23.67,0.073
"2022-06-24 12:00:00",17831,14.31,101.4489,0,0,0,24.29,64.19,594.5,26.93,0,24.39,24.77,0.072
"2022-06-24 13:00:00",17832,14.14,101.384,0,0,0,24.96,64.52,608.8,26.8,0,24.99,25.79,0.073
"2022-06-24 14:00:00",17833,14.08,101.3767,0,0,0,24.12,69.63,407.5,19.68,0,23.77,24.87,0.072
"2022-06-24 15:00:00",17834,14.08,101.4184,0,0,0,23.64,71.36,354.4,16.43,0,23.08,24.16,0.072
"2022-06-24 16:00:00",17835,13.99,101.4193,0,0,0,22.93,73.46,224.3,9.34,0,21.85,22.95,0.072
"2022-06-24 17:00:00",17836,13.05,101.4738,0,0,0,20.71,82.7,33.37,2.644,0,19.02,20.37,0.072
"2022-06-24 18:00:00",17837,12.97,101.5393,0,0,0,18.04,91.2,0.077,0.061,0,16.54,17.7,0.072
"2022-06-24 19:00:00",17838,12.96,101.6205,0,0,0,16.7,91.6,0,0,0,15.49,15.91,0.072
"2022-06-24 20:00:00",17839,12.93,101.6935,0,0,0,16.37,91.4,0,0,0,14.88,15.19,0.071
"2022-06-24 21:00:00",17840,12.92,101.7666,0,0,0,16.18,92.5,0,0,0,14.8,14.96,0.071
"2022-06-24 22:00:00",17841,12.91,101.7991,0,0,0,16.14,89.8,0,0,0,15.1,15.46,0.071
"2022-06-24 23:00:00",17842,12.91,101.8153,0,0,0,16.37,93.8,0,0,0,15.59,15.87,0.071
"2022-06-25 00:00:00",17843,12.9,101.8072,0,0,0,15.24,95.3,0,0,0,14.88,15.21,0.071
"2022-06-25 01:00:00",17844,12.88,101.7991,0,0,0,15.21,92.4,0,0,0,14.79,14.98,0.071
"2022-06-25 02:00:00",17845,12.86,101.8072,0,0,0,15.11,95,0,0,0,14.79,14.99,0.071
"2022-06-25 03:00:00",17846,12.85,101.7991,0,0,0,14.78,94.9,0,0,0,14.56,14.72,0.071
"2022-06-25 04:00:00",17847,12.84,101.7991,0,0,0,15.1,95.3,0,0,0,14.68,14.85,0.07
"2022-06-25 05:00:00",17848,12.82,101.8559,0,0,0,15.1,93.2,0,0,0,14.68,14.79,0.07
"2022-06-25 06:00:00",17849,12.8,101.9127,0,0,0,15.12,90.1,0,0,0,14.73,14.86,0.07
"2022-06-25 07:00:00",17850,12.77,102.002,0,0,0,14.8,91.5,2.587,0.224,0,14.33,14.61,0.07
"2022-06-25 08:00:00",17851,12.79,102.0913,0,0,0,15.69,89,73.6,2.895,0,14.64,15.61,0.07
"2022-06-25 09:00:00",17852,13.53,102.1563,0,0,0,17.13,82.7,208.9,9.56,0,16.32,17.29,0.07
"2022-06-25 10:00:00",17853,14.28,102.1719,0,0,0,19.35,72.11,409.2,18.04,0,18.62,19.88,0.07
"2022-06-25 11:00:00",17854,14.12,102.1878,0,0,0,20.1,73.03,391,18.73,0,20.2,21.03,0.07
"2022-06-25 12:00:00",17855,14.28,102.1308,0,0,0,21.08,65.78,500.3,24.78,0,20.32,21.96,0.07
"2022-06-25 13:00:00",17856,14.22,102.0549,0.26,152.8,20.57,21.93,67.84,527.6,24.9,0,22.38,23.07,0.07
"2022-06-25 14:00:00",17857,14.26,102.0452,1.482,159.8,44.91,21.79,65.1,461.2,20.26,0,22.2,22.85,0.07
"2022-06-25 15:00:00",17858,14.25,102.0897,1.471,170.7,47.68,21.46,68.69,345.7,15.08,0,21.44,22.44,0.07
"2022-06-25 16:00:00",17859,13.26,102.1068,0.955,179.5,41.53,19.6,73.26,83.4,4.49,0,19.33,20.11,0.07
"2022-06-25 17:00:00",17860,13,102.1636,0.303,197.4,24.97,18.49,77.71,22.61,1.429,0,18.2,18.78,0.07
"2022-06-25 18:00:00",17861,12.97,102.1968,0.127,189.6,16.88,17.41,79.2,0.127,0.035,0,17.02,17.57,0.07
"2022-06-25 19:00:00",17862,12.95,102.2861,0.194,192.4,17.95,16.27,83.2,0,0,0,15.51,16.2,0.07
"2022-06-25 20:00:00",17863,12.93,102.343,0.065,187.4,9.37,15.15,86.7,0,0,0,14.66,15.08,0.069
"2022-06-25 21:00:00",17864,12.91,102.4011,0.032,201.9,7.189,14.31,92.1,0,0,0,13.81,14.33,0.069
"2022-06-25 22:00:00",17865,12.9,102.4351,0.072,201.4,9.77,13.69,92.4,0,0,0,13.52,13.71,0.069
"2022-06-25 23:00:00",17866,12.89,102.4308,0.232,211.6,17.87,13.56,91.8,0,0,0,13.4,13.51,0.069
"2022-06-26 00:00:00",17867,12.87,102.4196,0.357,209.6,21.68,13.3,91.5,0,0,0,13.15,13.3,0.069
"2022-06-26 01:00:00",17868,12.86,102.4406,0.322,211,19.75,13.18,91.8,0,0,0,12.97,13.25,0.069
"2022-06-26 02:00:00",17869,12.84,102.4552,0.327,208.3,21.59,13.12,92.3,0,0,0,13.03,13.29,0.069
"2022-06-26 03:00:00",17870,12.83,102.4365,0.147,213.2,13.26,12.61,93.3,0,0,0,12.41,12.94,0.068
"2022-06-26 04:00:00",17871,12.8,102.4447,0.323,203.6,19.52,12.74,93.8,0,0,0,12.42,12.83,0.069
"2022-06-26 05:00:00",17872,12.78,102.4342,0.219,207,19.56,12.73,93.2,0,0,0,12.73,12.95,0.069
"2022-06-26 06:00:00",17873,12.76,102.4761,0.419,208,20.52,12.75,92.6,0,0,0,12.52,12.74,0.068
"2022-06-26 07:00:00",17874,12.74,102.5549,0.197,194.5,18.77,12.78,92.2,2.155,0.196,0,12.62,12.96,0.068
"2022-06-26 08:00:00",17875,12.75,102.6337,0.195,194.1,17.32,13.1,84.9,66.77,3.521,0,12.95,13.3,0.068
"2022-06-26 09:00:00",17876,13.93,102.692,0.736,192,29.72,16.57,77.9,289.1,11.58,0,14.76,16.59,0.068
"2022-06-26 10:00:00",17877,14.39,102.7562,1.472,172.5,41.01,19.43,67.98,445.6,19.71,0,18.11,19.82,0.068
"2022-06-26 11:00:00",17878,14.36,102.7189,1.64,168.3,45.07,21.52,65.18,566.8,25.77,0,21.19,22.21,0.068
"2022-06-26 12:00:00",17879,14.36,102.637,1.674,168,46.25,22.47,56.72,614.9,28.52,0,22.84,23.3,0.068
"2022-06-26 13:00:00",17880,14.11,102.5629,1.547,158.8,40.66,22.94,53.68,600.4,28.03,0,23.57,23.82,0.068
"2022-06-26 14:00:00",17881,14.33,102.5215,1.344,149.6,38.88,23.16,49.74,534.2,24.71,0,23.46,23.91,0.068
"2022-06-26 15:00:00",17882,14.36,102.4898,1.105,146.6,35.46,23.01,57.05,402.3,18.03,0,22.72,23.47,0.068
"2022-06-26 16:00:00",17883,13.99,102.5317,0.847,141.6,26.76,21.88,67.26,232.4,9.99,0,20.57,22.01,0.068
"2022-06-26 17:00:00",17884,13.05,102.5496,0.186,149.4,12.39,19.01,86.5,33.63,2.77,0,16.59,18.67,0.068
"2022-06-26 18:00:00",17885,12.97,102.5946,0,0,0,15.45,93.6,0.081,0.067,0,14.38,15.24,0.068
"2022-06-26 19:00:00",17886,12.94,102.6352,0,0,0,15,95.1,0,0,0,13.93,14.13,0.068
"2022-06-26 20:00:00",17887,12.93,102.6677,0.032,203.3,5.565,15.47,91.4,0,0,0,13.87,14.21,0.068
"2022-06-26 21:00:00",17888,12.92,102.7083,0.003,150.1,3.206,15.64,96.3,0,0,0,14.3,14.64,0.067
"2022-06-26 22:00:00",17889,12.91,102.7326,0.035,195.8,8.08,16.08,95.8,0,0,0,14.41,15.17,0.068
"2022-06-26 23:00:00",17890,12.91,102.7326,0.423,198.7,23.71,15.71,97.4,0,0,0,15.18,15.45,0.067
"2022-06-27 00:00:00",17891,12.89,102.7001,0.589,204.3,29.04,14.76,98,0,0,0,14.6,14.85,0.067
"2022-06-27 01:00:00",17892,12.88,102.6677,0.439,183.1,28.37,14.28,99.4,0,0,0,14.25,14.56,0.067
"2022-06-27 02:00:00",17893,12.87,102.6433,0.761,197.7,29.49,13.94,99.7,0,0,0,14.12,14.21,0.067
"2022-06-27 03:00:00",17894,12.85,102.6027,0.682,196.6,27.26,14.23,99.9,0,0,0,14.23,14.5,0.067
"2022-06-27 04:00:00",17895,12.84,102.6271,0.774,200.6,29.33,14.22,99.8,0,0,0,14.26,14.42,0.067
"2022-06-27 05:00:00",17896,12.82,102.6352,0.718,198.4,30.82,14.4,99.4,0,0,0,14.31,14.65,0.067
"2022-06-27 06:00:00",17897,12.8,102.692,0.674,199.1,29.39,13.87,100,0,0,0,14,14.08,0.067
"2022-06-27 07:00:00",17898,12.77,102.7895,0.841,198.6,30.29,14.14,99.5,2.364,0.244,0,14.08,14.27,0.067
"2022-06-27 08:00:00",17899,12.76,102.8625,0.7,192.6,29.53,14.36,98.9,37.18,1.637,0.762,14.19,14.66,0.067
"2022-06-27 09:00:00",17900,13.21,102.9356,0.314,198.6,21.17,14.8,99.6,65.24,3.616,1.524,15.22,15.42,0.067
"2022-06-27 10:00:00",17901,13.2,102.968,0.389,194,22.89,16.63,95,288.5,13.24,0,15.64,17.21,0.066
"2022-06-27 11:00:00",17902,14.13,102.9916,1.209,183.1,40.05,19.91,83.6,571.6,25.36,0,18.01,19.91,0.067
"2022-06-27 12:00:00",17903,14.13,102.8925,1.115,165.7,39.15,20.92,80,527,25.5,0,19.7,21.28,0.067
"2022-06-27 13:00:00",17904,14.04,102.8423,1.442,149.8,35.08,22.14,75.05,530.9,25.97,0,21.57,22.64,0.067
"2022-06-27 14:00:00",17905,14.22,102.8144,1.326,144.4,36.56,22.23,70.72,453.2,21.59,0,22.03,23.04,0.067
"2022-06-27 15:00:00",17906,14.21,102.8506,1.039,139.3,31.55,21.27,74.49,244.9,13.05,0,21.18,22.01,0.067
"2022-06-27 16:00:00",17907,13.4,102.91,1.335,160.4,39.52,20.18,92.3,146.2,6.149,0,19.13,20.85,0.067
"2022-06-27 17:00:00",17908,13,102.8624,0.455,200.4,26.72,17.42,98.1,18.26,1.585,0.254,17.04,18.12,0.067
"2022-06-27 18:00:00",17909,12.97,102.9031,0.376,204.1,20.04,16.01,98.8,0.325,0.073,0,16.07,16.49,0.067
"2022-06-27 19:00:00",17910,12.95,102.9112,0.395,203.6,23.73,15.36,99.3,0,0,0,15.6,15.79,0.067
"2022-06-27 20:00:00",17911,12.94,102.9762,0.148,199,16.14,15.38,99.9,0,0,1.016,15.58,15.91,0.067
"2022-06-27 21:00:00",17912,12.92,102.9843,0.52,212.7,24.12,15.73,100,0,0,0,16.02,16.13,0.067
"2022-06-27 22:00:00",17913,12.91,102.9599,0.418,192,23.5,15.51,100,0,0,0,15.56,15.7,0.067
"2022-06-27 23:00:00",17914,12.9,102.968,0.131,174.5,24.52,15.58,100,0,0,0.508,15.58,16.05,0.067
"2022-06-28 00:00:00",17915,12.9,102.9274,0.163,196.9,14.5,15.72,100,0,0,2.032,16.09,16.18,0.068
"2022-06-28 01:00:00",17916,12.88,102.9031,0.462,195.5,25.1,16.02,100,0,0,0.254,16.14,16.27,0.068
"2022-06-28 02:00:00",17917,12.87,102.9031,0.041,197.1,7.283,15.72,100,0,0,0,15.54,15.98,0.073
"2022-06-28 03:00:00",17918,12.85,102.8544,0.006,197.9,1.707,14.98,100,0,0,0,14.76,15.19,0.077
"2022-06-28 04:00:00",17919,12.82,102.8138,0.004,221.2,2.249,14.37,100,0,0,0,13.74,14.38,0.079
"2022-06-28 05:00:00",17920,12.8,102.8138,0.011,235.6,5.377,14.44,100,0,0,0,14.57,14.65,0.08
"2022-06-28 06:00:00",17921,12.77,102.8463,0.025,215.5,6.694,14.36,100,0,0,0,14.45,14.53,0.08
"2022-06-28 07:00:00",17922,12.76,102.8869,0.018,203.4,5.802,14.15,100,1.668,0.24,0,14.18,14.34,0.081
"2022-06-28 08:00:00",17923,12.75,102.9356,0,0,0,14.59,100,71.3,2.272,0.508,14.37,15.22,0.081
"2022-06-28 09:00:00",17924,14.22,102.9751,0,0,0,17.83,93.7,290.6,11.76,0,17.31,17.93,0.081
"2022-06-28 10:00:00",17925,14.04,102.9678,0,0,0,18.43,93.4,259.9,13.55,0,17.84,18.64,0.081
"2022-06-28 11:00:00",17926,14.25,102.9093,0.002,205.2,0,19.89,84.2,459.2,21.53,0,18.92,20.21,0.082
"2022-06-28 12:00:00",17927,14.12,102.8132,0.002,190,0.405,22.39,77.61,634,29.52,0,21.63,22.68,0.082
"2022-06-28 13:00:00",17928,14.1,102.7101,0.002,99.8,0.682,22.17,64.89,355.7,19.18,0,21.4,22.68,0.082
"2022-06-28 14:00:00",17929,14.15,102.6503,0.028,76.55,3.575,23.71,63.14,582.8,25.88,0,23.13,24.35,0.081
"2022-06-28 15:00:00",17930,14.15,102.6273,0.032,79.19,5.785,23.06,59.94,364.4,17.27,0,23.07,23.69,0.081
"2022-06-28 16:00:00",17931,14,102.5875,0.024,73.67,2.684,22.9,66.95,245.3,10.43,0,22.04,23.02,0.081
"2022-06-28 17:00:00",17932,13.04,102.5621,0,0,0,20.26,86.7,35.28,2.902,0,17.81,19.87,0.08
"2022-06-28 18:00:00",17933,12.97,102.5784,0,0,0,16.81,91.6,0.09,0.075,0,15.92,16.66,0.08
"2022-06-28 19:00:00",17934,12.94,102.6271,0,0,0,15.64,95.1,0,0,0,15.05,15.4,0.079
"2022-06-28 20:00:00",17935,12.93,102.6352,0,0,0,14.34,99.1,0,0,0,14.43,14.69,0.079
"2022-06-28 21:00:00",17936,12.91,102.6447,0,0,0,13.56,99.9,0,0,0,13.85,14.16,0.079
"2022-06-28 22:00:00",17937,12.9,102.6256,0,0,0,13.07,100,0,0,0,13.43,13.64,0.079
"2022-06-28 23:00:00",17938,12.89,102.6178,0,0,0,12.44,100,0,0,0,12.95,13.28,0.078
"2022-06-29 00:00:00",17939,12.88,102.5636,0,0,0,12.17,100,0,0,0,12.5,12.72,0.078
"2022-06-29 01:00:00",17940,12.86,102.5474,0,0,0,11.72,100,0,0,0,12.16,12.39,0.077
"2022-06-29 02:00:00",17941,12.85,102.5068,0,0,0,11.14,100,0,0,0,11.8,12.01,0.077
"2022-06-29 03:00:00",17942,12.83,102.45,0,0,0,10.75,100,0,0,0,11.42,11.67,0.077
"2022-06-29 04:00:00",17943,12.81,102.4419,0,0,0,10.83,100,0.005,0,0,11.08,11.3,0.077
"2022-06-29 05:00:00",17944,12.79,102.4256,0,0,0,10.75,100,0,0,0,10.79,11.06,0.077
"2022-06-29 06:00:00",17945,12.78,102.4492,0,0,0,13.14,100,0,0,0,12.1,12.44,0.077
"2022-06-29 07:00:00",17946,12.76,102.4868,0,0,0,13.55,95,3.085,0.257,0,12.76,13.14,0.077
"2022-06-29 08:00:00",17947,12.79,102.5218,0,0,0,14.95,89.1,103,4.121,0,12.46,14.06,0.076
"2022-06-29 09:00:00",17948,14.11,102.5784,0,0,0,18.55,81.4,286.1,11.86,0,15.83,17.23,0.076
"2022-06-29 10:00:00",17949,14.21,102.5686,0,0,0,20.75,72.82,392.3,18.81,0,18.87,19.8,0.076
"2022-06-29 11:00:00",17950,14.09,102.514,0,0,0,22.75,61.74,553.5,25.54,0,21.67,23.01,0.076
"2022-06-29 12:00:00",17951,14.12,102.3844,0,0,0,23.23,58.92,584.4,27.5,0,24.27,25.49,0.076
"2022-06-29 13:00:00",17952,14.16,102.2615,0,0,0,23.7,50.31,625.6,28.72,0,25.17,26.37,0.076
"2022-06-29 14:00:00",17953,14.3,102.1792,0,0,0,24.43,54.79,581.2,25.77,0,26.58,27.39,0.076
"2022-06-29 15:00:00",17954,14.27,102.1637,0,0,0,23.93,55.88,422.4,18.35,0,26.41,27.28,0.076
"2022-06-29 16:00:00",17955,14.06,102.1533,0,0,0,22.44,64.96,239.9,10.15,0,23.16,24.77,0.076
"2022-06-29 17:00:00",17956,13.05,102.1488,0,0,0,19.92,78.94,37.97,2.909,0,18.66,20.4,0.075
"2022-06-29 18:00:00",17957,12.96,102.1806,0,0,0,16.43,90.7,0.148,0.079,0,14.92,16.19,0.075
"2022-06-29 19:00:00",17958,12.93,102.205,0,0,0,14.65,96.9,0,0,0,13.75,14.38,0.075
"2022-06-29 20:00:00",17959,12.92,102.2407,0,0,0,14.22,95.2,0,0,0,13.22,13.49,0.075
"2022-06-29 21:00:00",17960,12.9,102.2656,0,0,0,13.42,97.3,0,0,0,12.61,12.94,0.074
"2022-06-29 22:00:00",17961,12.89,102.2469,0,0,0,12.46,97.9,0,0,0,12.04,12.42,0.074
"2022-06-29 23:00:00",17962,12.88,102.2226,0,0,0,12.79,91.8,0,0,0,11.82,11.94,0.074
"2022-06-30 00:00:00",17963,12.87,102.1739,0,0,0,12.87,95.7,0,0,0,12.08,12.37,0.073
"2022-06-30 01:00:00",17964,12.86,102.1643,0,0,0,12.71,96.7,0,0,0,12.28,12.61,0.073
"2022-06-30 02:00:00",17965,12.84,102.1333,0,0,0,12.27,97.9,0,0,0,11.72,11.91,0.073
"2022-06-30 03:00:00",17966,12.83,102.1089,0,0,0,12.18,97.4,0,0,0,11.72,11.91,0.073
"2022-06-30 04:00:00",17967,12.81,102.1239,0,0,0,12.38,94.6,0,0,0,11.84,12.08,0.073
"2022-06-30 05:00:00",17968,12.79,102.1327,0,0,0,12.65,94.9,0,0,0,11.73,12.22,0.073
"2022-06-30 06:00:00",17969,12.77,102.1739,0,0,0,11.85,96.7,0,0,0,10.47,10.89,0.073
"2022-06-30 07:00:00",17970,12.75,102.2145,0,0,0,11.36,96.5,3.198,0.252,0,10.49,10.66,0.073
"2022-06-30 08:00:00",17971,12.82,102.2416,0,0,0,13,86.7,104,4.087,0,10.94,12.32,0.072
"2022-06-30 09:00:00",17972,14.31,102.3024,0,0,0,17.05,77.18,286.7,11.62,0,14.32,15.92,0.072
"2022-06-30 10:00:00",17973,14.39,102.3429,0,0,0,19.9,66.87,454.4,19.66,0,17.59,19.62,0.072
"2022-06-30 11:00:00",17974,14.32,102.2904,0,0,0,22.06,51.16,569.7,25.71,0,21.61,22.59,0.072
"2022-06-30 12:00:00",17975,14.3,102.2222,0,0,0,23.45,51.97,627.8,28.66,0,24.17,25.07,0.072
"2022-06-30 13:00:00",17976,14.3,102.108,0,0,0,23.71,48.02,619.7,28.45,0,25.11,25.89,0.072
"2022-06-30 14:00:00",17977,14.31,102.0597,0,0,0,24.03,51.13,546.9,24.94,0,26.06,27.19,0.072
"2022-06-30 15:00:00",17978,14.33,102.0177,0,0,0,23.69,56.59,420.1,18.39,0,24.73,25.85,0.072
"2022-06-30 16:00:00",17979,14.07,102.0245,0,0,0,22.16,63.72,248.5,10.21,0,22.81,24.14,0.072
"2022-06-30 17:00:00",17980,13.05,102.0462,0.001,32.09,0,19.41,82.2,36.48,2.89,0,16.93,19.68,0.072
"2022-06-30 18:00:00",17981,12.95,102.0588,0,0,0,15.88,91.5,0.151,0.078,0,13.76,15,0.072
"2022-06-30 19:00:00",17982,12.92,102.0833,0,0,0,14.69,95.4,0,0,0,12.87,13.27,0.071
"2022-06-30 20:00:00",17983,12.91,102.1479,0,0,0,12.89,99.3,0,0,0,12.14,12.56,0.071
"2022-06-30 21:00:00",17984,12.89,102.182,0,0,0,12.25,100,0,0,0,11.59,11.97,0.071
"2022-06-30 22:00:00",17985,12.88,102.1658,0,0,0,11.65,100,0,0,0,11,11.36,0.071
"2022-06-30 23:00:00",17986,12.86,102.182,0,0,0,11.63,99.4,0,0,0,10.75,11.08,0.071
"2022-07-01 00:00:00",17987,12.86,102.1495,0,0,0,11.35,100,0,0,0,10.17,10.63,0.071
"2022-07-01 01:00:00",17988,12.84,102.1414,0,0,0,11.83,98,0,0,0,10.31,10.6,0.071
"2022-07-01 02:00:00",17989,12.83,102.1495,0,0,0,11.79,98.6,0,0,0,10.7,11.19,0.07
"2022-07-01 03:00:00",17990,12.81,102.1171,0,0,0,11.63,99.4,0,0,0,10.91,11.16,0.07
"2022-07-01 04:00:00",17991,12.79,102.1171,0,0,0,11.16,100,0,0,0,9.7,10.33,0.07
"2022-07-01 05:00:00",17992,12.76,102.1333,0,0,0,11.03,100,0,0,0,9.4,9.9,0.07
"2022-07-01 06:00:00",17993,12.75,102.1901,0,0,0,11.6,100,0,0,0,10.32,10.68,0.07
"2022-07-01 07:00:00",17994,12.73,102.2226,0,0,0,11.41,100,2.849,0.249,0,10.31,10.56,0.07
"2022-07-01 08:00:00",17995,12.78,102.2276,0,0,0,13.25,91.4,95.2,4.143,0,10.44,12.59,0.07
"2022-07-01 09:00:00",17996,14.3,102.2618,0,0,0,16.99,82.1,307.8,11.86,0,14.71,16.06,0.07
"2022-07-01 10:00:00",17997,14.38,102.2616,0,0,0,20.03,67.98,453.4,19.87,0,17.45,19.52,0.07
"2022-07-01 11:00:00",17998,14.35,102.2343,0,0,0,22.07,62.45,571.6,26.03,0,21.74,23.3,0.07
"2022-07-01 12:00:00",17999,14.21,102.1345,0.03,20.36,4.663,22.84,56.17,624,28.84,0,24.5,25.27,0.07
"2022-07-01 13:00:00",18000,14.32,102.0359,0.11,25.44,7.531,23.6,56.77,621.2,28.58,0,25.95,26.5,0.07
"2022-07-01 14:00:00",18001,14.21,101.9542,0.858,34.98,23.96,23.47,55.56,540.5,24.67,0,26.06,26.44,0.07
"2022-07-01 15:00:00",18002,14.38,101.9076,1.539,29.01,26.71,23.07,56.37,420.7,18.23,0,25.08,25.82,0.07
"2022-07-01 16:00:00",18003,14.15,101.9107,1.55,27.98,25.88,22.17,64.2,247.8,10.27,0,22.08,24.12,0.07
"2022-07-01 17:00:00",18004,13.06,101.9139,0.773,26.95,18.55,19.86,77.63,39.7,2.966,0,18.52,19.85,0.07
"2022-07-01 18:00:00",18005,12.95,101.9614,0.004,36,1.569,17.11,89.1,0.303,0.083,0,15.03,16.75,0.07
"2022-07-01 19:00:00",18006,12.93,101.9614,0,0,0,15.65,92,0,0,0,13.79,14.35,0.069
"2022-07-01 20:00:00",18007,12.91,101.9623,0,0,0,14.96,94.3,0,0,0,13.38,13.57,0.069
"2022-07-01 21:00:00",18008,12.9,101.986,0,0,0,14.63,95.1,0,0,0,12.99,13.22,0.069
"2022-07-01 22:00:00",18009,12.88,101.9971,0,0,0,14.2,96.9,0,0,0,12.82,12.98,0.069
"2022-07-01 23:00:00",18010,12.87,101.9939,0,0,0,14.71,96.9,0.012,0,0,13.17,14.23,0.069
"2022-07-02 00:00:00",18011,12.86,101.9452,0,0,0,14.23,97.3,0,0,0,13.69,13.93,0.069
"2022-07-02 01:00:00",18012,12.85,101.9303,0,0,0,13.85,96.4,0,0,0,13.89,13.97,0.069
"2022-07-02 02:00:00",18013,12.83,101.8814,0,0,0,13.91,96.1,0,0,0,13.87,13.93,0.068
"2022-07-02 03:00:00",18014,12.82,101.8747,0,0,0,13.37,98,0,0,0,12.75,13.71,0.068
"2022-07-02 04:00:00",18015,12.8,101.8649,0,0,0,11.78,99.8,0,0,0,11.9,12.18,0.068
"2022-07-02 05:00:00",18016,12.78,101.8491,0,0,0,11.43,100,0,0,0,11.55,11.74,0.068
"2022-07-02 06:00:00",18017,12.76,101.8734,0,0,0,11.05,100,0,0,0,11.18,11.38,0.068
"2022-07-02 07:00:00",18018,12.74,101.9059,0,0,0,11.03,100,2.922,0.249,0,10.98,11.11,0.068
"2022-07-02 08:00:00",18019,12.76,101.9233,0,0,0,13.85,93.5,102.9,4.154,0,11.22,13.29,0.068
"2022-07-02 09:00:00",18020,14.27,101.9687,0,0,0,18.07,83.4,273.7,11.87,0,15.89,17.56,0.068
"2022-07-02 10:00:00",18021,14.36,101.95,0,0,0,21.82,71.92,438.2,19.97,0,19.78,21.98,0.068
"2022-07-02 11:00:00",18022,14.03,101.848,0.535,2.239,18.66,23.47,69.01,555.5,25.88,0,24.1,24.92,0.068
"2022-07-02 12:00:00",18023,14.32,101.7415,1.805,354.6,33.81,24.57,63.49,620.7,29.1,0,26.09,26.69,0.068
"2022-07-02 13:00:00",18024,14.11,101.6599,1.715,357.1,35.4,25.38,58.83,627.8,29.13,0,27.18,28.01,0.068
"2022-07-02 14:00:00",18025,14.07,101.5871,1.604,2.484,35.64,25.62,60.79,507.4,23.7,0,27.12,28.28,0.068
"2022-07-02 15:00:00",18026,14.07,101.5398,1.933,25.01,30.56,24.49,71.96,359.4,16.59,0,25.69,26.73,0.068
"2022-07-02 16:00:00",18027,14.09,101.493,1.985,20.97,28.98,23.81,72.7,236.2,10.05,0,23.6,25.33,0.068
"2022-07-02 17:00:00",18028,13.06,101.5387,1.522,12.98,26.86,21.91,84.1,41.07,2.796,0,20.57,21.74,0.068
"2022-07-02 18:00:00",18029,12.96,101.5435,0.796,15.87,23.53,19.99,90.7,0.299,0.081,0,19.08,19.65,0.068
"2022-07-02 19:00:00",18030,12.94,101.5799,0.354,4.783,14.96,19,96.2,0,0,0,18.21,18.7,0.068
"2022-07-02 20:00:00",18031,12.92,101.5961,0.002,17.16,0.201,18.12,98.4,0,0,0,17.14,17.7,0.067
"2022-07-02 21:00:00",18032,12.91,101.6124,0,0,0,17.63,98.9,0,0,0,16.79,17.03,0.067
"2022-07-02 22:00:00",18033,12.9,101.6124,0,0,0,17.67,98.3,0,0,0,16.71,16.92,0.067
"2022-07-02 23:00:00",18034,12.88,101.5961,0,0,0,17.12,99,0,0,0,16.13,16.38,0.067
"2022-07-03 00:00:00",18035,12.87,101.588,0,0,0,16.82,99.8,0,0,0,15.05,15.66,0.067
"2022-07-03 01:00:00",18036,12.86,101.5637,0,0,0,16.93,100,0,0,0,15.91,16.03,0.067
"2022-07-03 02:00:00",18037,12.85,101.5555,0,0,0,17.4,99.2,0,0,0,16.15,16.67,0.067
"2022-07-03 03:00:00",18038,12.83,101.5474,0,0,0,17.27,98.8,0,0,0,16.36,16.59,0.067
"2022-07-03 04:00:00",18039,12.81,101.5474,0,0,0,16.87,98.6,0,0,0,16.03,16.23,0.067
"2022-07-03 05:00:00",18040,12.79,101.5231,0,0,0,16.12,100,0,0,0,15.43,15.69,0.066
"2022-07-03 06:00:00",18041,12.77,101.588,0,0,0,15.72,100,0,0,0,15.18,15.34,0.067
"2022-07-03 07:00:00",18042,12.76,101.6205,0,0,0,15.25,100,2.801,0.222,0,14.03,14.89,0.066
"2022-07-03 08:00:00",18043,12.79,101.6448,0,0,0,15.82,96.9,75.91,3.498,0,13.9,15.13,0.066
"2022-07-03 09:00:00",18044,14.28,101.6854,0,0,0,18.16,89,247.8,9.97,0,16.96,17.96,0.066
"2022-07-03 10:00:00",18045,14.39,101.6687,0,0,0,20.49,75.86,420.2,17.27,0,18.78,20.22,0.066
"2022-07-03 11:00:00",18046,14.34,101.6076,0,0,0,23.01,64.13,535.5,22.68,0,22.12,23.95,0.066
"2022-07-03 12:00:00",18047,14.31,101.5304,0,0,0,25.16,54.84,591.1,25.42,0,25.69,27.04,0.067
"2022-07-03 13:00:00",18048,14.3,101.4002,0,0,0,26.31,49.95,585.1,25.44,0,28.21,28.75,0.066
"2022-07-03 14:00:00",18049,14.3,101.3515,0,0,0,26.93,49.16,513.5,22.08,0,28.71,29.38,0.066
"2022-07-03 15:00:00",18050,14.3,101.3434,0,0,0,27.3,45.82,387.7,16.1,0,28.64,29.38,0.066
"2022-07-03 16:00:00",18051,14.09,101.3435,0,0,0,26.78,51.32,224.4,9.03,0,26.57,28.01,0.066
"2022-07-03 17:00:00",18052,13.07,101.36,0,0,0,23.34,73.16,38.2,2.658,0,18.7,22.05,0.066
"2022-07-03 18:00:00",18053,12.95,101.3848,0,0,0,19.67,92.3,0.116,0.08,0,16.09,17.17,0.066
"2022-07-03 19:00:00",18054,12.93,101.4175,0,0,0,18.1,96.8,0,0,0,15.43,15.74,0.066
"2022-07-03 20:00:00",18055,12.91,101.4581,0,0,0,17.16,98.5,0,0,0,14.93,15.46,0.066
"2022-07-03 21:00:00",18056,12.9,101.4662,0,0,0,16.96,100,0,0,0,14.68,15.3,0.066
"2022-07-03 22:00:00",18057,12.89,101.5068,0,0,0,17.6,100,0,0,0,15.59,15.91,0.066
"2022-07-03 23:00:00",18058,12.88,101.515,0,0,0,18.5,97.9,0,0,0,16.75,17.51,0.066
"2022-07-04 00:00:00",18059,12.87,101.5231,0,0,0,17.98,98.1,0,0,0,17.07,17.2,0.065
"2022-07-04 01:00:00",18060,12.86,101.5231,0,0,0,17.89,95.6,0,0,0,16.91,17.12,0.065
"2022-07-04 02:00:00",18061,12.84,101.4906,0,0,0,17.69,94.7,0,0,0,16.39,16.75,0.065
"2022-07-04 03:00:00",18062,12.83,101.4825,0,0,0,16.66,97.1,0,0,0,14.48,15.57,0.065
"2022-07-04 04:00:00",18063,12.8,101.4662,0,0,0,15.68,97.5,0,0,0,13.8,14.13,0.065
"2022-07-04 05:00:00",18064,12.79,101.4665,0,0,0,15.25,97,0,0,0,13.5,13.77,0.065
"2022-07-04 06:00:00",18065,12.76,101.4996,0,0,0,14.46,98.3,0,0,0,12.3,12.97,0.065
"2022-07-04 07:00:00",18066,12.74,101.5519,0,0,0,14.07,96.4,2.643,0.234,0,12.14,12.47,0.065
"2022-07-04 08:00:00",18067,12.78,101.6043,0,0,0,15.8,87.6,95.1,3.709,0,13.07,14.57,0.065
"2022-07-04 09:00:00",18068,14.27,101.6692,0,0,0,19.32,75.57,267.8,10.74,0,16.33,17.94,0.065
"2022-07-04 10:00:00",18069,14.34,101.6522,0,0,0,22.6,60.18,434.4,18.37,0,19.79,22,0.065
"2022-07-04 11:00:00",18070,14.29,101.6195,0,0,0,25.61,46.44,551.8,24.23,0,24.08,26.11,0.065
"2022-07-04 12:00:00",18071,14.23,101.6193,0,0,0,27.87,44.89,604.2,27.27,0,27.97,28.47,0.065
"2022-07-04 13:00:00",18072,14.24,101.5787,0,0,0,27.13,57.87,591.7,26.66,0,26.97,27.62,0.065
"2022-07-04 14:00:00",18073,14.27,101.5463,0,0,0,26.76,49.05,526.8,23.49,0,26.63,27.06,0.065
"2022-07-04 15:00:00",18074,14.3,101.5544,0,0,0,25.8,67.91,398.2,17.04,0,25.3,26.22,0.065
"2022-07-04 16:00:00",18075,14.11,101.5845,0,0,0,24.13,81.1,227,9.18,0,23.02,24.33,0.065
"2022-07-04 17:00:00",18076,13.06,101.628,0,0,0,21.91,92.1,40,2.766,0,20.36,21.6,0.065
"2022-07-04 18:00:00",18077,12.96,101.6688,0,0,0,19.43,98.4,0.234,0.089,0,17.13,18.27,0.065
"2022-07-04 19:00:00",18078,12.93,101.7179,0,0,0,18.5,99.8,0,0,0,16.69,16.89,0.065
"2022-07-04 20:00:00",18079,12.91,101.7341,0,0,0,18.16,100,0,0,0,16.22,16.47,0.065
"2022-07-04 21:00:00",18080,12.91,101.7747,0,0,0,18.05,100,0,0,0,16.36,17.07,0.065
"2022-07-04 22:00:00",18081,12.9,101.7747,0,0,0,17.68,100,0,0,0,17.31,17.55,0.064
"2022-07-04 23:00:00",18082,12.88,101.7828,0,0,0,17.33,99.7,0,0,0,17.1,17.17,0.064
"2022-07-05 00:00:00",18083,12.87,101.791,0,0,0,17.01,100,0,0,0,16.6,16.86,0.064
"2022-07-05 01:00:00",18084,12.86,101.7747,0,0,0,16.39,100,0,0,0,15.9,16.28,0.064
"2022-07-05 02:00:00",18085,12.84,101.726,0,0,0,16.03,99.9,0,0,0,15.87,15.97,0.064
"2022-07-05 03:00:00",18086,12.83,101.7098,0,0,0,15.84,98.8,0,0,0,15.54,15.69,0.064
"2022-07-05 04:00:00",18087,12.81,101.7017,0,0,0,15.69,97.8,0,0,0,15.33,15.48,0.064
"2022-07-05 05:00:00",18088,12.79,101.6935,0,0,0,15.31,98.5,0,0,0,14.87,15.08,0.064
"2022-07-05 06:00:00",18089,12.76,101.7017,0,0,0,15.06,98.5,0,0,0,14.01,14.83,0.064
"2022-07-05 07:00:00",18090,12.74,101.7368,0,0,0,12.61,100,2.754,0.23,0,12.46,13.02,0.064
"2022-07-05 08:00:00",18091,12.77,101.7601,0,0,0,14.15,95.8,91,3.55,0,12.52,13.84,0.064
"2022-07-05 09:00:00",18092,14.26,101.7666,0,0,0,19.11,85.8,249.3,10.17,0,16.4,18.07,0.063
"2022-07-05 10:00:00",18093,14.33,101.7498,0,0,0,21.66,77.69,415.4,17.68,0,19.32,20.73,0.063
"2022-07-05 11:00:00",18094,14.3,101.7113,0,0,0,23.67,68.87,534.2,23.51,0,22.16,24.08,0.064
"2022-07-05 12:00:00",18095,14.27,101.6193,0,0,0,24.91,63.52,590,26.52,0,25.71,27.13,0.064
"2022-07-05 13:00:00",18096,14.29,101.5138,0,0,0,25.44,58.59,585.9,26.23,0,28.21,28.8,0.064
"2022-07-05 14:00:00",18097,14.29,101.4245,0,0,0,26.12,59.09,513.7,22.58,0,28.91,29.44,0.064
"2022-07-05 15:00:00",18098,14.32,101.3929,0,0,0,25.31,72.78,387,16.24,0,27.42,28.31,0.064
"2022-07-05 16:00:00",18099,14.25,101.3486,0,0,0,23.72,81.6,223.1,8.86,0,23.88,25.9,0.063
"2022-07-05 17:00:00",18100,13.09,101.3439,0,0,0,21.7,91.7,43.37,2.732,0,20.9,22.01,0.064
"2022-07-05 18:00:00",18101,12.96,101.3685,0,0,0,19.73,97.2,0.402,0.092,0,18.5,19.72,0.063
"2022-07-05 19:00:00",18102,12.94,101.4013,0,0,0,18.59,99,0,0,0,17.29,17.7,0.063
"2022-07-05 20:00:00",18103,12.92,101.4094,0,0,0,18.06,99.5,0,0,0,17.02,17.32,0.063
"2022-07-05 21:00:00",18104,12.91,101.4257,0,0,0,17.47,96.1,0,0,0,16.87,16.96,0.063
"2022-07-05 22:00:00",18105,12.9,101.4013,0,0,0,17.22,96.8,0,0,0,15.58,16.38,0.063
"2022-07-05 23:00:00",18106,12.89,101.4175,0,0,0,16.71,97,0,0,0,15.2,15.69,0.063
"2022-07-06 00:00:00",18107,12.87,101.4013,0,0,0,16.14,100,0,0,0,14.88,15.78,0.063
"2022-07-06 01:00:00",18108,12.87,101.3851,0,0,0,16.1,100,0,0,0,14.61,15.96,0.063
"2022-07-06 02:00:00",18109,12.85,101.3526,0,0,0,16.21,100,0,0,0,16.16,16.28,0.063
"2022-07-06 03:00:00",18110,12.85,101.3445,0,0,0,17.33,100,0.01,0,0,16.26,17.36,0.063
"2022-07-06 04:00:00",18111,12.83,101.3364,0,0,0,17.65,100,0,0,0,17.32,17.59,0.063
"2022-07-06 05:00:00",18112,12.81,101.3364,0,0,0,17.93,100,0,0,0,17.76,17.97,0.063
"2022-07-06 06:00:00",18113,12.79,101.3607,0,0,0,17.74,100,0,0,0,17.66,17.9,0.063
"2022-07-06 07:00:00",18114,12.77,101.3688,0,0,0,17.04,100,2.845,0.213,0,16.62,17.02,0.062
"2022-07-06 08:00:00",18115,12.79,101.4419,0,0,0,16.8,92.4,77.39,3.358,0,16.36,16.73,0.063
"2022-07-06 09:00:00",18116,14.09,101.5845,0,0,0,19.57,82.8,249.4,9.86,0,17.44,18.57,0.062
"2022-07-06 10:00:00",18117,14.33,101.595,0,0,0,21.17,73.04,414.3,17.26,0,19.91,21.17,0.062
"2022-07-06 11:00:00",18118,14.08,101.5732,0,0,0,23.07,66.11,536.8,23.5,0,22.97,24.04,0.063
"2022-07-06 12:00:00",18119,14.18,101.5219,0,0,0,24.32,60.34,635.5,26.39,0,25.53,26.87,0.062
"2022-07-06 13:00:00",18120,14.08,101.4502,0,0,0,23.63,71.81,254.2,12.54,0,24.14,25.41,0.063
"2022-07-06 14:00:00",18121,14.2,101.4227,0,0,0,22.65,76.21,222.2,11.06,0,23.5,23.82,0.063
"2022-07-06 15:00:00",18122,14.3,101.4129,0,0,0,22.96,74.04,298.5,12.78,0,23.38,23.84,0.063
"2022-07-06 16:00:00",18123,14.23,101.4643,0,0,0,22.72,80.7,200.4,8.11,0,22.16,23.25,0.062
"2022-07-06 17:00:00",18124,13.14,101.4981,0,0,0,20.75,92.1,44.2,2.621,0,19.48,20.99,0.062
"2022-07-06 18:00:00",18125,12.95,101.5555,0,0,0,18.18,97.6,0.334,0.09,0,16.93,17.76,0.062
"2022-07-06 19:00:00",18126,12.94,101.6367,0,0,0,18.22,97.1,0.016,0,0,17.04,18,0.062
"2022-07-06 20:00:00",18127,12.93,101.7179,0,0,0,19.07,94.8,0.003,0,0,18.74,18.97,0.062
"2022-07-06 21:00:00",18128,12.92,101.7256,0,0,0,19.19,92.4,0,0,0,19.02,19.07,0.062
"2022-07-06 22:00:00",18129,12.91,101.7666,0,0,0,18.86,93.5,0,0,0,18.54,18.74,0.062
"2022-07-06 23:00:00",18130,12.9,101.7666,0,0,0,18.65,93.6,0,0,0,18.22,18.5,0.062
"2022-07-07 00:00:00",18131,12.89,101.7422,0,0,0,18.23,94.4,0,0,0,17.92,18.02,0.062
"2022-07-07 01:00:00",18132,12.88,101.726,0,0,0,18.24,93.8,0,0,0,17.94,18.11,0.062
"2022-07-07 02:00:00",18133,12.86,101.6854,0,0,0,18.2,94.4,0,0,0,18.08,18.16,0.062
"2022-07-07 03:00:00",18134,12.85,101.6854,0,0,0,17.67,96.5,0,0,0,17.15,17.66,0.062
"2022-07-07 04:00:00",18135,12.82,101.6611,0,0,0,16.81,97.8,0,0,0,16.13,16.58,0.062
"2022-07-07 05:00:00",18136,12.8,101.7017,0,0,0,16.94,97.5,0,0,0,16.83,16.99,0.062
"2022-07-07 06:00:00",18137,12.79,101.7585,0,0,0,16.9,96.7,0,0,0,17.02,17.04,0.062
"2022-07-07 07:00:00",18138,12.76,101.8072,0,0,0,16.62,96.1,2.659,0.226,0,16.37,16.66,0.062
"2022-07-07 08:00:00",18139,12.77,101.8397,0,0,0,17.45,88.5,85,3.51,0,16.39,17.06,0.062
"2022-07-07 09:00:00",18140,14.02,101.8804,0,0,0,19.98,79.93,250.9,10.14,0,18.2,19.72,0.062
"2022-07-07 10:00:00",18141,14.3,101.8669,0,0,0,22.39,75.53,410.1,17.52,0,21.29,22.72,0.062
"2022-07-07 11:00:00",18142,14.27,101.7983,0,0,0,24.4,66.72,526.1,23.21,0,24.14,25.63,0.062
"2022-07-07 12:00:00",18143,14.12,101.7167,0,0,0,25.84,62,610.4,25.52,0,26.56,28.12,0.062
"2022-07-07 13:00:00",18144,14.12,101.6447,0,0,0,25.12,69.06,436.6,20.94,0,27.02,27.85,0.062
"2022-07-07 14:00:00",18145,14.15,101.5799,0,0,0,24.71,76.4,434.9,19.93,0,25.91,26.85,0.062
"2022-07-07 15:00:00",18146,14.32,101.5729,0,0,0,24.51,75.87,380.4,15.77,0,25.9,26.7,0.061
"2022-07-07 16:00:00",18147,14.09,101.6175,0,0,0,23.47,78.97,202.5,8.42,0,24.13,25.33,0.062
"2022-07-07 17:00:00",18148,13.12,101.6523,0,0,0,21.96,87.7,43.3,2.585,0,21.32,22.45,0.061
"2022-07-07 18:00:00",18149,12.95,101.7336,0,0,0,19.66,96,0.441,0.089,0,17.77,19.55,0.061
"2022-07-07 19:00:00",18150,12.94,101.7991,0,0,0,18.54,97.8,0,0,0,16.72,17.13,0.061
"2022-07-07 20:00:00",18151,12.92,101.8478,0,0,0,17.48,100,0,0,0,15.92,16.38,0.061
"2022-07-07 21:00:00",18152,12.91,101.8802,0,0,0,17.71,100,0,0,0,15.56,15.79,0.061
"2022-07-07 22:00:00",18153,12.9,101.9127,0,0,0,17.57,100,0,0,0,15.17,15.4,0.061
"2022-07-07 23:00:00",18154,12.88,101.9533,0,0,0,17.42,100,0,0,0,15.11,16.67,0.061
"2022-07-08 00:00:00",18155,12.88,101.9127,0,0,0,17.75,100,0,0,0,17.87,18.11,0.061
"2022-07-08 01:00:00",18156,12.87,101.9127,0,0,0,17.57,100,0,0,0,17.73,17.86,0.061
"2022-07-08 02:00:00",18157,12.86,101.9046,0,0,0,17.34,100,0,0,0,17.4,17.61,0.061
"2022-07-08 03:00:00",18158,12.85,101.8802,0,0,0,16.64,100,0,0,0,16.24,16.6,0.06
"2022-07-08 04:00:00",18159,12.82,101.8478,0,0,0,16.49,100,0,0,0,15.98,16.37,0.06
"2022-07-08 05:00:00",18160,12.81,101.9046,0,0,0,16.57,100,0,0,0,15.3,16.03,0.06
"2022-07-08 06:00:00",18161,12.78,101.9614,0,0,0,15.9,100,0,0,0,15.3,15.65,0.06
"2022-07-08 07:00:00",18162,12.76,102.0183,0,0,0,15.31,100,3.012,0.227,0,14.47,15.02,0.06
"2022-07-08 08:00:00",18163,12.76,102.067,0,0,0,16.35,100,105.8,3.376,0,14.43,16.19,0.06
"2022-07-08 09:00:00",18164,14.06,102.145,0,0,0,18.77,96.3,241.4,9.76,0,18.81,19.6,0.06
"2022-07-08 10:00:00",18165,14.32,102.1469,0,0,0,21.76,80.6,403.9,17.56,0,20.3,21.98,0.06
"2022-07-08 11:00:00",18166,13.99,102.1075,0,0,0,23.99,77.83,512.8,22.67,0,23.8,25.69,0.06
"2022-07-08 12:00:00",18167,14.07,102.0269,0,0,0,24.5,73.52,439.5,21.37,0,25.9,26.63,0.06
"2022-07-08 13:00:00",18168,14.08,101.9443,0,0,0,25.22,69.85,470.4,22.61,0,26.59,27.92,0.06
"2022-07-08 14:00:00",18169,14.17,101.8907,0,0,0,24.79,63.11,366.9,19.05,0,25.32,26.59,0.06
"2022-07-08 15:00:00",18170,14.35,101.8568,0,0,0,25.02,65.57,400.3,17.49,0,27.09,27.83,0.06
"2022-07-08 16:00:00",18171,14.3,101.8984,0,0,0,23.99,70.35,236.3,9.82,0,24.85,26.18,0.06
"2022-07-08 17:00:00",18172,13.11,101.9283,0,0,0,21.78,84.4,45.23,3.043,0,20.52,22.31,0.06
"2022-07-08 18:00:00",18173,12.96,101.9695,0,0,0,18.89,95,0.371,0.11,0,16.52,18.08,0.06
"2022-07-08 19:00:00",18174,12.94,102.0264,0,0,0,17.97,98.7,0,0,0,15.59,16.08,0.06
"2022-07-08 20:00:00",18175,12.92,102.0264,0,0,0,16.92,100,0,0,0,14.78,15.14,0.06
"2022-07-08 21:00:00",18176,12.91,102.0588,0,0,0,16.03,100,0,0,0,14.18,14.5,0.06
"2022-07-08 22:00:00",18177,12.9,102.0913,0,0,0,15.83,100,0,0,0,13.69,13.92,0.06
"2022-07-08 23:00:00",18178,12.87,102.067,0,0,0,15.38,100,0,0,0,12.89,13.32,0.06
"2022-07-09 00:00:00",18179,12.86,102.0428,0,0,0,14.91,100,0,0,0,12.68,12.78,0.06
"2022-07-09 01:00:00",18180,12.86,102.0183,0,0,0,15.48,100,0,0,0,12.86,14.02,0.059
"2022-07-09 02:00:00",18181,12.85,101.9614,0,0,0,15.59,100,0,0,0,15.21,15.31,0.059
"2022-07-09 03:00:00",18182,12.82,101.9533,0,0,0,14.69,100,0,0,0,13.28,14.84,0.059
"2022-07-09 04:00:00",18183,12.81,101.9197,0,0,0,11.79,100,0,0,0,11.96,12.43,0.059
"2022-07-09 05:00:00",18184,12.78,101.8978,0,0,0,12.68,100,0.017,0,0,11.76,12.08,0.059
"2022-07-09 06:00:00",18185,12.75,101.9371,0,0,0,14.78,100,0,0,0,13.22,14.38,0.059
"2022-07-09 07:00:00",18186,12.73,101.9696,0,0,0,14.41,100,3.238,0.223,0,13.28,14.05,0.059
"2022-07-09 08:00:00",18187,12.73,101.9939,0,0,0,15.47,100,64.82,3.325,0,15.11,15.89,0.059
"2022-07-09 09:00:00",18188,13.52,102.0264,0,0,0,17.46,94.1,215.7,9.6,0,16.8,18.13,0.059
"2022-07-09 10:00:00",18189,14.1,102.0257,0,0,0,21.21,78.29,456.3,19.75,0,19.51,21.22,0.059
"2022-07-09 11:00:00",18190,14.03,101.9376,0,0,0,23.77,75.02,531.9,25.06,0,23.2,25.32,0.059
"2022-07-09 12:00:00",18191,14.03,101.8252,0,0,0,24.09,71.96,430.2,22.63,0,25.19,26.36,0.059
"2022-07-09 13:00:00",18192,14.1,101.7119,0,0,0,23.87,71.26,294.3,17.62,0,24.56,25.38,0.059
"2022-07-09 14:00:00",18193,14.06,101.6282,0,0,0,24.67,66.67,431.8,20.24,0,24.75,26.92,0.059
"2022-07-09 15:00:00",18194,14.03,101.5723,0,0,0,24.84,68.43,401.3,17.93,0,25.36,27.59,0.059
"2022-07-09 16:00:00",18195,14.11,101.554,0,0,0,23.39,69.49,196.5,9.11,0,23.53,24.71,0.059
"2022-07-09 17:00:00",18196,13.08,101.5387,0,0,0,21.93,86.9,45.74,3.245,0,20.55,21.99,0.059
"2022-07-09 18:00:00",18197,12.96,101.531,0,0,0,19.56,93.6,0.535,0.122,0,18.14,19.42,0.059
"2022-07-09 19:00:00",18198,12.94,101.5718,0,0,0,17.59,98.9,0,0,0,15.05,16.12,0.059
"2022-07-09 20:00:00",18199,12.92,101.5799,0,0,0,17.1,99.5,0,0,0,14.65,15.03,0.059
"2022-07-09 21:00:00",18200,12.91,101.5312,0,0,0,16.71,99.5,0,0,0,14.42,14.71,0.058
"2022-07-09 22:00:00",18201,12.9,101.5312,0,0,0,16.31,100,0,0,0,14.05,14.42,0.059
"2022-07-09 23:00:00",18202,12.88,101.5068,0,0,0,16.09,100,0,0,0,13.64,13.84,0.058
"2022-07-10 00:00:00",18203,12.88,101.4419,0,0,0,15.92,100,0,0,0,13.36,13.53,0.058
"2022-07-10 01:00:00",18204,12.86,101.4338,0,0,0,15.51,100,0,0,0,13.42,14.32,0.058
"2022-07-10 02:00:00",18205,12.85,101.3688,0,0,0,14.9,100,0,0,0,14.75,14.86,0.058
"2022-07-10 03:00:00",18206,12.83,101.3364,0,0,0,14.86,100,0,0,0,14.51,14.71,0.058
"2022-07-10 04:00:00",18207,12.81,101.312,0,0,0,14.84,100,0,0,0,13.32,13.97,0.058
"2022-07-10 05:00:00",18208,12.79,101.2877,0,0,0,14.29,100,0,0,0,12.71,13.55,0.058
"2022-07-10 06:00:00",18209,12.75,101.3025,0,0,0,13.68,100,0,0,0,11.61,11.93,0.058
"2022-07-10 07:00:00",18210,12.73,101.3384,0,0,0,14.57,100,3.666,0.247,0,11.78,12.12,0.058
"2022-07-10 08:00:00",18211,12.78,101.3851,0,0,0,16.7,99.1,77.61,3.769,0,13.17,15.95,0.058
"2022-07-10 09:00:00",18212,14.28,101.3575,0,0,0,19.69,84.2,279.1,10.79,0,18.28,19.02,0.058
"2022-07-10 10:00:00",18213,14.36,101.2787,0,0,0,22.11,69.47,435.3,18.64,0,19.82,21.86,0.058
"2022-07-10 11:00:00",18214,14.35,101.2142,0,0,0,24.43,59.78,554.8,24.58,0,24.16,25.49,0.058
"2022-07-10 12:00:00",18215,14.32,101.0928,0,0,0,25.7,53.69,613.2,27.56,0,26.59,27.56,0.058
"2022-07-10 13:00:00",18216,14.29,100.9792,0,0,0,26.89,46.86,609.1,27.44,0,28.56,29.17,0.058
"2022-07-10 14:00:00",18217,14.01,100.8889,0,0,0,27.54,34.36,530.9,23.54,0,29.03,29.81,0.058
"2022-07-10 15:00:00",18218,14.31,100.8484,0,0,0,27.7,33.2,420.9,17.99,0,28.58,29.45,0.058
"2022-07-10 16:00:00",18219,14.32,100.8578,0,0,0,26.82,40.06,256.1,10.51,0,25.96,27.91,0.058
"2022-07-10 17:00:00",18220,13.07,100.873,0,0,0,23.5,50.86,46.26,3.119,0,20.19,22.62,0.058
"2022-07-10 18:00:00",18221,12.96,100.9208,0,0,0,20.17,63.37,0.48,0.12,0,17.57,18.44,0.058
"2022-07-10 19:00:00",18222,12.94,100.9548,0,0,0,19.23,68.76,0,0,0,16.76,17.59,0.058
"2022-07-10 20:00:00",18223,12.93,101.0117,0,0,0,18.24,79.13,0,0,0,15.81,16.67,0.057
"2022-07-10 21:00:00",18224,12.91,101.0035,0,0,0,16.73,80.4,0,0,0,14.53,14.88,0.057
"2022-07-10 22:00:00",18225,12.89,101.0198,0,0,0,16.62,76.61,0,0,0,13.95,14.21,0.057
"2022-07-10 23:00:00",18226,12.88,100.9556,0,0,0,15.77,84.9,0,0,0,12.53,13.09,0.057
"2022-07-11 00:00:00",18227,12.87,100.9224,0,0,0,17.25,75.9,0,0,0,12.5,14.45,0.057
"2022-07-11 01:00:00",18228,12.86,100.9062,0,0,0,18.55,73.7,0,0,0,16.13,16.34,0.057
"2022-07-11 02:00:00",18229,12.85,100.8656,0,0,0,17.45,78.75,0,0,0,14.82,15.77,0.057
"2022-07-11 03:00:00",18230,12.83,100.898,0,0,0,15.65,81.9,0,0,0,13.09,13.9,0.057
"2022-07-11 04:00:00",18231,12.81,100.929,0,0,0,14.43,78.91,0,0,0,12.02,12.32,0.057
"2022-07-11 05:00:00",18232,12.78,100.9455,0,0,0,14.06,77.44,0,0,0,11.33,11.54,0.057
"2022-07-11 06:00:00",18233,12.75,101.0728,0,0,0,14.1,81.4,0,0,0,11.41,11.6,0.057
"2022-07-11 07:00:00",18234,12.73,101.142,0,0,0,13.44,83.1,4.934,0.217,0,11.45,11.75,0.056
"2022-07-11 08:00:00",18235,12.78,101.2229,0,0,0,16.66,68.93,98.3,3.43,0,12.62,14.76,0.056
"2022-07-11 09:00:00",18236,13.97,101.3474,0,0,0,19.6,67.8,263.9,10.06,0,16.87,18.73,0.056
"2022-07-11 10:00:00",18237,14.08,101.398,0,0,0,22.28,70.56,441.1,17.83,0,20.04,22.48,0.056
"2022-07-11 11:00:00",18238,14.04,101.3853,0,0,0,24.38,69,533.7,23.24,0,24.46,25.16,0.056
"2022-07-11 12:00:00",18239,14.09,101.3281,0,0,0,25.16,68.18,585,26.14,0,25.74,26.25,0.056
"2022-07-11 13:00:00",18240,14.1,101.2786,0,0,0,25.58,65.59,585,26.27,0,26.39,26.87,0.056
"2022-07-11 14:00:00",18241,14.06,101.2623,0,0,0,25.17,68.63,495.3,22.23,0,25.37,26.49,0.056
"2022-07-11 15:00:00",18242,14.12,101.2888,0,0,0,24.57,73.13,346,16.02,0,24.18,25.53,0.056
"2022-07-11 16:00:00",18243,14.12,101.3168,0,0,0,23.54,75.26,225.9,9.56,0,22.88,24.05,0.056
"2022-07-11 17:00:00",18244,13.16,101.3439,0,0,0,21.52,81.7,41.98,3.068,0,19.87,21.32,0.056
"2022-07-11 18:00:00",18245,12.96,101.3929,0,0,0,19.01,84.8,0.639,0.127,0,17.02,18.32,0.056
"2022-07-11 19:00:00",18246,12.94,101.4906,0,0,0,17.76,88.4,0,0,0,14.93,15.88,0.056
"2022-07-11 20:00:00",18247,12.92,101.5799,0,0,0,17.1,89.4,0,0,0,14.52,14.69,0.056
"2022-07-11 21:00:00",18248,12.91,101.6367,0,0,0,17.18,89.3,0,0,0,14.38,14.55,0.056
"2022-07-11 22:00:00",18249,12.9,101.6611,0,0,0,17.28,88.8,0,0,0,14.43,14.6,0.056
"2022-07-11 23:00:00",18250,12.88,101.6611,0,0,0,17.11,91.4,0,0,0,14.32,14.54,0.055
"2022-07-12 00:00:00",18251,12.87,101.6935,0,0,0,16.45,93.4,0,0,0,14.11,14.41,0.056
"2022-07-12 01:00:00",18252,12.86,101.726,0,0,0,16.17,92.9,0,0,0,15.05,15.36,0.055
"2022-07-12 02:00:00",18253,12.86,101.7179,0,0,0,16.01,92.6,0,0,0,15.31,15.39,0.055
"2022-07-12 03:00:00",18254,12.84,101.7098,0,0,0,15.7,93.8,0,0,0,15.25,15.35,0.055
"2022-07-12 04:00:00",18255,12.82,101.7179,0,0,0,15.13,95.4,0,0,0,14.94,15.01,0.055
"2022-07-12 05:00:00",18256,12.8,101.7585,0,0,0,15.62,93.4,0,0,0,15.01,15.27,0.055
"2022-07-12 06:00:00",18257,12.77,101.8397,0,0,0,16.57,92,0.031,0,0,15.78,16.23,0.055
"2022-07-12 07:00:00",18258,12.75,101.9533,0,0,0,16.19,95.6,3.073,0.236,0,15.64,16.03,0.055
"2022-07-12 08:00:00",18259,12.76,102.0426,0,0,0,16.78,89.2,86,3.52,0,15.64,16.47,0.055
"2022-07-12 09:00:00",18260,13.93,102.1166,0,0,0,19.6,83,243.2,9.98,0,17.73,19.43,0.055
"2022-07-12 10:00:00",18261,14.16,102.1531,0,0,0,22.63,76.66,365.4,16.48,0,20.98,22.83,0.055
"2022-07-12 11:00:00",18262,13.93,102.1486,0,0,0,23.87,82.8,295.3,14.12,0,23.07,24.67,0.055
"2022-07-12 12:00:00",18263,13.72,102.0983,0,0,0,22.05,93,169,10.45,0,21.25,22.96,0.055
"2022-07-12 13:00:00",18264,13.31,102.0176,0,0,0,20.48,96.8,62.43,3.814,2.032,20.68,20.91,0.055
"2022-07-12 14:00:00",18265,13.16,101.9611,0,0,0,20.47,93.6,90.7,5.458,4.318,20.03,20.57,0.055
"2022-07-12 15:00:00",18266,14.06,101.9364,0,0,0,21.59,88.7,150.1,9.27,0,20.84,21.07,0.069
