"TOA5","Science Centre AWS","CR1000","88296","CR1000.Std.31.08","CPU:Vasi_Science Centre AWS.CR1","64103","Hourly"
"TIMESTAMP","RECORD","BattV_Min","BP_kPa","WS_ms_S_WVT","WindDir_D1_WVT","WindDir_SD1_WVT","AirTC_Avg","RH","SlrW_Avg","CUV5_W_Avg","Rain_mm_Tot","T107_C_Min","T107_C_Avg","VW_Avg"
"TS","RN","Volts","kPa","meters/second","Deg","Deg","Deg C","%","W/m^2","W/m^2","mm","Deg C","Deg C",""
"","","Min","Smp","WVc","WVc","WVc","Avg","Smp","Avg","Avg","Tot","Min","Avg","Avg"
"2022-03-07 17:00:00",15220,14.13,100.5095,2.434,46.31,21.68,28.2,69.93,347.3,15.18,0,30.02,31.65,0.073
"2022-03-07 18:00:00",15221,12.97,100.4659,1.809,51.02,18.16,26.46,81.3,84.4,4.702,0,26.54,27.77,0.073
"2022-03-07 19:00:00",15222,12.93,100.4754,0.488,51.78,0.016,24.4,88.7,1.031,0.204,0,25.48,25.95,0.072
"2022-03-07 20:00:00",15223,12.93,100.5972,0.248,51.79,0.046,23.6,90.6,0,0,0,24.84,25.12,0.072
"2022-03-07 21:00:00",15224,12.93,100.654,0.003,51.8,0.001,22.85,95.1,0,0,0,23.79,24.46,0.072
"2022-03-07 22:00:00",15225,12.89,100.6867,0,0,0,22.2,96.6,0,0,0,23.17,23.62,0.071
"2022-03-07 23:00:00",15226,12.9,100.7123,0.002,51.8,0.001,21.73,98.9,0,0,0,23.01,23.19,0.071
"2022-03-08 00:00:00",15227,12.88,100.6825,0.001,51.81,0,21.32,99.6,0,0,0,22.63,23.04,0.071
"2022-03-08 01:00:00",15228,12.87,100.667,0.005,51.8,0.003,21.25,99.7,0,0,0,22.49,22.62,0.071
"2022-03-08 02:00:00",15229,12.86,100.6321,0.067,51.79,0.008,21.26,98.7,0,0,0,22.42,22.53,0.071
"2022-03-08 03:00:00",15230,12.85,100.6217,0.056,51.78,0,21.59,97.2,0,0,0,22.57,22.68,0.071
"2022-03-08 04:00:00",15231,12.83,100.6056,0.008,51.8,0.003,21.91,98.6,0,0,0,22.76,23.23,0.071
"2022-03-08 05:00:00",15232,12.81,100.6784,0.006,51.81,0.004,21.48,98.6,0,0,0,23.1,23.23,0.071
"2022-03-08 06:00:00",15233,12.79,100.7352,0,0,0,21.49,99.1,1.811,0.121,0,23.15,23.38,0.07
"2022-03-08 07:00:00",15234,12.79,100.7596,0,0,0,23.03,90.5,62.46,2.543,0,23.79,24.18,0.07
"2022-03-08 08:00:00",15235,13.03,100.8315,0.133,51.79,0.021,24.63,89.8,144.9,7.683,0,24.76,25.14,0.07
"2022-03-08 09:00:00",15236,13.49,100.8328,0.284,62.68,14.69,26.37,76.24,382.5,19.66,0,25.54,27.03,0.07
"2022-03-08 10:00:00",15237,14,100.8078,0.505,45.73,73.53,28.09,73.61,493.4,26.96,0,28.34,29.52,0.07
"2022-03-08 11:00:00",15238,13.95,100.7514,0.646,14.44,46.3,29.19,62.73,728.7,35.92,0,30.07,32.1,0.07
"2022-03-08 12:00:00",15239,13.96,100.7271,0.464,35.08,15.98,28.9,83.7,341.3,18.87,0,29.3,32.14,0.069
"2022-03-08 13:00:00",15240,14.08,100.6629,0.469,51.46,10.52,28.36,64.2,396.6,24.02,0,28.75,29.52,0.069
"2022-03-08 14:00:00",15241,14.11,100.613,1.653,68.39,22.25,30.04,64.32,844,41.44,0,31.4,34.77,0.069
"2022-03-08 15:00:00",15242,14.14,100.549,1.915,74.65,18.01,29.71,66.29,753.5,36.9,0,35.15,36.03,0.068
"2022-03-08 16:00:00",15243,14.11,100.5808,1.803,77.2,23.11,29.28,67.95,553.9,25.85,0,33.53,34.36,0.068
"2022-03-08 17:00:00",15244,14.09,100.5974,1.573,75.22,20.24,28.54,70.32,318.7,13.95,0,30.5,32.16,0.067
"2022-03-08 18:00:00",15245,12.98,100.6193,0.952,61.77,9.8,26.57,82.9,72.16,4.074,0,27,28.46,0.067
"2022-03-08 19:00:00",15246,12.95,100.6865,0.018,60.09,0,24.15,88.4,0.155,0.148,0,24.62,25.62,0.067
"2022-03-08 20:00:00",15247,12.94,100.7595,0.01,60.09,0,23.19,91.8,0,0,0,23.7,24.11,0.066
"2022-03-08 21:00:00",15248,12.93,100.8407,0.013,60.09,0.003,22.85,92.8,0,0,0,23.42,23.63,0.066
"2022-03-08 22:00:00",15249,12.92,100.8732,0,0,0,22.56,93.4,0,0,0,23.1,23.24,0.066
"2022-03-08 23:00:00",15250,12.9,100.8894,0,0,0,22.51,93.5,0,0,0,23.12,23.44,0.066
"2022-03-09 00:00:00",15251,12.89,100.8651,0.032,60.09,0,22.66,95,0,0,0,23.42,23.71,0.066
"2022-03-09 01:00:00",15252,12.88,100.8651,0.068,60.1,0.007,22.71,96.1,0.018,0,0,23.25,23.61,0.066
"2022-03-09 02:00:00",15253,12.87,100.8261,0,0,0,21.45,99.1,0,0,0,22.56,22.92,0.066
"2022-03-09 03:00:00",15254,12.85,100.8245,0.017,60.09,0.005,21.65,99.5,0.026,0,0.508,22.49,22.86,0.066
"2022-03-09 04:00:00",15255,12.84,100.7839,0.059,60.1,0,22.12,99.6,0,0,0.254,23.35,23.44,0.066
"2022-03-09 05:00:00",15256,12.82,100.8083,0.323,60.23,0.122,21.98,99.5,0,0,0,22.43,23,0.066
"2022-03-09 06:00:00",15257,12.79,100.8245,0.4,60.44,0.062,21.73,100,2.448,0.162,0.254,22.31,22.38,0.066
"2022-03-09 07:00:00",15258,12.79,100.8651,0.575,61.42,1.3,22.14,98.7,83.4,4.054,0,22.4,22.78,0.066
"2022-03-09 08:00:00",15259,13.04,100.9105,0.677,131.7,42.71,23.94,91.1,295.3,12.05,0,23.19,24.41,0.065
"2022-03-09 09:00:00",15260,13.67,100.9214,1.005,181.9,22.48,26.55,85.6,551.9,26.07,0,25.4,26.64,0.065
"2022-03-09 10:00:00",15261,13.9,100.9376,0.646,183.2,23.79,27.52,78.61,437.9,24.32,0,27.59,27.99,0.065
"2022-03-09 11:00:00",15262,14.08,100.8972,0.839,143.9,24.84,28.29,72.95,554.1,30.29,0,28.75,29.58,0.065
"2022-03-09 12:00:00",15263,14.01,100.8326,0.843,139.5,30.73,29.62,63.84,733,37.57,0,30.77,31.41,0.065
"2022-03-09 13:00:00",15264,13.98,100.7929,0.936,136.1,38.16,29.78,62.36,735.6,38.98,0,31.04,32.25,0.064
"2022-03-09 14:00:00",15265,14.06,100.7592,1.193,105.7,36.26,30.35,63.94,847,43.43,0,32.92,34.35,0.064
"2022-03-09 15:00:00",15266,14.09,100.72,1.21,130.2,39.43,30.12,67.19,748.6,36.48,0,33.73,34.37,0.063
"2022-03-09 16:00:00",15267,14.13,100.7123,1.249,108.4,31.79,29.59,69.94,556.9,25.68,0,32.86,33.77,0.063
"2022-03-09 17:00:00",15268,13.66,100.7454,0.977,107.1,32,28.39,79.56,298.3,12.94,0,29.83,31.71,0.063
"2022-03-09 18:00:00",15269,12.97,100.7672,0.487,110.9,10.26,26.4,86.4,73.43,4.022,0,26.73,27.94,0.062
"2022-03-09 19:00:00",15270,12.94,100.8001,0.04,112.9,0.007,24.4,93.4,0.548,0.141,0,25.24,25.88,0.062
"2022-03-09 20:00:00",15271,12.94,100.8407,0,0,0,23.18,96.3,0,0,0,24.51,24.95,0.062
"2022-03-09 21:00:00",15272,12.93,100.8407,0,0,0,22.75,96.9,0,0,0,23.94,24.2,0.062
"2022-03-09 22:00:00",15273,12.92,100.8245,0,0,0,22.65,95,0,0,0,23.27,23.6,0.062
"2022-03-09 23:00:00",15274,12.9,100.8326,0,0,0,22.54,95.4,0,0,0,23.2,23.32,0.062
"2022-03-10 00:00:00",15275,12.89,100.8083,0,0,0,23.11,95.6,0.014,0,0,23.5,23.85,0.062
"2022-03-10 01:00:00",15276,12.88,100.8164,0,0,0,22.93,98.1,0,0,0,24.1,24.29,0.062
"2022-03-10 02:00:00",15277,12.87,100.8083,0,0,0,22.78,96.5,0,0,0,23.93,24.11,0.062
"2022-03-10 03:00:00",15278,12.86,100.7758,0.008,112.9,0.003,23.01,97.3,0,0,0,24.08,24.2,0.062
"2022-03-10 04:00:00",15279,12.84,100.7758,0.003,112.9,0,22.31,99.6,0,0,0,23.41,23.78,0.061
"2022-03-10 05:00:00",15280,12.83,100.792,0.02,112.9,0.005,22.73,98.2,0,0,0,23.52,23.7,0.062
"2022-03-10 06:00:00",15281,12.8,100.792,0,0,0,22.48,99.1,1.465,0.151,0,23.72,23.8,0.061
"2022-03-10 07:00:00",15282,12.8,100.8083,0.006,112.9,0.004,23.21,90.1,98.9,4.228,0,23.47,23.8,0.061
"2022-03-10 08:00:00",15283,13.19,100.8413,0.264,126.5,16.75,26.19,80.9,313.1,13.8,0,24.59,25.46,0.061
"2022-03-10 09:00:00",15284,13.64,100.8411,0.74,317,26,27.5,73.36,442.6,21.3,0,26.7,28.15,0.061
"2022-03-10 10:00:00",15285,13.87,100.8242,1.079,2.925,30.26,29.25,63.2,763.9,36.03,0,29.35,31.98,0.061
"2022-03-10 11:00:00",15286,13.87,100.7762,1.018,16.19,24.81,29.84,65.48,638.9,35.58,0,33,34.08,0.06
"2022-03-10 12:00:00",15287,14.01,100.7755,1.219,61.28,25.4,30.85,63.4,798.2,39.29,0,32.68,34.7,0.06
"2022-03-10 13:00:00",15288,13.98,100.7525,2.245,70.69,17.96,30.23,68.21,837,43.94,0,34.77,36.3,0.059
"2022-03-10 14:00:00",15289,14.1,100.7272,2.428,73.08,18.64,30.17,66.82,849,42.82,0,36.44,37.06,0.059
"2022-03-10 15:00:00",15290,14.11,100.6727,2.412,70.89,23.8,29.76,65.47,721.6,34.36,0,34.98,36.11,0.058
"2022-03-10 16:00:00",15291,14.05,100.7186,2.309,69.47,19.48,29.5,70.15,530.5,24.26,0,33.89,35.1,0.058
"2022-03-10 17:00:00",15292,13.93,100.7772,2.286,65.1,17.13,28.2,74.66,283.1,12.78,0,30.15,32.05,0.057
"2022-03-10 18:00:00",15293,12.98,100.8286,1.827,62.94,10.82,26.88,79.35,84,3.869,0,27.47,28.7,0.057
"2022-03-10 19:00:00",15294,12.94,100.8894,0.642,60.54,0.072,25.26,86.6,1.545,0.123,0,25.93,26.76,0.056
"2022-03-10 20:00:00",15295,12.93,100.9949,0.052,60.57,0,24.33,91.1,0,0,0,24.69,25.31,0.056
"2022-03-10 21:00:00",15296,12.93,101.0842,0.002,60.57,0,24.02,93.4,0,0,0,24.31,24.46,0.056
"2022-03-10 22:00:00",15297,12.91,101.0436,0.004,60.57,0.002,23.19,95.7,0,0,0,24,24.25,0.056
"2022-03-10 23:00:00",15298,12.9,101.0598,0.002,60.57,0,23.11,96.3,0.022,0,0,24.13,24.46,0.056
"2022-03-11 00:00:00",15299,12.89,101.068,0.085,60.57,0.008,23.25,99.2,0,0,2.286,24.13,24.4,0.056
"2022-03-11 01:00:00",15300,12.88,101.0761,0,0,0,23.04,99.6,0,0,0.254,24.35,24.46,0.056
"2022-03-11 02:00:00",15301,12.84,101.0355,0.028,60.6,0.011,22.98,100,0,0,2.794,24.03,24.2,0.056
"2022-03-11 03:00:00",15302,12.85,101.0517,0.014,60.57,0.004,22.91,100,0,0,0.762,23.91,24.11,0.056
"2022-03-11 04:00:00",15303,12.83,101.068,0.015,60.57,0.007,22.75,100,0,0,0.254,23.75,23.94,0.057
"2022-03-11 05:00:00",15304,12.82,101.0842,0.278,149.8,30.56,22.55,99.9,0,0,3.81,23,23.5,0.058
"2022-03-11 06:00:00",15305,12.79,101.1329,0.422,180.3,0.097,21.92,99.7,1.513,0.151,0,22.51,22.68,0.082
"2022-03-11 07:00:00",15306,12.78,101.1897,0.431,180.3,0.21,22.6,98.8,79.25,4.021,0,22.57,23.16,0.088
"2022-03-11 08:00:00",15307,12.96,101.2108,0.442,182.2,11.33,24.32,94.7,221.3,12.01,0,23.83,24.67,0.089
"2022-03-11 09:00:00",15308,13.6,101.2379,0.213,174.2,12.09,27.15,88.7,621.5,27.24,0,26.13,27.68,0.089
"2022-03-11 10:00:00",15309,13.76,101.23,0.425,149.3,14.2,28.14,78.22,543,29.65,0,28.02,28.67,0.089
"2022-03-11 11:00:00",15310,13.93,101.1649,1.173,145.8,28.44,29.16,71.82,753.1,40.31,0,29.07,30.08,0.088
"2022-03-11 12:00:00",15311,13.98,101.117,1.282,132.9,35.34,30.18,67.54,960,48.99,0,31.46,32.4,0.087
"2022-03-11 13:00:00",15312,13.97,101.0855,1.402,114.8,36.24,30.19,68.44,930,47.92,0,32.86,33.81,0.086
"2022-03-11 14:00:00",15313,13.97,101.0434,1.402,117.6,34.83,29.86,68.71,758.4,39.59,0,32.27,33.86,0.084
"2022-03-11 15:00:00",15314,13.98,101.0113,1.351,120.1,33.71,29.68,71.23,668,33.88,0,31.96,33.39,0.083
"2022-03-11 16:00:00",15315,14.09,100.9882,1.19,116.3,36.91,29.62,67.11,540,25.84,0,32.26,32.79,0.082
"2022-03-11 17:00:00",15316,13.88,101.0136,1.038,130,32.71,29,78.6,337.5,13.73,0,31,31.49,0.081
"2022-03-11 18:00:00",15317,13,101.0409,0.747,143.8,17.84,27.29,84.1,90.8,3.295,0,27.9,29.19,0.08
"2022-03-11 19:00:00",15318,12.92,101.0761,0.107,147.9,0.014,25.2,92.6,0.734,0.107,0,26.03,26.91,0.08
"2022-03-11 20:00:00",15319,12.93,101.1085,0.034,147.9,0.005,24.27,92.4,0,0,0,25.24,25.73,0.079
"2022-03-11 21:00:00",15320,12.92,101.1329,0.015,147.9,0,23.9,92.6,0,0,0,24.62,24.98,0.079
"2022-03-11 22:00:00",15321,12.87,101.1248,0.003,147.9,0.002,23.66,96.2,0,0,0,24.37,24.49,0.079
"2022-03-11 23:00:00",15322,12.86,101.1248,0,0,0,23.5,97.4,0,0,0,24.37,24.47,0.078
"2022-03-12 00:00:00",15323,12.85,101.068,0,0,0,23.61,98.3,0,0,0,24.36,24.69,0.078
"2022-03-12 01:00:00",15324,12.88,101.0598,0.001,147.9,0,22.56,99.7,0,0,0,24,24.29,0.078
"2022-03-12 02:00:00",15325,12.87,100.9874,0,0,0,22.16,100,0,0,0,23.74,23.89,0.077
"2022-03-12 03:00:00",15326,12.85,100.9477,0.004,147.9,0.002,21.64,100,0,0,0,23.35,23.65,0.077
"2022-03-12 04:00:00",15327,12.84,100.914,0.03,147.9,0.008,21.75,100,0,0,0,23.04,23.33,0.077
"2022-03-12 05:00:00",15328,12.81,100.9229,0.1,147.9,0.006,21.88,100,0,0,0,22.69,22.87,0.077
"2022-03-12 06:00:00",15329,12.77,100.9625,0.224,147.9,0.018,21.9,100,1.434,0.145,0,22.56,22.64,0.076
"2022-03-12 07:00:00",15330,12.78,100.9868,0.5,151.4,3.298,22.1,100,38.49,3.822,0,22.6,22.78,0.076
"2022-03-12 08:00:00",15331,12.82,101.0355,0.465,164.7,10.71,23.89,92.6,266,12.74,0,23.06,24.64,0.076
"2022-03-12 09:00:00",15332,13.56,101.0027,0.607,180.4,16.11,26.83,81.3,536.2,26.2,0,25.44,27.09,0.076
"2022-03-12 10:00:00",15333,13.75,100.9701,0.292,125.1,35.23,27.97,70.49,447,24.67,0,28.41,29.13,0.075
"2022-03-12 11:00:00",15334,13.93,100.906,1.643,71.38,15.77,29.02,69.63,699.9,36.63,0,30.96,32.35,0.075
"2022-03-12 12:00:00",15335,13.89,100.8407,2.077,67.36,20.8,29.85,66.02,982,48.72,0,34.82,35.68,0.075
"2022-03-12 13:00:00",15336,14.12,100.7439,2.054,60.4,21.62,30.04,62.18,978,49.13,0,35.93,36.66,0.074
"2022-03-12 14:00:00",15337,14.16,100.7105,1.767,63.74,24.82,30.45,63.63,895,44.61,0,36.11,36.76,0.073
"2022-03-12 15:00:00",15338,13.9,100.6618,2.03,58.85,21.67,29.83,66.69,747.6,36.52,0,35.49,36.54,0.073
"2022-03-12 16:00:00",15339,14.01,100.6557,1.89,67.41,20.85,29.56,70.22,555.4,25.8,0,33.49,35.05,0.072
"2022-03-12 17:00:00",15340,14.09,100.6464,1.909,66.59,15.03,28.6,74.82,314.3,13.77,0,30.89,32.38,0.071
"2022-03-12 18:00:00",15341,12.96,100.6601,1.38,68.16,4.951,26.86,84.4,70.9,3.841,0,27.51,28.93,0.071
"2022-03-12 19:00:00",15342,12.95,100.6784,0.424,66.49,0.052,24.85,92.3,0.385,0.102,0,26.08,26.84,0.071
"2022-03-12 20:00:00",15343,12.93,100.7108,0.161,66.49,0.014,24.04,94.3,0,0,0,25.27,25.79,0.071
"2022-03-12 21:00:00",15344,12.89,100.7352,0.109,66.48,0.019,23.83,97,0,0,0,24.85,25.08,0.07
"2022-03-12 22:00:00",15345,12.92,100.6946,0.001,66.47,0,23.47,98.3,0,0,0,24.62,24.76,0.07
"2022-03-12 23:00:00",15346,12.9,100.6784,0,0,0,22.8,98.5,0,0,0,23.93,24.29,0.07
"2022-03-13 00:00:00",15347,12.88,100.6297,0,0,0,22.09,99.8,0,0,0,23.85,24.01,0.07
"2022-03-13 01:00:00",15348,12.87,100.5975,0.003,66.47,0,21.82,100,0,0,0,23.5,23.68,0.07
"2022-03-13 02:00:00",15349,12.87,100.5896,0.041,66.49,0.01,21.82,100,0,0,0,23.06,23.29,0.07
"2022-03-13 03:00:00",15350,12.85,100.5404,0.028,66.48,0.012,21.72,100,0,0,0,23.05,23.22,0.069
"2022-03-13 04:00:00",15351,12.83,100.5245,0.002,66.52,0.003,21.8,99.9,0,0,0,23,23.16,0.069
"2022-03-13 05:00:00",15352,12.79,100.4999,0,0,0,21.65,100,0,0,0.254,22.89,23.45,0.069
"2022-03-13 06:00:00",15353,12.78,100.4936,0,0,0,21.55,99.9,1.264,0.122,0,22.73,22.88,0.069
"2022-03-13 07:00:00",15354,12.75,100.5405,0,0,0,22.14,99.4,34.3,3.125,0,23.14,23.56,0.069
"2022-03-13 08:00:00",15355,12.85,100.581,0.025,66.49,0.006,22.83,98.3,129.8,7.296,0,24.46,25.16,0.069
"2022-03-13 09:00:00",15356,13.58,100.5765,0.366,60.47,1.231,25.56,81.9,430.1,21.19,0,26.24,27.29,0.069
"2022-03-13 10:00:00",15357,13.98,100.5661,1.392,23.88,35.32,26.99,87.1,431.3,24.11,0,28.38,28.75,0.069
"2022-03-13 11:00:00",15358,14.06,100.4516,1.016,354.7,36.05,26.8,67.46,661.9,35.31,0,28.18,29.43,0.069
"2022-03-13 12:00:00",15359,14.05,100.3541,1.333,346.2,31.07,29.93,67.75,833,44.04,0,32.16,34.01,0.068
"2022-03-13 13:00:00",15360,14.04,100.2486,1.529,11.39,34.01,30.42,65.96,720.6,37.83,0,33.42,34.61,0.068
"2022-03-13 14:00:00",15361,14.06,100.1755,1.97,36.12,20.82,30,70.09,552.5,30.42,0,32.46,33.97,0.067
"2022-03-13 15:00:00",15362,14.14,100.0952,2.307,27.91,24.11,30.44,67.08,726.5,36.26,0,33.47,34.86,0.067
"2022-03-13 16:00:00",15363,14.1,100.0549,2.587,28.75,20.65,30.08,70.2,539.9,25.58,0,32.23,33.8,0.066
"2022-03-13 17:00:00",15364,14.07,100.0469,2.385,38.46,21.44,28.86,76.55,308.8,13.66,0,29.93,31.45,0.066
"2022-03-13 18:00:00",15365,12.96,100.044,2.043,32.28,17.59,27.04,84.6,64.17,3.718,0,26.72,27.89,0.065
"2022-03-13 19:00:00",15366,12.95,100.0534,1.13,15.27,12.94,25.57,88.1,0.292,0.088,0,25.72,26.18,0.065
"2022-03-13 20:00:00",15367,12.94,100.1021,0.68,10.61,4.539,24.89,90.9,0,0,0,25.14,25.54,0.065
"2022-03-13 21:00:00",15368,12.93,100.1833,0.729,37.02,1.986,24.9,92.1,0,0,0,25.12,25.21,0.065
"2022-03-13 22:00:00",15369,12.92,100.1752,0.295,37.1,0.048,24.47,94.5,0,0,0,25.01,25.11,0.065
"2022-03-13 23:00:00",15370,12.91,100.1589,0,0,0,23.65,98.5,0,0,0,24.48,24.75,0.065
"2022-03-14 00:00:00",15371,12.89,100.1752,0.021,37.09,0.006,23.01,99.4,0,0,0,24.1,24.23,0.065
"2022-03-14 01:00:00",15372,12.88,100.1427,0.011,37.09,0.003,22.68,99.8,0,0,0,24.21,24.36,0.065
"2022-03-14 02:00:00",15373,12.87,100.1346,0.014,37.09,0.006,22.48,100,0,0,0,23.9,24,0.065
"2022-03-14 03:00:00",15374,12.85,100.1103,0.003,37.09,0,22.37,100,0,0,0,23.59,23.71,0.065
"2022-03-14 04:00:00",15375,12.84,100.1346,0,0,0,22.16,100,0,0,0,23.34,23.64,0.064
"2022-03-14 05:00:00",15376,12.81,100.1914,0.004,37.09,0.002,22.43,100,0.029,0,0,23.27,23.48,0.064
"2022-03-14 06:00:00",15377,12.78,100.2243,0,0,0,22.71,100,2.415,0.082,0,23.75,24.06,0.064
"2022-03-14 07:00:00",15378,12.78,100.2888,0.004,37.05,0,23.29,99.7,58.6,2.498,0,24.3,24.65,0.064
"2022-03-14 08:00:00",15379,13,100.3366,0.017,35.41,0.252,24.6,96.1,120.5,6.633,0,25.08,25.72,0.064
"2022-03-14 09:00:00",15380,13.41,100.3251,0.325,342.8,20.43,25.99,88.4,256,13.35,0,26.05,26.91,0.064
"2022-03-14 10:00:00",15381,13.47,100.2822,0.66,344.4,19.66,26.61,85.7,202.9,12.2,0,27.15,27.51,0.064
"2022-03-14 11:00:00",15382,13.46,100.2359,0.649,24.33,27.78,27.1,85.5,135,8.65,0,27.31,27.92,0.064
"2022-03-14 12:00:00",15383,13.38,100.2362,0.137,53.87,0.017,26.97,88.8,95.5,6.582,0,27.29,27.46,0.064
"2022-03-14 13:00:00",15384,13.62,100.1852,0.089,63.93,5.138,27.33,87,148.8,9.52,0,27.73,27.98,0.064
"2022-03-14 14:00:00",15385,14.14,100.1425,0.474,130.3,26.86,28.69,77.62,441.3,23.13,0,28.3,29.78,0.064
"2022-03-14 15:00:00",15386,13.99,100.1267,1.035,137.2,32.29,29.63,84.3,503.6,24.62,0,30.4,32.21,0.063
"2022-03-14 16:00:00",15387,13.48,100.2266,1.225,154.7,22.02,28.14,87.7,278,14.13,0,27.9,29.96,0.063
"2022-03-14 17:00:00",15388,13.21,100.279,1.742,163.1,22.57,25.9,88.8,88.4,5.313,0,26.07,26.74,0.063
"2022-03-14 18:00:00",15389,12.96,100.3535,1.467,162.4,22.3,25.18,90.5,16.83,0.993,0,25.44,25.71,0.063
"2022-03-14 19:00:00",15390,12.9,100.443,1.451,169.4,24.53,24.62,89.2,0.061,0.012,0,24.57,25,0.062
"2022-03-14 20:00:00",15391,12.93,100.5323,1.418,168.9,20.95,23.39,94.4,0,0,0,23.12,23.85,0.063
"2022-03-14 21:00:00",15392,12.9,100.5972,1.295,175,22.11,22.33,93.1,0,0,0,22.41,22.72,0.062
"2022-03-14 22:00:00",15393,12.89,100.6378,1.268,172.7,21.21,21.98,92.6,0,0,0,22.15,22.29,0.062
"2022-03-14 23:00:00",15394,12.85,100.581,1.349,178.4,20.34,21.75,93.1,0,0,0,21.95,22.1,0.062
"2022-03-15 00:00:00",15395,12.88,100.5404,1.399,175.9,20.28,21.64,92,0,0,0,21.8,21.96,0.062
"2022-03-15 01:00:00",15396,12.87,100.5079,1.545,177.5,24,21.51,92.5,0,0,0,21.81,21.93,0.062
"2022-03-15 02:00:00",15397,12.83,100.4998,1.764,178.7,25.75,21.17,93.6,0,0,0,21.49,21.66,0.062
"2022-03-15 03:00:00",15398,12.79,100.5373,1.43,186.9,22.2,20.2,99.3,0.005,0,3.81,20.26,20.93,0.062
"2022-03-15 04:00:00",15399,12.77,100.5163,1.163,184.6,24.29,19.21,100,0.002,0,5.334,19.7,20,0.062
"2022-03-15 05:00:00",15400,12.76,100.5407,1.783,182.7,21.06,18.96,100,0.018,0,2.794,19.55,19.68,0.078
"2022-03-15 06:00:00",15401,12.72,100.5814,1.79,183,21.99,18.84,99.7,0.427,0.027,0.762,19.43,19.51,0.099
"2022-03-15 07:00:00",15402,12.71,100.7032,1.493,190.5,22.58,18.93,98.6,4.589,0.431,0,19.48,19.58,0.102
"2022-03-15 08:00:00",15403,12.69,100.7194,0.938,191.5,14.14,18.96,100,33.22,2.298,3.556,19.58,19.77,0.1
"2022-03-15 09:00:00",15404,12.72,100.7924,1.222,190.2,17.56,19.05,100,42.09,2.887,0.254,19.75,19.9,0.107
"2022-03-15 10:00:00",15405,12.72,100.7679,1.767,184.1,20.84,19.01,100,76.59,5.538,4.318,19.64,19.78,0.104
"2022-03-15 11:00:00",15406,13.12,100.7349,1.82,185.3,22.98,19.4,99.9,144.1,9.97,0.762,19.93,20.26,0.11
"2022-03-15 12:00:00",15407,13.35,100.6934,2.022,181.8,23.14,19.4,100,110.3,8.09,2.794,20,20.19,0.105
"2022-03-15 13:00:00",15408,13.4,100.6182,1.882,181,26.88,19.53,99.9,177.8,12.36,4.064,19.96,20.42,0.106
"2022-03-15 14:00:00",15409,13.56,100.5834,1.966,183.9,25.64,19.82,99.4,191.1,13.03,1.016,20.51,20.76,0.112
"2022-03-15 15:00:00",15410,13.41,100.6083,1.58,178.1,23.85,19.9,99,131.9,8.7,0.508,20.55,20.72,0.106
"2022-03-15 16:00:00",15411,13.41,100.6149,1.529,177.3,22.32,19.98,99.1,94,6.472,1.016,20.53,20.67,0.103
"2022-03-15 17:00:00",15412,13.03,100.6234,1.654,180.7,20.44,19.69,99.6,42.46,2.813,0.762,19.97,20.29,0.1
"2022-03-15 18:00:00",15413,12.98,100.6934,1.595,186.5,28.24,19.39,99.4,11.6,0.732,0.254,19.78,19.92,0.1
"2022-03-15 19:00:00",15414,12.96,100.7348,1.305,194.8,23.83,19.33,100,0.647,0.013,0.254,19.8,19.85,0.097
"2022-03-15 20:00:00",15415,12.92,100.8083,1.175,196.8,19.96,19.38,99.1,0,0,0,19.76,19.86,0.095
"2022-03-15 21:00:00",15416,12.88,100.8225,0.733,187.4,13.47,19.4,99.5,0.001,0,0,19.78,19.92,0.094
"2022-03-15 22:00:00",15417,12.87,100.8216,0.774,191.2,19.34,19.55,98.2,0,0,0,19.89,19.98,0.092
"2022-03-15 23:00:00",15418,12.83,100.8235,0.659,200.5,23.04,19.65,97.7,0,0,0,19.94,20,0.091
"2022-03-16 00:00:00",15419,12.8,100.8054,0.544,198.5,12.11,19.73,96.6,0,0,0,19.87,19.93,0.09
"2022-03-16 01:00:00",15420,12.72,100.7546,0.79,198.2,15.07,19.64,97.1,0,0,0,19.57,19.74,0.088
"2022-03-16 02:00:00",15421,12.69,100.7518,0.726,199.1,9.82,19.18,97.3,0,0,0,19.18,19.3,0.088
"2022-03-16 03:00:00",15422,12.7,100.7194,0.128,206.2,4.198,18.85,98.6,0,0,0,18.94,19.08,0.087
"2022-03-16 04:00:00",15423,12.7,100.6951,0.266,214.5,6.784,18.63,98.6,0,0,0,18.85,19,0.086
"2022-03-16 05:00:00",15424,12.68,100.7113,0.946,217,15.33,18.7,99.7,0,0,0,18.9,18.95,0.085
"2022-03-16 06:00:00",15425,12.7,100.7918,0.509,210.5,11.76,19.14,98.2,0.653,0.111,0,19.01,19.37,0.085
"2022-03-16 07:00:00",15426,12.67,100.8456,1.089,205.6,17.36,19.82,94,69.12,3.873,0,19.44,19.64,0.084
"2022-03-16 08:00:00",15427,12.92,100.9208,1.233,198.5,23.59,22.09,88.4,316.5,13.9,0,20.19,21.3,0.083
"2022-03-16 09:00:00",15428,13.55,100.9389,1.586,186.3,24.28,24.14,82.3,545.4,25.87,0,22.33,23.74,0.083
"2022-03-16 10:00:00",15429,13.82,100.9458,1.641,173.6,26.53,25.17,79.58,502.9,28.1,0,24.23,25.38,0.082
"2022-03-16 11:00:00",15430,14.01,100.9539,1.548,161.7,27.02,26.66,74.96,682.2,36.32,0,26.43,27.82,0.082
"2022-03-16 12:00:00",15431,13.98,100.8889,1.555,150.3,30.88,27.49,71.72,864,44.28,0,28.36,29.85,0.081
"2022-03-16 13:00:00",15432,13.97,100.8329,1.523,143.9,22.67,26.75,77.89,556.8,32.03,0,27.87,29.01,0.08
"2022-03-16 14:00:00",15433,14.04,100.8243,1.57,141.9,29.7,27.45,65.38,732.5,37.86,0,28.26,30.01,0.079
"2022-03-16 15:00:00",15434,14.1,100.7754,1.617,144.3,27.43,26.98,64.09,568.4,29.96,0,27.8,29.4,0.079
"2022-03-16 16:00:00",15435,13.94,100.8102,1.527,133.2,27.95,26.71,68.14,419.2,21.73,0,27.76,28.86,0.078
"2022-03-16 17:00:00",15436,13.35,100.8258,0.968,123.2,26.03,26.46,73.59,268.3,12.67,0,26.04,27.77,0.078
"2022-03-16 18:00:00",15437,12.99,100.8649,0.404,143.3,8.53,24.04,82.4,35.2,2.795,0,24.08,24.72,0.077
"2022-03-16 19:00:00",15438,12.96,100.9137,0.258,147.7,6.275,23.08,82.4,0.176,0.049,0,22.83,23.39,0.077
"2022-03-16 20:00:00",15439,12.95,101.003,0.2,147.4,5.212,22.78,80.9,0,0,0,22.31,22.53,0.077
"2022-03-16 21:00:00",15440,12.94,101.0923,0.1,154.6,3.625,22.16,88.2,0,0,0,21.61,22.1,0.076
"2022-03-16 22:00:00",15441,12.92,101.1314,0.008,162.3,0.026,20.74,89.6,0,0,0,20.71,21.05,0.076
"2022-03-16 23:00:00",15442,12.91,101.0926,0.011,162.2,0.135,20.29,93.2,0,0,0,20.52,20.66,0.076
"2022-03-17 00:00:00",15443,12.91,101.0676,0.015,161.8,0.233,20.22,95,0,0,0,20.48,20.59,0.075
"2022-03-17 01:00:00",15444,12.89,101.0519,0.855,166.3,4.488,19.78,98.2,0,0,0,20.03,20.25,0.075
"2022-03-17 02:00:00",15445,12.88,101.0276,0.691,173.2,5.755,19.57,99.3,0,0,0,20.01,20.11,0.075
"2022-03-17 03:00:00",15446,12.87,101.0117,0.268,183.2,1.308,19.5,100,0,0,0,20,20.1,0.075
"2022-03-17 04:00:00",15447,12.86,101.0589,0.628,186,6.451,19.64,99.5,0,0,0,20.03,20.13,0.075
"2022-03-17 05:00:00",15448,12.85,101.0839,0.069,183,3.582,19.7,100,0.022,0,3.81,20.1,20.45,0.074
"2022-03-17 06:00:00",15449,12.84,101.1836,0.363,192.4,5.135,20.3,100,0.579,0.054,0.254,20.67,20.93,0.075
"2022-03-17 07:00:00",15450,12.84,101.2652,0.299,198.2,7.154,20.29,100,34,2.368,0,20.68,20.94,0.079
"2022-03-17 08:00:00",15451,12.85,101.3196,0.501,197,8.96,21.16,97.1,182.9,10.27,0,21.18,21.86,0.082
"2022-03-17 09:00:00",15452,13.41,101.4164,0.79,175.4,11.24,22.58,96.4,238.1,15.14,0.254,22.62,23.09,0.084
"2022-03-17 10:00:00",15453,13.6,101.4332,0.854,196,13.79,22.81,92.8,401.3,22.24,0,23.16,24.02,0.085
"2022-03-17 11:00:00",15454,13.41,101.4244,0.165,205.4,4.627,22.39,93.4,279.5,16.51,4.064,22.58,23.68,0.085
"2022-03-17 12:00:00",15455,14.06,101.3689,0,0,0,25.31,81.9,552.5,30.7,0,24.94,26.2,0.101
"2022-03-17 13:00:00",15456,14.16,101.3353,0.611,167.1,12.22,26.06,80.1,558.6,32.16,0,26.73,27.2,0.1
"2022-03-17 14:00:00",15457,14.2,101.2785,1.281,155.9,22.34,25.99,79.81,605.7,33.34,0,27.26,27.94,0.097
"2022-03-17 15:00:00",15458,14.11,101.2792,1.044,134.8,25.92,27.22,69.88,701.1,34.73,0,28.34,29.75,0.095
"2022-03-17 16:00:00",15459,14.11,101.264,0.858,158.1,13.86,25.94,70.89,341.3,18.52,0,26.83,27.74,0.093
"2022-03-17 17:00:00",15460,13.95,101.2899,1.092,164.6,14.17,25.91,76.85,296.9,12.8,0,26.24,27.26,0.092
"2022-03-17 18:00:00",15461,13.01,101.3275,0.508,157.4,7.321,23.8,86.6,59.4,3.203,0,23.67,24.68,0.09
"2022-03-17 19:00:00",15462,12.96,101.3857,0,0,0,20.74,95.4,0.034,0.045,0,22.12,22.83,0.089
"2022-03-17 20:00:00",15463,12.93,101.4413,0,0,0,19.78,94.4,0,0,0,21.45,21.75,0.088
"2022-03-17 21:00:00",15464,12.92,101.4825,0,0,0,19.66,93.7,0,0,0,20.82,21.1,0.088
"2022-03-17 22:00:00",15465,12.91,101.4987,0,0,0,19.84,93.9,0,0,0,20.59,20.77,0.087
"2022-03-17 23:00:00",15466,12.91,101.4906,0.215,171.5,1.746,19.72,93.3,0,0,0,19.79,20.23,0.086
"2022-03-18 00:00:00",15467,12.89,101.4744,0.524,175.9,4.016,19.23,94.4,0,0,0,19.55,19.72,0.085
"2022-03-18 01:00:00",15468,12.88,101.45,0.486,175.7,4.968,19.13,95.8,0,0,0,19.55,19.59,0.085
"2022-03-18 02:00:00",15469,12.86,101.4094,0.597,180.4,5.714,18.9,97.3,0,0,0,19.26,19.43,0.085
"2022-03-18 03:00:00",15470,12.85,101.3851,0.489,182.4,5.632,18.61,96.5,0,0,0,18.95,19.11,0.084
"2022-03-18 04:00:00",15471,12.83,101.4013,0.356,184.9,5.086,18.47,96.4,0,0,0,18.77,18.9,0.083
"2022-03-18 05:00:00",15472,12.82,101.4581,0.421,187.8,5.181,18.31,96.8,0,0,0,18.57,18.66,0.083
"2022-03-18 06:00:00",15473,12.81,101.4987,0.237,191.3,3.774,18.12,97.6,1.059,0.098,0,18.49,18.55,0.083
"2022-03-18 07:00:00",15474,12.8,101.5555,0.361,193.5,5.757,18.73,91,71.6,3.698,0,18.53,18.84,0.083
"2022-03-18 08:00:00",15475,13.06,101.5938,0.888,195.3,11.29,21.69,82.8,316.8,13.86,0,19.48,21.05,0.082
"2022-03-18 09:00:00",15476,13.62,101.5955,0.901,187.9,15.5,24.67,74.42,561.6,25.95,0,22.96,24.67,0.082
"2022-03-18 10:00:00",15477,13.94,101.5868,0.894,143.8,32.78,27.14,60.43,799,37.1,0,26.59,28.45,0.081
"2022-03-18 11:00:00",15478,13.89,101.5463,0.83,133.1,27.83,28.3,57.33,900,43.63,0,30.26,31.14,0.081
"2022-03-18 12:00:00",15479,13.87,101.4894,1.171,117.3,25.52,28.36,62.29,941,47.07,0,30.19,31.87,0.08
"2022-03-18 13:00:00",15480,14.15,101.4174,1.316,99.6,22.6,28.65,53.77,973,48.18,0,32.49,33.2,0.079
"2022-03-18 14:00:00",15481,14.18,101.3926,1.367,118.8,34.16,28.45,56.57,881,43.48,0,31.92,32.85,0.078
"2022-03-18 15:00:00",15482,14.16,101.3358,1.03,102,19.35,28.65,57.27,737.6,35.55,0,32.2,32.86,0.077
"2022-03-18 16:00:00",15483,14.15,101.3272,1.059,118,21.8,28.05,61.25,532.9,24.47,0,30.69,31.41,0.077
"2022-03-18 17:00:00",15484,13.75,101.3449,1.041,87.9,11.8,27.03,64.64,299.4,12.73,0,28.24,29.72,0.076
"2022-03-18 18:00:00",15485,12.98,101.3601,0.244,88.6,5.334,24.41,79.78,43.81,3.131,0,23.9,25.62,0.076
"2022-03-18 19:00:00",15486,12.94,101.3786,0,0,0,21.42,87.3,0.009,0.041,0,21.39,22.41,0.075
"2022-03-18 20:00:00",15487,12.93,101.4418,0.003,97.4,0.001,20.21,94.5,0,0,0,20.5,20.89,0.075
"2022-03-18 21:00:00",15488,12.91,101.4662,0.008,97.4,0.005,17.95,98.2,0,0,0,20.03,20.53,0.075
"2022-03-18 22:00:00",15489,12.87,101.4744,0,0,0,17.96,98,0,0,0,19.56,19.91,0.075
"2022-03-18 23:00:00",15490,12.87,101.4662,0.14,105.5,4.737,18.11,96.6,0,0,0,19.54,19.77,0.074
"2022-03-19 00:00:00",15491,12.88,101.4419,0.259,108.3,0.163,18.37,94.2,0,0,0,19.57,19.64,0.074
"2022-03-19 01:00:00",15492,12.86,101.4013,0.61,113.2,1.905,19.03,92.9,0,0,0,19.22,19.39,0.074
"2022-03-19 02:00:00",15493,12.85,101.3688,0.647,115.3,0.473,19.13,92.7,0,0,0,19.26,19.44,0.074
"2022-03-19 03:00:00",15494,12.83,101.3445,0.445,116.4,0.09,18.83,92.6,0,0,0,19.04,19.28,0.074
"2022-03-19 04:00:00",15495,12.82,101.3282,0.285,116.4,0.068,18.99,93.6,0,0,0,19.06,19.17,0.073
"2022-03-19 05:00:00",15496,12.81,101.3688,0.281,116.4,0.056,18.8,93.6,0,0,0,18.98,19.05,0.073
"2022-03-19 06:00:00",15497,12.8,101.4094,0.445,117.6,0.428,18.91,92.5,0.856,0.086,0,19.03,19.22,0.073
"2022-03-19 07:00:00",15498,12.8,101.456,0.683,119.2,0.612,19.66,87.5,81.5,3.791,0,19.07,19.38,0.073
"2022-03-19 08:00:00",15499,13.09,101.4817,0.687,120.4,0.615,22.41,81.3,320.8,13.92,0,20.06,21.52,0.073
"2022-03-19 09:00:00",15500,13.63,101.4741,0.872,180.7,8.03,25.23,71.06,566,26.02,0,23.3,25.12,0.073
"2022-03-19 10:00:00",15501,13.73,101.449,0.731,168.8,14.04,26.72,67.14,645.6,32.09,0,26.93,28.08,0.072
"2022-03-19 11:00:00",15502,13.86,101.4002,1.333,81.6,18.55,28.01,61.83,898,43.49,0,29.64,32.24,0.072
"2022-03-19 12:00:00",15503,13.92,101.3212,1.219,66.66,9.94,27.45,59.53,673.6,36.87,0,29.58,31.17,0.071
"2022-03-19 13:00:00",15504,14,101.2713,1.447,87.9,23.86,27.84,59.82,834,42.83,0,31.05,32.19,0.071
"2022-03-19 14:00:00",15505,14.19,101.2307,1.785,86.2,19.3,28.05,59.17,891,43.55,0,33.38,33.89,0.07
"2022-03-19 15:00:00",15506,14.18,101.1901,1.823,72.58,16.94,27.9,55.12,731.6,35.21,0,33.36,33.9,0.07
"2022-03-19 16:00:00",15507,14.18,101.2086,1.763,74.48,14.53,27.69,52.54,533.2,24.28,0,30.56,32.41,0.07
"2022-03-19 17:00:00",15508,13.48,101.2498,1.787,74.9,12.82,26.64,60.1,293.9,12.48,0,27.91,29.63,0.069
"2022-03-19 18:00:00",15509,12.97,101.2871,0.732,75.14,7.982,24.13,76.18,40.86,2.944,0,24.01,25.5,0.069
"2022-03-19 19:00:00",15510,12.95,101.3138,0,0,0,21.47,83.7,0,0.033,0,21.1,22.25,0.068
"2022-03-19 20:00:00",15511,12.93,101.3688,0,0,0,20.48,82.3,0,0,0,20.47,20.73,0.068
"2022-03-19 21:00:00",15512,12.92,101.4162,0,0,0,20.67,87.6,0,0,0,20.52,20.72,0.068
"2022-03-19 22:00:00",15513,12.91,101.3932,0.002,87.8,0,20.16,87.8,0,0,0,20.37,20.56,0.068
"2022-03-19 23:00:00",15514,12.89,101.3498,0.002,87.9,0.004,20.94,92.5,0,0,0,20.67,21.28,0.068
"2022-03-20 00:00:00",15515,12.88,101.312,0,0,0,19.72,95.6,0,0,0,21.04,21.41,0.068
"2022-03-20 01:00:00",15516,12.87,101.312,0.056,88.1,0.249,19.49,91.5,0,0,0,20.64,21.05,0.068
"2022-03-20 02:00:00",15517,12.86,101.2624,0.403,103.5,3.498,19.88,87.9,0,0,0,20.08,20.22,0.068
"2022-03-20 03:00:00",15518,12.84,101.2532,0.25,103.1,2.733,20.3,85.7,0,0,0,20.1,20.47,0.068
"2022-03-20 04:00:00",15519,12.83,101.2533,0.599,103.8,1.42,19.8,86.9,0,0,0,19.75,20.11,0.067
"2022-03-20 05:00:00",15520,12.81,101.2877,0.312,106.1,0.037,19.29,90.6,0,0,0,19.68,19.87,0.067
"2022-03-20 06:00:00",15521,12.8,101.3442,0.246,106.1,0.028,19.38,90.9,0.404,0.081,0,19.68,19.83,0.068
"2022-03-20 07:00:00",15522,12.79,101.377,0.323,106.1,0.033,19.69,88.3,31.87,3.28,0,19.61,19.8,0.067
"2022-03-20 08:00:00",15523,12.86,101.4008,0.416,106.1,0.071,21.8,78.84,211.7,10.35,0,20.17,21.78,0.067
"2022-03-20 09:00:00",15524,13.53,101.4199,0.447,109.9,0.509,24.78,77.01,320.3,17.29,0,23.69,25.07,0.067
"2022-03-20 10:00:00",15525,13.58,101.4165,0.948,110.3,23.51,27.26,58.49,676.6,31.86,0,25.65,28.8,0.067
"2022-03-20 11:00:00",15526,13.88,101.384,1.369,97.5,33.44,28.06,59.96,775.2,39.81,0,29.63,31.11,0.066
"2022-03-20 12:00:00",15527,13.95,101.3275,1.488,114.5,29.63,28.56,51.96,948,47.47,0,31.56,32.43,0.066
"2022-03-20 13:00:00",15528,14.15,101.2872,1.472,103.1,25.48,28.58,56.29,943,47.13,0,32.7,33.43,0.066
"2022-03-20 14:00:00",15529,13.95,101.2461,1.548,116.4,30.78,28.34,54.42,864,42.62,0,32.7,33.68,0.065
"2022-03-20 15:00:00",15530,14.05,101.2141,1.392,129.7,38.59,28.25,56.12,729.7,35.03,0,32.02,33.06,0.064
"2022-03-20 16:00:00",15531,13.6,101.2078,1.356,95.9,22.05,27.5,53.76,494.3,23.2,0,30.98,31.5,0.064
"2022-03-20 17:00:00",15532,13.4,101.2228,1.144,93.4,14.08,26.73,59.26,287.3,12.27,0,27.75,29.5,0.063
"2022-03-20 18:00:00",15533,12.97,101.2222,0.088,96,4.407,23.14,76.6,21.99,2.404,0,24.08,25.37,0.063
"2022-03-20 19:00:00",15534,12.94,101.2568,0,0,0,21.32,80.8,0,0.021,0,21.56,23.07,0.063
"2022-03-20 20:00:00",15535,12.92,101.3445,0.023,106.8,0.006,20.07,82.4,0,0,0,20.11,20.71,0.063
"2022-03-20 21:00:00",15536,12.91,101.3851,0.004,106.9,0.003,19.86,87.3,0,0,0,20.01,20.12,0.063
"2022-03-20 22:00:00",15537,12.9,101.3932,0,0,0,19.46,86.9,0,0,0,19.74,19.96,0.063
"2022-03-20 23:00:00",15538,12.9,101.3607,0.002,106.9,0,19.17,88.1,0,0,0,19.59,19.8,0.063
"2022-03-21 00:00:00",15539,12.88,101.3526,0.014,107.5,0.038,19.22,89.3,0,0,0,19.73,20.01,0.062
"2022-03-21 01:00:00",15540,12.87,101.2714,0.004,107.6,0.005,19.3,86.5,0,0,0,19.57,19.79,0.062
"2022-03-21 02:00:00",15541,12.82,101.2795,0.237,116.8,0.323,19.31,88.2,0,0,0,19.21,19.52,0.062
"2022-03-21 03:00:00",15542,12.84,101.2633,0.437,118.9,0.192,18.89,90.3,0,0,0,18.91,19.14,0.062
"2022-03-21 04:00:00",15543,12.83,101.2471,0.426,119.1,0.48,18.78,89.3,0,0,0,18.8,18.88,0.062
"2022-03-21 05:00:00",15544,12.81,101.2795,0.333,119.3,0.122,19.24,89,0,0,0,19.07,19.56,0.062
"2022-03-21 06:00:00",15545,12.79,101.3201,0.201,119.2,0.36,19.16,89.9,0.826,0.056,0,19.51,19.74,0.062
"2022-03-21 07:00:00",15546,12.79,101.3596,0.457,119.3,0.416,19.87,84.3,80.3,3.564,0,19.68,19.96,0.062
"2022-03-21 08:00:00",15547,13.12,101.3991,0.69,121.8,1.754,22.8,76.95,314.9,13.63,0,20.67,22.14,0.062
"2022-03-21 09:00:00",15548,13.64,101.4164,0.532,124.9,5.657,25.86,61.85,534.2,24.94,0,23.95,25.82,0.062
"2022-03-21 10:00:00",15549,13.72,101.4336,0.315,115.9,3.243,26.05,67.82,303.5,20.2,0,26.28,27.05,0.061
"2022-03-21 11:00:00",15550,13.95,101.3771,0.722,117.6,28.71,26.67,53.71,549,31.43,0,25.69,27.27,0.061
"2022-03-21 12:00:00",15551,13.9,101.3192,1.209,89,27.65,28.28,52.27,864,44.37,0,30.7,32.16,0.061
"2022-03-21 13:00:00",15552,14.1,101.2725,1.346,124,24.92,28.62,54.31,943,47.12,0,31.97,32.88,0.06
"2022-03-21 14:00:00",15553,14.18,101.2218,1.493,93.9,29.66,28.57,56.46,860,42.36,0,32.94,33.91,0.06
"2022-03-21 15:00:00",15554,14.16,101.2054,1.799,79.26,20.79,27.78,57.58,634.9,31.35,0,31.79,33.3,0.059
"2022-03-21 16:00:00",15555,14.1,101.1775,1.214,82.9,11.98,26.21,68.39,271.9,15.84,0,28,29.86,0.059
"2022-03-21 17:00:00",15556,13.48,101.2108,0.867,85.4,10.42,25.77,69.74,182.1,8.88,0,27.19,27.86,0.058
"2022-03-21 18:00:00",15557,12.98,101.2465,0.296,78.83,3.923,24.13,78.88,39.43,2.149,0,25.03,26.15,0.058
"2022-03-21 19:00:00",15558,12.94,101.2952,0,0,0,22.08,83.6,0,0.019,0,22.6,23.46,0.058
"2022-03-21 20:00:00",15559,12.93,101.329,0,0,0,21.73,84.2,0,0,0,22.19,22.38,0.058
"2022-03-21 21:00:00",15560,12.89,101.3445,0,0,0,22.04,86.2,0,0,0,22.01,22.21,0.058
"2022-03-21 22:00:00",15561,12.92,101.3061,0,0,0,21.45,89.6,0,0,0,22.12,22.29,0.058
"2022-03-21 23:00:00",15562,12.88,101.3046,0,0,0,21.24,93,0,0,0,21.8,21.98,0.058
"2022-03-22 00:00:00",15563,12.89,101.2888,0.009,92.6,0.559,21.27,91.1,0.028,0,0,22.13,22.3,0.057
"2022-03-22 01:00:00",15564,12.89,101.2795,0.003,93.1,0.219,20.93,95.4,0,0,0,22.19,22.44,0.058
"2022-03-22 02:00:00",15565,12.87,101.2348,0.003,95.1,0.03,20.62,92.5,0,0,0,21.92,22.12,0.057
"2022-03-22 03:00:00",15566,12.85,101.2102,0.001,95.2,0,20.46,97.3,0,0,0,21.95,22.14,0.057
"2022-03-22 04:00:00",15567,12.84,101.2327,0.002,95.4,0.008,20.57,95.1,0,0,0,21.62,21.76,0.057
"2022-03-22 05:00:00",15568,12.83,101.2674,0.058,99,0.387,20.84,95,0,0,0,21.41,21.54,0.057
"2022-03-22 06:00:00",15569,12.81,101.2798,0.014,99.7,0.011,20.62,98,0.133,0.015,0.508,21.53,21.77,0.057
"2022-03-22 07:00:00",15570,12.8,101.3036,0.003,99.6,0.004,20.84,97.7,38.1,1.678,0.254,21.85,22.15,0.057
"2022-03-22 08:00:00",15571,12.92,101.3683,0.004,99.6,0.003,22.48,91.9,169,9.08,0,22.41,23.28,0.057
"2022-03-22 09:00:00",15572,13.54,101.3953,0.181,101.2,43.78,24.66,78.29,412.2,20.35,0,24.27,25.27,0.057
"2022-03-22 10:00:00",15573,13.86,101.3596,0.147,275.1,10.83,26.48,66.41,570.7,30.49,0,25.66,26.83,0.057
"2022-03-22 11:00:00",15574,13.93,101.319,0.452,68.38,17.44,27.8,58.42,645.4,34.99,0,28.01,29.22,0.056
"2022-03-22 12:00:00",15575,13.92,101.2785,1.175,49.47,29.16,28.37,53.83,761,40.57,0,28.79,31.3,0.056
"2022-03-22 13:00:00",15576,14.16,101.2298,1.547,65.12,16.8,29.07,55.38,933,46.88,0,34.33,35.14,0.055
"2022-03-22 14:00:00",15577,14.17,101.1486,1.699,67.34,18.83,29.04,53.52,845,42.09,0,34.58,35.39,0.055
"2022-03-22 15:00:00",15578,14.2,101.117,1.566,75.07,14.12,28.79,53.44,701.1,34.19,0,33.62,34.48,0.054
"2022-03-22 16:00:00",15579,14.17,101.1017,1.488,68.09,13.83,28.39,61.31,502.7,23.28,0,31.79,33.07,0.054
"2022-03-22 17:00:00",15580,13.35,101.1199,1.183,70.82,12.92,27.14,66.58,270.6,11.68,0,28.45,30.28,0.053
"2022-03-22 18:00:00",15581,12.96,101.1567,0.533,70.42,7.443,24.91,78.76,28.8,2.559,0,25.03,26.26,0.053
"2022-03-22 19:00:00",15582,12.92,101.1897,0.007,84.2,0.469,22.34,84.2,0,0.017,0,22.41,23.57,0.053
"2022-03-22 20:00:00",15583,12.93,101.2493,0,0,0,21.62,85.4,0,0,0,21.57,21.84,0.053
"2022-03-22 21:00:00",15584,12.92,101.2764,0.001,88.1,0.001,21.72,83.3,0,0,0,21.13,21.35,0.053
"2022-03-22 22:00:00",15585,12.91,101.2858,0,0,0,21.65,85,0,0,0,20.69,20.9,0.053
"2022-03-22 23:00:00",15586,12.9,101.3087,0,0,0,21.93,87.6,0,0,0,21.04,21.39,0.052
"2022-03-23 00:00:00",15587,12.89,101.3043,0.004,89.8,0.065,21.2,90.2,0,0,0,21.56,21.75,0.053
"2022-03-23 01:00:00",15588,12.88,101.264,0.007,93.3,0.239,20.93,88.9,0,0,0,21.59,21.76,0.052
"2022-03-23 02:00:00",15589,12.86,101.2422,0.044,89.2,1.788,20.9,89.2,0,0,0,21.35,21.57,0.052
"2022-03-23 03:00:00",15590,12.85,101.2164,0.037,89.4,0.022,20.86,92.8,0,0,0,21.26,21.45,0.052
"2022-03-23 04:00:00",15591,12.83,101.1768,0,0,0,20.61,95.3,0,0,0,21.84,21.98,0.052
"2022-03-23 05:00:00",15592,12.81,101.2017,0,0,0,20.33,94.4,0,0,0,21.44,21.78,0.052
"2022-03-23 06:00:00",15593,12.78,101.2207,0,0,0,20.15,97.1,0.588,0.031,0,21.42,21.55,0.052
"2022-03-23 07:00:00",15594,12.78,101.235,0.002,89.4,0,20.32,94.1,46.14,2.929,0.254,21.63,21.83,0.052
"2022-03-23 08:00:00",15595,12.96,101.2842,0.009,89.3,0.014,23.67,80.2,304.4,13,0,21.9,23.1,0.052
"2022-03-23 09:00:00",15596,13.61,101.2623,0.01,25.83,4.568,26.25,69.61,453.7,22.48,0,24.29,25.68,0.052
"2022-03-23 10:00:00",15597,13.88,101.2379,0.434,350.2,23.27,27.64,65.4,672.4,33.5,0,27.19,28.93,0.051
"2022-03-23 11:00:00",15598,13.83,101.1324,0.672,31.25,15.86,28.42,57.22,772.8,38.8,0,29.54,31.93,0.051
"2022-03-23 12:00:00",15599,13.88,101.0188,0.947,27.86,23.08,29.43,59.86,911,44.63,0,34.16,35.72,0.051
"2022-03-23 13:00:00",15600,13.9,100.939,0.99,21.06,20.04,29.24,62.08,570.2,31.06,0,32.59,35.18,0.05
"2022-03-23 14:00:00",15601,13.92,100.8648,1.965,41.33,20.95,29.46,63.21,742,37.11,0,32.55,34.6,0.049
"2022-03-23 15:00:00",15602,13.97,100.8022,2.476,54.05,20.03,28.87,62.74,684,32.89,0,34.77,35.38,0.049
"2022-03-23 16:00:00",15603,14.2,100.7695,2.312,47.04,19.29,28.28,65.72,490.9,22.1,0,32.05,33.6,0.048
"2022-03-23 17:00:00",15604,13.35,100.747,2.14,44.88,18.48,27.12,70.97,261.3,11.13,0,27.81,30.13,0.048
"2022-03-23 18:00:00",15605,12.95,100.7351,1.354,37.26,12.64,25.06,81.7,27.27,2.438,0,24.94,26.03,0.047
"2022-03-23 19:00:00",15606,12.91,100.7595,0.637,31.81,8.26,23.34,87.6,0,0.014,0,23.83,24.26,0.047
"2022-03-23 20:00:00",15607,12.93,100.7758,0.105,29.47,3.701,22.32,91.1,0,0,0,22.91,23.38,0.047
"2022-03-23 21:00:00",15608,12.92,100.8362,0.011,32.64,1.013,21.47,92.7,0,0,0,21.63,22.17,0.047
"2022-03-23 22:00:00",15609,12.88,100.8084,0,0,0,21.14,93.5,0,0,0,21.06,21.35,0.047
"2022-03-23 23:00:00",15610,12.88,100.7507,0.008,16.7,0.053,20.71,97,0,0,0,20.71,20.93,0.047
"2022-03-24 00:00:00",15611,12.88,100.7194,0.028,15.75,0.137,19.77,98.6,0,0,0,20.6,20.73,0.047
"2022-03-24 01:00:00",15612,12.83,100.6951,0.102,14.94,1.404,19.75,99.2,0,0,0,20.54,20.67,0.047
"2022-03-24 02:00:00",15613,12.86,100.6626,0.001,13.62,0,19.66,99.1,0,0,0,20.64,20.85,0.047
"2022-03-24 03:00:00",15614,12.84,100.6139,0,0,0,19.31,99.6,0,0,0,20.17,20.38,0.047
"2022-03-24 04:00:00",15615,12.82,100.5408,0.001,13.72,0,18.84,100,0,0,0,19.98,20.25,0.047
"2022-03-24 05:00:00",15616,12.8,100.5327,0.028,13.59,0.014,19.01,99.5,0,0,0,19.87,20.04,0.047
"2022-03-24 06:00:00",15617,12.79,100.5165,0.045,13.58,0.013,19.21,99.2,0.532,0.055,0,20.2,20.35,0.047
"2022-03-24 07:00:00",15618,12.75,100.5146,0.434,12.85,1.026,20.28,94.8,67.14,2.821,0,20.38,20.86,0.046
"2022-03-24 08:00:00",15619,13.14,100.4836,1.465,340.7,17.81,22.71,86.7,258.2,10.36,0,21.62,22.73,0.046
"2022-03-24 09:00:00",15620,13.66,100.4446,2.038,343.6,24.34,25.34,73.69,480.3,20.48,0,24.17,26.05,0.046
"2022-03-24 10:00:00",15621,14.16,100.3697,2.428,339.2,28.27,27.47,64.62,666.1,29.9,0,27.9,29.71,0.046
"2022-03-24 11:00:00",15622,14.15,100.256,2.289,342.4,28.25,29.39,57.16,799.8,36.88,0,31.39,32.8,0.046
"2022-03-24 12:00:00",15623,14.15,100.1424,1.995,340.1,27.57,31.09,50.75,863,40.33,0,34.19,35.29,0.045
"2022-03-24 13:00:00",15624,14.13,100.021,1.762,336.2,26.85,32.6,48.16,860,40.65,0,36.14,37.22,0.044
"2022-03-24 14:00:00",15625,14.12,99.9413,1.661,340,31.14,33.9,47.4,782.7,36.71,0,38.21,38.72,0.044
"2022-03-24 15:00:00",15626,14.11,99.8698,1.248,326.6,25.83,35.11,42.62,634.8,28.68,0,38.39,38.76,0.043
"2022-03-24 16:00:00",15627,14.09,99.80511,1.045,351.1,25.34,35.21,42.5,440.1,18.73,0,36.18,37.37,0.042
"2022-03-24 17:00:00",15628,13.47,99.84908,0.885,19.99,13.95,33.56,66.2,214,8.63,0,32.63,34.33,0.042
"2022-03-24 18:00:00",15629,12.98,100.0117,1.117,181.9,32.14,28.19,77.95,25.13,1.241,0,26.09,29.12,0.042
"2022-03-24 19:00:00",15630,12.95,100.0291,0.492,158.7,9.3,25.36,91.1,0,0.008,0,25.41,25.59,0.041
"2022-03-24 20:00:00",15631,12.93,100.2563,0.742,154.7,13.91,25.77,90,0,0,0,25.56,25.85,0.041
"2022-03-24 21:00:00",15632,12.91,100.2726,1.69,186.7,24.44,24.17,98.2,0.005,0,5.588,22.75,24.62,0.041
"2022-03-24 22:00:00",15633,12.92,100.37,0.891,171.5,13.73,22.72,99.6,0.008,0,0,22.73,23.25,0.042
"2022-03-24 23:00:00",15634,12.9,100.4268,0.377,182.9,11.65,23.64,100,0,0,1.016,23.91,24.24,0.041
"2022-03-25 00:00:00",15635,12.88,100.305,0.921,190.8,13.44,23.32,98.6,0,0,0.254,23.56,23.86,0.042
"2022-03-25 01:00:00",15636,12.88,100.3375,0.052,175.1,3.463,22.54,99.2,0,0,0.254,23.37,23.83,0.043
"2022-03-25 02:00:00",15637,12.87,100.3219,0.48,190.5,5.67,21.48,99.5,0,0,0,21.99,22.5,0.044
"2022-03-25 03:00:00",15638,12.86,100.3468,0.603,192,8.48,21.28,99.5,0,0,0,21.78,22.06,0.045
"2022-03-25 04:00:00",15639,12.84,100.3685,0.458,198,8.8,20.7,99.2,0,0,0,21.26,21.47,0.047
"2022-03-25 05:00:00",15640,12.82,100.4261,0.234,201.9,4.487,20.23,99.5,0,0,0,21.01,21.16,0.048
"2022-03-25 06:00:00",15641,12.8,100.5002,0.163,197.8,4.311,19.82,99.7,0.323,0.057,0,20.64,20.83,0.049
"2022-03-25 07:00:00",15642,12.8,100.571,0.241,196.6,5.277,20.29,96,78.85,3.191,0,20.73,21.21,0.049
"2022-03-25 08:00:00",15643,13.23,100.5891,0.92,194.5,11.15,22.53,88.9,273.5,12.04,0,21.71,22.47,0.05
"2022-03-25 09:00:00",15644,13.67,100.5932,1.244,183.6,21.33,24.91,83.9,503.8,23.37,0,23.46,24.64,0.051
"2022-03-25 10:00:00",15645,13.9,100.5744,1.198,175.6,27.35,27.39,74.79,711.1,33.99,0,26.18,27.74,0.051
"2022-03-25 11:00:00",15646,13.89,100.574,1.101,156.9,24.17,28.6,67.61,710.7,35.04,0,29.13,30.03,0.052
"2022-03-25 12:00:00",15647,14.04,100.5274,0.969,149.8,25.01,28.65,67.78,618.3,34.72,0,29.24,30.22,0.052
"2022-03-25 13:00:00",15648,14.02,100.5024,1.371,126.1,34.44,29.25,69.23,887,44.82,0,31.42,32.49,0.052
"2022-03-25 14:00:00",15649,13.99,100.4203,1.305,115.2,30.67,29.44,68.4,803,40.04,0,32.83,33.69,0.052
"2022-03-25 15:00:00",15650,13.93,100.3975,1.486,119.1,33.7,28.7,73.45,643.2,31.17,0,31.55,33.02,0.051
"2022-03-25 16:00:00",15651,13.99,100.4255,1.114,151.1,21.4,26.88,76.46,271.8,14.48,0,28.26,29.17,0.051
"2022-03-25 17:00:00",15652,13.24,100.4748,0.327,145,8.38,26.12,81.3,125.2,6.766,0,27.39,27.79,0.051
"2022-03-25 18:00:00",15653,12.94,100.5322,0.087,129.8,2.869,24.84,86.2,20.93,1.291,0,25.72,26.63,0.051
"2022-03-25 19:00:00",15654,12.89,100.5972,0.089,151.6,4.97,24.05,85.4,0,0,0,24.58,25.09,0.051
"2022-03-25 20:00:00",15655,12.93,100.7027,0.012,129.5,0.003,24,88,0,0,0,24.58,24.83,0.051
"2022-03-25 21:00:00",15656,12.92,100.7352,0.001,161.6,0,23.91,84.9,0,0,0,24.44,24.67,0.051
"2022-03-25 22:00:00",15657,12.92,100.8082,0.04,138.5,3.128,24.01,87.6,0,0,0,24.35,24.63,0.051
"2022-03-25 23:00:00",15658,12.9,100.8001,0.005,159.1,0.013,23.63,95.8,0,0,0.254,24.18,24.46,0.051
"2022-03-26 00:00:00",15659,12.89,100.6946,0,0,0,22.65,98,0,0,0,24.1,24.21,0.051
"2022-03-26 01:00:00",15660,12.85,100.6621,0.027,162.7,0.081,22.51,97.7,0,0,0,23.6,23.86,0.051
"2022-03-26 02:00:00",15661,12.86,100.6459,0.054,162.7,1.042,22.2,97.6,0,0,0,23.25,23.44,0.051
"2022-03-26 03:00:00",15662,12.84,100.598,0.04,162.1,1.343,22.25,97.4,0,0,0,23.12,23.27,0.051
"2022-03-26 04:00:00",15663,12.82,100.6541,0.212,166.9,1.155,22.06,97,0,0,0,22.6,23.16,0.051
"2022-03-26 05:00:00",15664,12.8,100.6793,0.182,152.2,7.736,21.64,98,0,0,0,22.52,22.77,0.051
"2022-03-26 06:00:00",15665,12.79,100.7198,0.088,163.5,0.927,21.66,98.7,0.138,0.035,0,22.52,22.8,0.051
"2022-03-26 07:00:00",15666,12.77,100.8003,0.392,164.9,7.483,21.36,98,14.99,0.943,0,22.09,22.27,0.051
"2022-03-26 08:00:00",15667,12.78,100.8415,0.541,180.8,12.42,21.29,98.1,73.2,4.654,0.254,22.02,22.3,0.051
"2022-03-26 09:00:00",15668,13.01,100.8489,0.576,182.4,10.98,22.24,93.7,177.9,11.07,0,22.64,23.33,0.051
"2022-03-26 10:00:00",15669,13.45,100.8726,0.418,161.5,4.653,23.82,85.9,234.8,14.01,0,23.79,24.93,0.051
"2022-03-26 11:00:00",15670,13.72,100.8247,0.384,139.2,5.686,25.53,76.38,492.4,27.59,0,26.26,27.62,0.051
"2022-03-26 12:00:00",15671,13.96,100.7443,0.108,138.5,2.116,26.6,72.17,488.7,28.34,0,27.97,28.58,0.051
"2022-03-26 13:00:00",15672,14.05,100.6701,0.44,126.4,33.11,27.34,77.45,461,26.24,0,29.16,29.63,0.05
"2022-03-26 14:00:00",15673,14.11,100.605,0.26,194,19.77,27.85,74.09,488.9,26.55,0,29.3,29.89,0.05
"2022-03-26 15:00:00",15674,14.01,100.6178,0.527,149.9,20.28,26.84,78.12,326.5,19.74,0,28.27,29.48,0.05
"2022-03-26 16:00:00",15675,13.95,100.6161,0.801,144.8,12.8,27.35,79.79,391.2,18.75,0,29.07,30.01,0.05
"2022-03-26 17:00:00",15676,13.45,100.6591,0.45,144.3,6.937,25.93,82.5,183.2,9.34,0,26.6,28.17,0.05
"2022-03-26 18:00:00",15677,12.95,100.6784,0.042,155.8,2.091,23.47,92.4,17.11,1.895,0,24.37,25.33,0.05
"2022-03-26 19:00:00",15678,12.95,100.744,0,0,0,21.79,97.1,0,0.004,0,23.21,23.78,0.049
"2022-03-26 20:00:00",15679,12.94,100.8168,0,0,0,21.53,98.2,0,0,0,23.1,23.28,0.049
"2022-03-26 21:00:00",15680,12.93,100.857,0,0,0,22.19,96.1,0.001,0,0,23.5,23.85,0.049
"2022-03-26 22:00:00",15681,12.92,100.8975,0,0,0,22.02,98,0,0,0,23.15,23.68,0.049
"2022-03-26 23:00:00",15682,12.91,100.8733,0,0,0,21.88,97.5,0,0,0,23.1,23.3,0.049
"2022-03-27 00:00:00",15683,12.89,100.8734,0.012,165.9,0.071,21.85,98.4,0,0,0,22.78,22.95,0.049
"2022-03-27 01:00:00",15684,12.88,100.8905,0.101,167.1,0.2,21.43,98.7,0,0,0,22.16,22.59,0.049
"2022-03-27 02:00:00",15685,12.87,100.8108,0.202,166,3.643,21.19,99.6,0,0,0,21.71,21.91,0.049
"2022-03-27 03:00:00",15686,12.85,100.8197,0.099,170.4,1.907,20.8,100,0,0,0,21.71,21.87,0.049
"2022-03-27 04:00:00",15687,12.83,100.8368,0.241,172.4,0.934,20.67,98.3,0,0,0,21.39,21.59,0.049
"2022-03-27 05:00:00",15688,12.82,100.8715,0.414,173.3,1.285,20.42,97.8,0,0,0,20.87,21.09,0.049
"2022-03-27 06:00:00",15689,12.8,100.9523,0.313,173.8,3.074,20.29,97.1,0.112,0.048,0,20.64,20.71,0.049
"2022-03-27 07:00:00",15690,12.78,101.0161,0.176,173,3.358,20.66,94.8,48.9,2.812,0,20.61,20.98,0.049
"2022-03-27 08:00:00",15691,12.95,101.1238,0.581,178.2,9.91,23.13,86.1,269,11.7,0,21.37,22.71,0.049
"2022-03-27 09:00:00",15692,13.64,101.1824,0.624,197.7,10.8,25.46,84.9,360.6,17.85,0,24.26,25.62,0.049
"2022-03-27 10:00:00",15693,13.9,101.1976,0.47,191.2,11.32,26.83,80.4,399.1,21.1,0,26.4,27.73,0.049
"2022-03-27 11:00:00",15694,13.89,101.1667,0.633,187.3,10.48,26.67,75.92,341.8,19.3,0,27.39,27.85,0.049
"2022-03-27 12:00:00",15695,14.02,101.0999,0.89,163.8,22.78,28.51,65.88,699.8,36.27,0,28.55,30.26,0.049
"2022-03-27 13:00:00",15696,13.99,101.0685,1.015,158.7,22.64,28.94,63.82,689.4,36.73,0,30.7,31.46,0.049
"2022-03-27 14:00:00",15697,13.92,101.0107,0.869,170.4,20.38,29.56,61.89,776.3,38,0,31.96,32.37,0.048
"2022-03-27 15:00:00",15698,14.16,101.0041,0.885,174,25.05,30.13,57.28,652,31.15,0,31.84,32.39,0.048
"2022-03-27 16:00:00",15699,14.16,101.0303,1.226,106.8,37.85,29.44,71.48,453.7,20.87,0,31.27,32.32,0.047
"2022-03-27 17:00:00",15700,13.33,101.0731,0.867,97.6,11.49,27.45,79.7,227,9.94,0,27.46,29.81,0.047
"2022-03-27 18:00:00",15701,12.97,101.0923,0.133,99.8,4.073,24.81,90.4,18.87,1.998,0,25.08,26.18,0.047
"2022-03-27 19:00:00",15702,12.95,101.1735,0.011,105.1,0.021,22.73,94.6,0,0.003,0,23.67,24.38,0.047
"2022-03-27 20:00:00",15703,12.94,101.2627,0.127,102.6,3.923,23.1,90.6,0,0,0,23.37,23.54,0.047
"2022-03-27 21:00:00",15704,12.93,101.3196,0.055,108,2.263,23.31,92.9,0,0,0,23.22,23.35,0.047
"2022-03-27 22:00:00",15705,12.9,101.3602,0.016,111.2,0.013,22.93,95.5,0,0,0,23.1,23.33,0.047
"2022-03-27 23:00:00",15706,12.9,101.361,0,0,0,22.46,96.9,0,0,0,22.53,22.87,0.047
"2022-03-28 00:00:00",15707,12.89,101.3793,0.004,111.2,0,22.1,96.6,0,0,0,22.13,22.33,0.046
"2022-03-28 01:00:00",15708,12.88,101.394,0.025,111.3,0.038,21.99,98.4,0,0,0,22.41,22.72,0.046
"2022-03-28 02:00:00",15709,12.82,101.3871,0,0,0,21.45,99.5,0,0,0,22.14,22.5,0.046
"2022-03-28 03:00:00",15710,12.82,101.3631,0.016,111.5,0.015,21.29,99.9,0,0,0,22.02,22.29,0.047
"2022-03-28 04:00:00",15711,12.79,101.3558,0,0,0,21.2,100,0,0,0,22.19,22.56,0.046
"2022-03-28 05:00:00",15712,12.76,101.4095,0.014,111.4,0.035,21.43,100,0.04,0,1.778,22.09,22.42,0.046
"2022-03-28 06:00:00",15713,12.78,101.4537,0.064,98.8,4.533,20.96,100,0.523,0.012,1.524,21.99,22.15,0.047
"2022-03-28 07:00:00",15714,12.78,101.4825,0.061,112.3,0.065,21.83,99.9,89.6,2.864,0.508,22.08,22.74,0.046
"2022-03-28 08:00:00",15715,13.2,101.5127,0.312,125.4,21.22,24.04,91.7,271.8,12,0,23.5,24.16,0.047
"2022-03-28 09:00:00",15716,13.26,101.5382,0.052,189.1,3.356,24.31,92.8,165.4,11.25,0.254,24.28,24.81,0.047
"2022-03-28 10:00:00",15717,13.75,101.5092,0.088,186,2.653,25.94,83.2,410.3,23.22,0,25.89,26.69,0.047
"2022-03-28 11:00:00",15718,13.84,101.4844,1.372,31.46,30.32,25.47,78.99,484.8,27.95,0,26.06,26.86,0.047
"2022-03-28 12:00:00",15719,14.08,101.3766,1.55,20.61,16.21,26.98,78.59,692.2,37.98,0,27.24,29,0.047
"2022-03-28 13:00:00",15720,14.01,101.2955,2.236,25.77,21.96,27.9,73.75,772.4,40.2,0,29.64,31.33,0.047
"2022-03-28 14:00:00",15721,14.04,101.2463,2.315,32.52,21.44,28.63,68.05,884,41.4,0,31.9,33.84,0.048
"2022-03-28 15:00:00",15722,13.99,101.2318,2.435,32.8,22.35,28.39,66.78,684.1,32.52,0,32.08,33.46,0.047
"2022-03-28 16:00:00",15723,14.14,101.1994,2.162,29.03,20.49,27.98,69.76,467.7,21.86,0,30.63,31.57,0.047
"2022-03-28 17:00:00",15724,13.41,101.1849,2.045,33.08,15.57,26.8,74.68,238.2,10.42,0,26.77,28.73,0.047
"2022-03-28 18:00:00",15725,12.97,101.214,1.283,28.54,11.51,24.85,84,19.49,1.964,0,24.78,25.51,0.047
"2022-03-28 19:00:00",15726,12.95,101.2465,0.119,26.12,3.155,22.97,92.4,0,0.002,0,24.27,24.54,0.047
"2022-03-28 20:00:00",15727,12.94,101.2723,0,0,0,21.78,92.9,0,0,0,23.37,23.78,0.047
"2022-03-28 21:00:00",15728,12.92,101.3073,0,0,0,21.34,95.6,0,0,0,22.83,23.13,0.047
"2022-03-28 22:00:00",15729,12.92,101.309,0,0,0,20.95,97.9,0,0,0,22.31,22.64,0.047
"2022-03-28 23:00:00",15730,12.9,101.2875,0,0,0,20.65,98.8,0,0,0,21.93,22.07,0.047
"2022-03-29 00:00:00",15731,12.83,101.2781,0,0,0,20.43,99,0,0,0,21.83,21.93,0.047
"2022-03-29 01:00:00",15732,12.87,101.2389,0.003,13.58,0.003,20.25,99.5,0,0,0,21.87,22.12,0.047
"2022-03-29 02:00:00",15733,12.86,101.1856,0.022,13.4,0.025,20.83,98.2,0,0,0,21.99,22.3,0.047
"2022-03-29 03:00:00",15734,12.84,101.1437,0,0,0,21.32,97.8,0,0,0,22.53,22.85,0.047
"2022-03-29 04:00:00",15735,12.82,101.1262,0,0,0,21.17,98.5,0,0,0,22.78,22.9,0.047
"2022-03-29 05:00:00",15736,12.81,101.168,0,0,0,20.87,98,0,0,0,22.51,22.6,0.047
"2022-03-29 06:00:00",15737,12.78,101.1983,0.012,21.75,1.154,21.21,97.4,0.195,0.033,0,22.53,22.63,0.048
"2022-03-29 07:00:00",15738,12.78,101.2387,0.012,13.75,0.008,21.51,92.7,53.19,2.756,0,22.21,22.45,0.048
"2022-03-29 08:00:00",15739,13.06,101.2703,0.375,13.28,4.656,23.75,83.6,262.3,11.97,0,22.92,23.82,0.048
"2022-03-29 09:00:00",15740,13.65,101.2468,1.592,8.81,17.3,26.01,72.47,454.6,21.95,0,24.86,26.03,0.048
"2022-03-29 10:00:00",15741,13.83,101.1982,1.823,3.72,25.52,27.23,66.84,589.2,29.46,0,27.33,28.91,0.048
"2022-03-29 11:00:00",15742,13.84,101.1324,2.063,4.469,26.28,28.55,65.59,785.3,38.98,0,29.88,32.06,0.047
"2022-03-29 12:00:00",15743,13.88,101.0276,1.972,1.528,26.39,29.33,55.29,795.5,40.03,0,31.81,33.53,0.047
"2022-03-29 13:00:00",15744,13.99,100.9461,2.558,26.36,24.36,29.18,66.42,806,40.5,0,33.01,34.32,0.047
"2022-03-29 14:00:00",15745,14.04,100.8494,3.202,34.12,24.07,28.87,66.54,792.8,37.71,0,33.34,34.21,0.047
"2022-03-29 15:00:00",15746,14.26,100.8186,3.212,29.67,21.73,28.68,64.39,664.9,31.08,0,32.36,33.15,0.046
"2022-03-29 16:00:00",15747,14.27,100.802,3.301,26.23,22.42,27.83,72.38,467.3,20.86,0,29.66,31.03,0.046
"2022-03-29 17:00:00",15748,13.41,100.7809,3.093,29.98,17.79,26.44,76.45,236.2,9.76,0,26.1,27.92,0.046
"2022-03-29 18:00:00",15749,12.96,100.8164,2.411,29.3,14.48,24.63,85.6,21.53,1.817,0,24.24,25.03,0.046
"2022-03-29 19:00:00",15750,12.95,100.8488,1.611,27.93,12.39,23.37,85,0,0,0,23.15,23.75,0.046
"2022-03-29 20:00:00",15751,12.94,100.882,1.481,27.04,10.94,23,82.9,0,0,0,22.51,22.8,0.046
"2022-03-29 21:00:00",15752,12.93,100.9138,1.328,26.18,11.42,22.86,83.4,0,0,0,22.34,22.41,0.046
"2022-03-29 22:00:00",15753,12.92,100.8904,1.082,26.18,10.93,22.86,87.6,0,0,0,22.41,22.46,0.045
"2022-03-29 23:00:00",15754,12.91,100.8826,0.232,23.32,5.131,21.85,94.9,0,0,0,21.91,22.27,0.045
"2022-03-30 00:00:00",15755,12.89,100.8573,0.011,10.32,0.021,19.95,97.8,0,0,0,21.11,21.44,0.045
"2022-03-30 01:00:00",15756,12.87,100.8493,0.002,10.2,0,19.13,98.4,0,0,0,20.73,20.88,0.045
"2022-03-30 02:00:00",15757,12.86,100.8412,0.036,9.67,0.102,19.12,97.1,0,0,0,20.59,20.78,0.045
"2022-03-30 03:00:00",15758,12.84,100.8412,0.062,9.29,0.038,19.44,97.5,0,0,0,20.55,20.79,0.045
"2022-03-30 04:00:00",15759,12.82,100.8817,0.071,9.28,0.061,19.7,97.7,0,0,0,20.57,20.96,0.045
"2022-03-30 05:00:00",15760,12.81,100.9224,0.089,9.26,0.035,19.84,97.1,0,0,0,20.84,20.99,0.045
"2022-03-30 06:00:00",15761,12.77,100.9954,0.206,9,0.095,20.09,96.7,0.117,0.037,0,20.71,20.92,0.045
"2022-03-30 07:00:00",15762,12.77,101.0348,0.075,8.93,0.086,20.21,93.1,63.36,2.86,0,20.61,21.09,0.045
"2022-03-30 08:00:00",15763,13.17,101.0599,1.069,346,16.06,22.74,83.5,256.2,10.63,0,21.85,22.74,0.045
"2022-03-30 09:00:00",15764,13.72,101.0532,2.011,340.2,24.79,25.41,69.15,500,22.27,0,23.91,25.78,0.045
"2022-03-30 10:00:00",15765,14.16,100.9949,2.138,350.6,28.38,27.47,63.82,691.6,32.26,0,27.87,29.66,0.045
"2022-03-30 11:00:00",15766,14.16,100.8973,2.337,350.1,29.82,28.76,57.7,817,39.12,0,31.19,32.36,0.045
"2022-03-30 12:00:00",15767,14.16,100.7753,2.292,5.897,26.29,29.94,57.7,879,42.54,0,33.52,34.59,0.044
"2022-03-30 13:00:00",15768,14.17,100.6952,2.318,6.187,29.2,30.99,53.56,867,41.79,0,35.23,35.65,0.044
"2022-03-30 14:00:00",15769,14.17,100.6381,2.897,24.74,26.19,30.25,68.34,788.7,36.77,0,34.58,35.6,0.044
"2022-03-30 15:00:00",15770,14.23,100.6178,3.044,31.41,22.36,29.2,67.1,644.9,29.43,0,32.56,33.95,0.043
"2022-03-30 16:00:00",15771,14.26,100.6008,3.177,25.83,20.06,28.17,70.18,445.5,19.3,0,29.98,31.35,0.043
"2022-03-30 17:00:00",15772,13.4,100.6191,2.645,27.23,17.3,27.14,76.17,216.9,8.84,0,27.06,28.51,0.043
"2022-03-30 18:00:00",15773,12.96,100.6784,2.035,27.87,13.1,25.44,82.2,23.22,1.635,0,24.95,25.81,0.043
"2022-03-30 19:00:00",15774,12.95,100.7271,0.982,26.61,10.1,23.88,80.8,0,0,0,23.57,24.25,0.042
"2022-03-30 20:00:00",15775,12.94,100.7433,0.468,25.38,8.34,22.97,86.9,0,0,0,22.91,23.24,0.042
"2022-03-30 21:00:00",15776,12.93,100.769,0.697,27.22,8.5,22.58,89.8,0,0,0,22.53,22.68,0.042
"2022-03-30 22:00:00",15777,12.92,100.8276,0.074,25.86,2.995,22.02,95.8,0,0,0,21.83,22.36,0.042
"2022-03-30 23:00:00",15778,12.9,100.8237,0.032,15.54,0.083,21.09,97.8,0,0,0,21.37,21.55,0.042
"2022-03-31 00:00:00",15779,12.88,100.8492,0.002,15.1,0.011,19.76,98.9,0,0,0,20.88,21.33,0.042
"2022-03-31 01:00:00",15780,12.87,100.8737,0.001,15.14,0,19.22,99.8,0,0,0,20.41,20.79,0.042
"2022-03-31 02:00:00",15781,12.85,100.8655,0,0,0,19.2,100,0,0,0,20.17,20.27,0.042
"2022-03-31 03:00:00",15782,12.84,100.8737,0,0,0,18.89,100,0,0,0,20.27,20.53,0.042
"2022-03-31 04:00:00",15783,12.79,100.898,0.008,15.17,0.01,19.24,100,0,0,0,20.31,20.56,0.042
"2022-03-31 05:00:00",15784,12.8,100.9305,0.02,15.2,0.01,19.27,100,0,0,0,19.85,20.15,0.041
"2022-03-31 06:00:00",15785,12.77,100.9873,0.011,15.12,0.012,19.43,100,0.277,0.034,0,20.04,20.14,0.041
"2022-03-31 07:00:00",15786,12.76,101.0191,0.072,15.06,0.016,20.17,94.1,75.77,2.918,0,20.23,20.81,0.041
"2022-03-31 08:00:00",15787,13.21,101.0518,0.9,3.96,13.94,23.21,81.1,287.1,11.75,0,21.87,22.92,0.041
"2022-03-31 09:00:00",15788,13.84,101.0848,1.941,1.884,21.82,26.24,71.48,510.6,22.95,0,23.83,26.12,0.041
"2022-03-31 10:00:00",15789,14.14,101.0837,1.936,8.48,23.58,28.25,64.27,696.8,32.9,0,28.51,30.76,0.041
"2022-03-31 11:00:00",15790,14.12,101.0198,1.818,11.79,23.87,30.06,57.54,826,40,0,32.82,34.19,0.041
"2022-03-31 12:00:00",15791,13.87,100.9217,1.383,6.046,32.5,31.67,51.96,877,41.92,0,35.67,36.82,0.041
"2022-03-31 13:00:00",15792,14.06,100.8337,2.256,46.03,26.85,31.52,64.34,892,41.94,0,37.39,38.13,0.04
"2022-03-31 14:00:00",15793,14.1,100.7924,2.451,52.39,25.12,30.82,67.77,782.4,36.75,0,37.33,37.68,0.04
"2022-03-31 15:00:00",15794,14.19,100.7949,2.735,59.6,20.02,29.96,67.17,638.7,29.59,0,35.38,36.37,0.04
"2022-03-31 16:00:00",15795,14.21,100.7934,2.652,49.36,19.37,28.95,67.62,444.5,19.81,0,31.95,33.71,0.039
"2022-03-31 17:00:00",15796,13.39,100.8119,2.133,45.16,20.15,27.6,75.3,219,9.21,0,27.74,29.83,0.039
"2022-03-31 18:00:00",15797,12.96,100.8245,1.249,39.35,12.9,25.34,84,21.73,1.628,0,25.19,26.33,0.039
"2022-03-31 19:00:00",15798,12.94,100.8569,0.445,30.73,6.961,23.45,91.5,0,0,0,24.07,24.6,0.039
"2022-03-31 20:00:00",15799,12.94,100.8988,0.039,40.47,0.692,22.34,97,0,0,0,23.07,23.51,0.039
"2022-03-31 21:00:00",15800,12.89,100.9138,0.037,32.98,2.405,22.59,97.6,0,0,0,22.73,23.02,0.039
"2022-03-31 22:00:00",15801,12.88,100.9235,0.066,25.72,2.26,22.37,97.9,0,0,0,22.31,22.66,0.038
"2022-03-31 23:00:00",15802,12.9,100.9192,0.093,13.51,0.125,21.97,98.7,0,0,0,21.6,21.93,0.038
"2022-04-01 00:00:00",15803,12.88,100.8934,0.037,13.17,0.022,21.51,99.6,0,0,0,21.9,22.35,0.038
"2022-04-01 01:00:00",15804,12.87,100.8558,0.038,13.22,0.015,21,100,0,0,0,21.45,21.63,0.038
"2022-04-01 02:00:00",15805,12.86,100.8447,0.126,13.93,2.919,21.28,99.7,0,0,0,21.61,22.23,0.038
"2022-04-01 03:00:00",15806,12.85,100.8254,0.029,11,0.038,21.37,99.3,0,0,0,22.29,22.5,0.038
"2022-04-01 04:00:00",15807,12.83,100.8484,0,0,0,20.46,100,0,0,0,21.2,21.74,0.038
"2022-04-01 05:00:00",15808,12.8,100.8655,0,0,0,19.6,100,0,0,0,20.43,20.84,0.038
"2022-04-01 06:00:00",15809,12.78,100.8492,0.015,11.14,0.006,20.72,100,0.14,0.031,0,20.41,20.71,0.038
"2022-04-01 07:00:00",15810,12.77,100.9234,0.003,11.21,0.004,21.32,99.7,71.2,2.792,0,20.8,21.33,0.038
"2022-04-01 08:00:00",15811,13.19,100.959,0.394,3.118,12.16,24.4,84.4,269.3,11.39,0,22.49,23.65,0.038
"2022-04-01 09:00:00",15812,13.76,100.9377,0.823,278,12.62,27.44,74.95,489.6,22.26,0,24.67,26.65,0.038
"2022-04-01 10:00:00",15813,13.89,100.9217,1.136,305.6,22.02,29.17,65.1,683.2,32.27,0,28.56,31.06,0.038
"2022-04-01 11:00:00",15814,13.87,100.8658,1.194,352,34.86,30.43,62.16,785.3,38.39,0,32.83,35,0.038
"2022-04-01 12:00:00",15815,13.85,100.7616,1.801,61.62,33.58,30.04,74.53,707.5,35.63,0,33.82,35.23,0.037
"2022-04-01 13:00:00",15816,14.02,100.688,2.4,59.94,24.58,29.65,73.4,850,40.74,0,35.1,36.79,0.037
"2022-04-01 14:00:00",15817,13.99,100.5902,2.313,56.99,23.35,30.22,69.09,744.7,35.1,0,36.25,37.34,0.037
"2022-04-01 15:00:00",15818,14,100.5513,2.4,53.45,21.78,30.43,71.87,610,28.2,0,35.53,36.3,0.037
"2022-04-01 16:00:00",15819,14.17,100.529,2.295,48.62,21.29,29.75,73.86,429.3,18.93,0,33.67,34.68,0.036
"2022-04-01 17:00:00",15820,13.33,100.5206,1.817,48.2,14.24,28.64,81.2,203.1,8.54,0,29.19,31.31,0.036
"2022-04-01 18:00:00",15821,12.94,100.5479,1.241,53.1,12.07,26.31,92.1,17.36,1.447,0,26.72,27.7,0.036
"2022-04-01 19:00:00",15822,12.95,100.5891,0.425,61.82,6.194,24.74,96.4,0,0,0,25.53,26.07,0.036
"2022-04-01 20:00:00",15823,12.94,100.654,0.133,67.49,3.549,24.48,98.3,0,0,0,24.86,25.22,0.036
"2022-04-01 21:00:00",15824,12.92,100.7595,0.116,76.86,2.054,24.01,99.4,0,0,0,24.21,24.54,0.036
"2022-04-01 22:00:00",15825,12.92,100.8407,0.144,79.42,0.046,24.29,99.4,0,0,0,24.54,24.94,0.036
"2022-04-01 23:00:00",15826,12.9,100.8407,0.054,79.37,0.012,24.38,99.4,0,0,0,25.01,25.21,0.036
"2022-04-02 00:00:00",15827,12.89,100.8164,0.133,71.78,4.9,24.39,99.6,0,0,2.794,24.86,25.2,0.035
"2022-04-02 01:00:00",15828,12.84,100.8001,0.175,78.46,0.179,23.65,100,0,0,0.254,23.9,24.49,0.036
"2022-04-02 02:00:00",15829,12.83,100.7596,0.448,79.24,0.136,22.75,100,0,0,0,23.31,23.54,0.036
"2022-04-02 03:00:00",15830,12.8,100.7271,0.174,79.32,0.024,22.44,100,0,0,0,23.34,23.44,0.036
"2022-04-02 04:00:00",15831,12.8,100.7116,0.114,79.34,0.019,22.2,100,0,0,0,23.1,23.26,0.035
"2022-04-02 05:00:00",15832,12.8,100.7515,0.174,79.31,0.061,22.26,100,0,0,0,23.2,23.37,0.035
"2022-04-02 06:00:00",15833,12.76,100.7352,0.127,79.32,0.016,22.28,100,0.064,0.019,0,23.15,23.38,0.036
"2022-04-02 07:00:00",15834,12.78,100.792,0.197,79.36,0.023,22.45,100,47.32,1.881,0,23.07,23.29,0.036
"2022-04-02 08:00:00",15835,12.92,100.857,0.395,100.6,17.09,23.1,99.8,87.2,4.776,0,23.8,24.1,0.036
"2022-04-02 09:00:00",15836,12.93,100.8805,0.336,128.1,0.75,23.98,93.1,202.5,12.25,0,24.1,24.87,0.036
"2022-04-02 10:00:00",15837,13.68,100.8656,0.48,148,17.22,26.55,84.6,515.6,24.6,0,25.94,27.15,0.036
"2022-04-02 11:00:00",15838,13.95,100.8414,0.7,116.6,32.83,27.7,81,472.3,25.78,0,27.35,28.74,0.035
"2022-04-02 12:00:00",15839,13.93,100.7287,0.627,92.2,21.55,29.38,77.98,702.9,34.2,0,29.89,31.81,0.036
"2022-04-02 13:00:00",15840,14.02,100.6215,0.999,113.3,36.6,30,75.5,756.6,36.74,0,32.44,33.05,0.035
"2022-04-02 14:00:00",15841,14.01,100.5415,1.383,91.2,24.54,29.72,75.32,707.7,34.24,0,33.34,33.88,0.036
"2022-04-02 15:00:00",15842,14.06,100.5179,1.679,91.9,32.91,29.07,81.6,613.3,27.74,0,33.52,34.1,0.036
"2022-04-02 16:00:00",15843,13.94,100.4963,1.66,86.1,24.73,27.94,87.7,344.4,15.81,0,30.28,32.25,0.035
"2022-04-02 17:00:00",15844,13.08,100.4836,1.559,77.95,9.78,26,90.4,74.82,4.263,0,27.59,28.63,0.036
"2022-04-02 18:00:00",15845,12.93,100.5323,0.883,73.64,6.867,25.24,94.1,8.52,0.635,0,26.71,27.17,0.035
"2022-04-02 19:00:00",15846,12.92,100.6053,0.108,74.61,2.894,24.61,95.5,0,0,0,26.06,26.36,0.035
"2022-04-02 20:00:00",15847,12.9,100.6134,0.003,83.9,0.007,24.31,97.6,0,0,0,25.62,25.84,0.035
"2022-04-02 21:00:00",15848,12.91,100.6865,0.1,72.05,3.075,24.37,97.4,0,0,0,25.56,25.74,0.035
"2022-04-02 22:00:00",15849,12.89,100.5729,0.439,66.75,3.354,24.28,99.1,0,0,0,25.4,25.63,0.035
"2022-04-02 23:00:00",15850,12.88,100.5891,0.001,80.5,0,24.01,99.8,0,0,0,25.19,25.33,0.035
"2022-04-03 00:00:00",15851,12.86,100.5891,0,0,0,23.42,100,0,0,0,24.41,24.93,0.035
"2022-04-03 01:00:00",15852,12.87,100.5729,0,0,0,23.19,100,0,0,0,24.17,24.37,0.035
"2022-04-03 02:00:00",15853,12.87,100.5485,0.1,63.21,2.485,22.53,99.9,0,0,0,23.62,24.13,0.035
"2022-04-03 03:00:00",15854,12.85,100.4838,0,0,0,21.39,100,0,0,0,23.07,23.5,0.035
"2022-04-03 04:00:00",15855,12.83,100.4869,0,0,0,21.23,100,0.031,0,0,22.8,23,0.035
"2022-04-03 05:00:00",15856,12.8,100.4596,0,0,0,21.55,100,0,0,0,23.27,23.48,0.035
"2022-04-03 06:00:00",15857,12.78,100.4932,0,0,0,21.21,100,0.317,0.018,0,22.76,22.98,0.035
"2022-04-03 07:00:00",15858,12.77,100.5404,0,0,0,21.85,99.7,36.51,1.815,0,23.27,23.47,0.035
"2022-04-03 08:00:00",15859,12.94,100.5729,0.078,58.97,0.039,23.98,86.6,187.7,7.921,0,24.05,25.11,0.035
"2022-04-03 09:00:00",15860,13.55,100.6141,0.613,14.26,26.46,26.93,81.7,383.4,17.93,0,25.8,27.04,0.035
"2022-04-03 10:00:00",15861,13.89,100.6134,1.037,296.4,30.53,29.08,72.34,587.5,27.7,0,28.6,30.19,0.035
"2022-04-03 11:00:00",15862,13.92,100.597,1.005,291.9,23.34,30.55,62.63,745,36.72,0,31.11,32.65,0.035
"2022-04-03 12:00:00",15863,13.94,100.5506,0.651,276.7,38.61,31.63,68.55,616.7,31.4,0,32.81,33.94,0.035
"2022-04-03 13:00:00",15864,13.96,100.471,1.562,90.1,35.05,29.03,78.81,375.6,20.77,0,31.71,32.55,0.035
"2022-04-03 14:00:00",15865,14.04,100.412,1.862,74.54,15.44,29.35,82.3,565.4,29.16,0,32.38,33.73,0.035
"2022-04-03 15:00:00",15866,14.06,100.3956,2.309,40.6,20.47,29.71,71.16,553.8,26.42,0,33.37,34.1,0.035
"2022-04-03 16:00:00",15867,14.2,100.3082,2.207,27.35,16.97,28.53,79.1,389.1,16.99,0,30.94,32.08,0.035
"2022-04-03 17:00:00",15868,13.22,100.3279,1.625,29.05,11.47,27.3,88.4,127.2,6.534,0,27.82,29.32,0.035
"2022-04-03 18:00:00",15869,12.96,100.3454,1.207,28.61,10.88,25.98,93.4,14.09,0.931,0,26.7,27.2,0.035
"2022-04-03 19:00:00",15870,12.93,100.4024,0.541,24.54,8.44,25.43,96,0,0,0,26.04,26.36,0.035
"2022-04-03 20:00:00",15871,12.92,100.4349,0.936,28.82,10.11,25.35,96.6,0,0,0,25.89,26.01,0.035
"2022-04-03 21:00:00",15872,12.91,100.4264,1.125,27.92,11.66,25.28,95.8,0,0,0,25.36,25.62,0.035
"2022-04-03 22:00:00",15873,12.93,100.4592,0.15,27.74,5.288,24.78,97.5,0,0,0,25.03,25.24,0.035
"2022-04-03 23:00:00",15874,12.92,100.4673,0.01,15.3,0.015,24.19,98.8,0,0,0,24.86,24.99,0.034
"2022-04-04 00:00:00",15875,12.9,100.4592,0.019,15.11,0.037,24.1,99.5,0,0,0,24.97,25.05,0.034
"2022-04-04 01:00:00",15876,12.89,100.4268,0,0,0,23.85,100,0,0,0,24.82,24.91,0.034
"2022-04-04 02:00:00",15877,12.88,100.4268,0,0,0,23.61,100,0,0,0,24.84,24.95,0.035
"2022-04-04 03:00:00",15878,12.86,100.3862,0,0,0,23.41,100,0,0,0,24.8,24.85,0.034
"2022-04-04 04:00:00",15879,12.85,100.37,0.002,15.33,0.001,23.43,100,0,0,0,24.75,24.83,0.034
"2022-04-04 05:00:00",15880,12.83,100.3943,0.158,15.89,0.191,23.43,100,0,0,0,24.09,24.51,0.034
"2022-04-04 06:00:00",15881,12.8,100.4024,0.73,19.6,6.432,23,92.8,0,0.022,0,22.88,23.57,0.034
"2022-04-04 07:00:00",15882,12.8,100.4592,0.654,24.16,5.714,23.06,78.85,72.72,2.436,0,22.53,22.82,0.034
"2022-04-04 08:00:00",15883,13.38,100.5384,1.467,17.64,10.2,25.46,72.22,266.7,10.29,0,23.34,24.54,0.034
"2022-04-04 09:00:00",15884,13.81,100.5409,1.921,7.172,20.38,27.9,57.09,469.9,21.57,0,26.02,28.13,0.034
"2022-04-04 10:00:00",15885,13.86,100.4997,2.104,0.873,22.62,30.49,44.44,620.6,30.3,0,30.42,31.79,0.034
"2022-04-04 11:00:00",15886,13.97,100.4674,2.421,340.3,29.33,32.31,38.62,755.6,36.98,0,33.26,34.31,0.034
"2022-04-04 12:00:00",15887,13.96,100.3884,2.275,345.2,29.81,33.67,36.04,832,40.55,0,36.04,36.95,0.034
"2022-04-04 13:00:00",15888,14.03,100.2986,2.033,355.6,30.41,32.76,61.09,518.4,27.97,0,33.82,35.31,0.034
"2022-04-04 14:00:00",15889,14.1,100.2524,2.116,37.59,18.43,30.79,62.79,474.6,25.83,0,33.19,33.87,0.034
"2022-04-04 15:00:00",15890,13.97,100.2461,2.118,25.43,16.16,29.62,74.23,313.8,16.72,0,30.13,32.34,0.034
"2022-04-04 16:00:00",15891,13.71,100.2555,1.74,28.09,11.54,27.8,78.75,151.7,8.69,0,28.92,29.47,0.034
"2022-04-04 17:00:00",15892,13.12,100.2644,0.968,28.83,10.08,27.22,78.95,74.07,4.011,0,28.18,28.49,0.034
"2022-04-04 18:00:00",15893,12.96,100.2966,0.166,29.93,4.943,26.28,85.6,5.835,0.5,0,26.97,27.59,0.034
"2022-04-04 19:00:00",15894,12.95,100.3375,0.024,21.82,1.46,25.34,90.3,0,0,0,26.33,26.63,0.034
"2022-04-04 20:00:00",15895,12.91,100.3375,0.172,29.07,3.875,24.87,93.2,0,0,0,25.88,26.09,0.033
"2022-04-04 21:00:00",15896,12.93,100.3456,0.266,26.07,5.056,24.61,94.8,0,0,0,25.46,25.63,0.034
"2022-04-04 22:00:00",15897,12.92,100.3537,0.164,21.87,3.169,24.31,96.5,0,0,0,25.24,25.38,0.034
"2022-04-04 23:00:00",15898,12.91,100.4024,0.236,17.99,4.756,24.28,95.6,0,0,0,25.06,25.15,0.033
"2022-04-05 00:00:00",15899,12.87,100.3537,0.237,16.44,3.826,24.28,96,0,0,0,24.82,24.97,0.033
"2022-04-05 01:00:00",15900,12.88,100.3618,0.409,17.56,5.224,24.24,94.3,0,0,0,24.57,24.69,0.033
"2022-04-05 02:00:00",15901,12.87,100.3537,0.098,14.61,2.636,23.79,97,0,0,0,23.6,24.14,0.033
"2022-04-05 03:00:00",15902,12.85,100.2563,0.009,11,0.008,22.73,99.2,0,0,0,22.63,23.06,0.033
"2022-04-05 04:00:00",15903,12.83,100.2832,0.019,11.09,0.012,22.31,99.8,0,0,0,22.29,22.44,0.033
"2022-04-05 05:00:00",15904,12.81,100.3004,0.06,14.44,1.392,22,99.9,0,0,0,21.8,22.16,0.033
"2022-04-05 06:00:00",15905,12.78,100.3359,0.52,15.91,4.037,21.6,92.7,0,0.02,0,21.63,21.82,0.033
"2022-04-05 07:00:00",15906,12.77,100.3565,0.547,13.03,5.511,21.9,87.8,57.15,2.528,0,21.57,21.86,0.033
"2022-04-05 08:00:00",15907,13.1,100.4016,1.478,6.536,17.9,24.63,72.57,261.9,10.72,0,22.44,23.56,0.033
"2022-04-05 09:00:00",15908,13.7,100.3876,1.86,348.1,21.15,27.48,61.29,478.4,20.99,0,25.24,27.44,0.033
"2022-04-05 10:00:00",15909,14.09,100.3708,1.861,342.6,27.95,29.3,58.94,655.7,29.91,0,29.82,31.54,0.033
"2022-04-05 11:00:00",15910,14.09,100.313,1.772,330.5,29.25,31.24,51.45,781.1,36.75,0,33.37,34.89,0.033
"2022-04-05 12:00:00",15911,14.08,100.201,1.771,338.4,39.52,33.12,47.39,846,40.26,0,36.18,37.65,0.033
"2022-04-05 13:00:00",15912,14.09,100.0965,1.445,329.6,32.03,34.63,41.46,837,39.81,0,38.55,39.33,0.033
"2022-04-05 14:00:00",15913,14.03,100.0112,0.906,317.5,48.7,36.08,34.41,755.1,34.95,0,38.62,39.48,0.033
"2022-04-05 15:00:00",15914,14.05,100.0288,2.018,52.12,26.2,34.46,63.05,610.2,27.66,0,37.59,39.47,0.033
"2022-04-05 16:00:00",15915,14.14,100.0611,2.086,36.25,20.16,31.43,69.37,417.2,18.06,0,34.24,36.12,0.033
"2022-04-05 17:00:00",15916,13.1,100.094,1.88,33.13,14.09,28.88,81.2,193.3,8.04,0,28.68,30.97,0.033
"2022-04-05 18:00:00",15917,12.96,100.1508,1.304,31.09,11.14,26.45,90.2,12.62,1.2,0,26.71,27.61,0.033
"2022-04-05 19:00:00",15918,12.94,100.2482,0.343,28.92,6.76,25.08,96.7,0,0,0,25.72,26.33,0.033
"2022-04-05 20:00:00",15919,12.91,100.3781,0.165,26.67,9.41,24.3,98.7,0,0,0,24.85,25.28,0.032
"2022-04-05 21:00:00",15920,12.92,100.4917,0.2,12.22,13.48,24.21,98.8,0,0,0,24.93,25.2,0.033
"2022-04-05 22:00:00",15921,12.92,100.5242,0.001,40.07,0,24.79,98.8,0,0,0,25.61,25.87,0.032
"2022-04-05 23:00:00",15922,12.87,100.5404,0.002,40,0,24.62,99.5,0,0,0,25.45,25.61,0.032
"2022-04-06 00:00:00",15923,12.89,100.5485,0.007,40,0,24.32,100,0,0,0,24.4,25.22,0.032
"2022-04-06 01:00:00",15924,12.88,100.5242,0.207,39.93,0.017,23.99,100,0,0,0,24.39,24.5,0.032
"2022-04-06 02:00:00",15925,12.84,100.5161,0.118,39.91,0.009,23.46,100,0,0,0,23.99,24.2,0.032
"2022-04-06 03:00:00",15926,12.85,100.4917,0.254,39.91,0.047,23.12,100,0,0,0,23.74,23.92,0.032
"2022-04-06 04:00:00",15927,12.79,100.4836,0.285,39.92,0.019,22.83,100,0,0,0,23.47,23.58,0.032
"2022-04-06 05:00:00",15928,12.77,100.508,0.282,39.84,0.048,22.91,100,0,0,0,23.5,23.61,0.032
"2022-04-06 06:00:00",15929,12.77,100.508,0.217,39.83,0.044,23.14,100,0.081,0.007,0,23.81,24.01,0.032
"2022-04-06 07:00:00",15930,12.73,100.5404,0.356,39.84,0.074,23.27,100,17.08,0.958,0,24.04,24.16,0.032
"2022-04-06 08:00:00",15931,12.79,100.581,0.375,39.87,0.078,23.97,98,64.32,3.712,0,24.27,24.73,0.032
"2022-04-06 09:00:00",15932,12.98,100.5784,0.341,40.24,0.188,26.81,79.04,371.3,18.09,0,25.2,26.89,0.032
"2022-04-06 10:00:00",15933,13.88,100.5756,0.652,40.41,4.228,29.36,78.17,440.7,22.89,0,29.75,31.54,0.032
"2022-04-06 11:00:00",15934,13.85,100.5345,0.695,38.94,0.535,29.57,75.16,379.7,21.07,0,31.92,32.18,0.032
"2022-04-06 12:00:00",15935,13.99,100.4465,0.774,347.5,43.94,30.97,66.03,497.6,26.87,0,32.56,33.4,0.032
"2022-04-06 13:00:00",15936,13.98,100.3391,0.817,334.7,20.95,32.32,61.81,592.1,31.06,0,33.59,35.1,0.032
"2022-04-06 14:00:00",15937,13.94,100.2709,1.097,354.2,45.45,33.28,60.41,669.2,32.22,0,36.4,37.46,0.032
"2022-04-06 15:00:00",15938,13.87,100.2308,1.972,48.04,25.96,32.37,71.88,529.9,25.44,0,36.3,37.3,0.032
"2022-04-06 16:00:00",15939,14.17,100.1831,2.415,45.8,18.07,30.54,79.55,393.5,17.42,0,33.21,34.97,0.032
"2022-04-06 17:00:00",15940,13.2,100.1912,2.375,29.55,14.87,28.36,87.1,168.8,7.25,0,28.39,30.17,0.032
"2022-04-06 18:00:00",15941,12.97,100.1914,1.404,27.63,10.44,26.66,93,14.12,1.073,0,27,27.7,0.032
"2022-04-06 19:00:00",15942,12.95,100.1995,1.043,26.22,11.7,25.83,96.3,0,0,0,26.39,26.68,0.032
"2022-04-06 20:00:00",15943,12.94,100.2482,1.211,21.95,12.07,25.85,96.1,0,0,0,26.17,26.26,0.032
"2022-04-06 21:00:00",15944,12.9,100.3294,0.694,22.68,8.91,25.81,97.4,0,0,0,26.13,26.18,0.032
"2022-04-06 22:00:00",15945,12.93,100.3618,0.588,8.82,11.26,26.01,94.3,0,0,0,26.22,26.37,0.032
"2022-04-06 23:00:00",15946,12.92,100.3537,0.412,335,10.63,25.89,96.9,0,0,0,25.85,26.16,0.032
"2022-04-07 00:00:00",15947,12.9,100.37,0.104,324,3.313,24.96,98.3,0,0,0,24.99,25.5,0.032
"2022-04-07 01:00:00",15948,12.89,100.4024,0.001,318,0,23.93,99.5,0,0,0,23.95,24.38,0.032
"2022-04-07 02:00:00",15949,12.88,100.3862,0,0,0,23.26,100,0,0,0,23.15,23.5,0.032
"2022-04-07 03:00:00",15950,12.86,100.4024,0.026,317,0.039,23.21,100,0,0,0,23.15,23.4,0.032
"2022-04-07 04:00:00",15951,12.85,100.5566,0.69,203.2,36.98,23.59,97.7,0.001,0,0,23.6,23.95,0.032
"2022-04-07 05:00:00",15952,12.83,100.6784,1.64,178.6,17.75,23.78,90.7,0,0,0,22.58,23.36,0.032
"2022-04-07 06:00:00",15953,12.8,100.7356,1.414,192.2,23.19,22.99,93.2,0.033,0.017,0,22.46,22.53,0.032
"2022-04-07 07:00:00",15954,12.78,100.792,1.192,206.1,20.86,23.23,92.5,20.67,1.526,0,22.48,23.02,0.032
"2022-04-07 08:00:00",15955,12.82,100.9544,1.718,182.2,28.57,23.63,91.9,86.3,4.941,0,23.5,23.91,0.032
"2022-04-07 09:00:00",15956,13.1,101.0112,1.999,159.1,22.57,24.3,86.9,179.4,11.14,0,24.13,24.71,0.032
"2022-04-07 10:00:00",15957,13.55,101.0808,2.359,145,33.54,26.04,82.3,546.8,26.82,0,24.91,27.57,0.031
"2022-04-07 11:00:00",15958,13.75,101.1247,1.905,154.4,20.53,24.1,96.7,334.9,20.03,3.556,23.79,25.59,0.032
"2022-04-07 12:00:00",15959,13.89,101.1329,1.538,139.2,30.35,24.47,80.6,619.1,32.39,0.762,24.07,25.77,0.032
"2022-04-07 13:00:00",15960,13.65,101.1248,1.689,183.2,21.36,22.95,94,427.3,23.19,6.096,23.09,24.48,0.032
"2022-04-07 14:00:00",15961,14.22,101.1248,2.166,183.1,28.41,22.86,92.8,590.4,29.82,0,23.71,24.63,0.035
"2022-04-07 15:00:00",15962,14.17,101.1735,1.912,179.7,29.35,21.95,92.8,262.2,14.63,0,22.54,23.41,0.039
"2022-04-07 16:00:00",15963,13.64,101.2009,1.421,176.8,20.27,20.66,98.6,119.1,6.918,0.762,21.75,22.11,0.043
"2022-04-07 17:00:00",15964,13.04,101.2707,1.244,182.1,17.78,20.06,99,46.4,3.142,1.27,21.01,21.42,0.046
"2022-04-07 18:00:00",15965,12.98,101.3099,0.629,187,16.81,19.96,98.9,9.3,0.678,0,20.99,21.23,0.053
"2022-04-07 19:00:00",15966,12.96,101.3848,0.37,190.2,10.03,19.76,98.6,0,0,0,20.91,21.06,0.059
"2022-04-07 20:00:00",15967,12.96,101.4175,0.388,189.7,10.33,19.62,100,0,0,0.508,20.64,20.91,0.061
"2022-04-07 21:00:00",15968,12.94,101.45,0.143,178,6.573,19.48,99,0,0,0.254,20.66,20.82,0.063
"2022-04-07 22:00:00",15969,12.94,101.4906,0.602,191.8,12.74,19.38,98.5,0,0,0,20.16,20.45,0.066
"2022-04-07 23:00:00",15970,12.93,101.515,1.177,202.3,15.18,19.11,99.8,0,0,1.778,19.74,19.99,0.067
"2022-04-08 00:00:00",15971,12.92,101.5393,0.562,213.6,9.59,18.74,99.5,0,0,0.254,19.59,19.75,0.072
"2022-04-08 01:00:00",15972,12.87,101.588,0.372,209,7.428,18.41,100,0,0,2.794,19.39,19.54,0.075
"2022-04-08 02:00:00",15973,12.83,101.588,0.563,198.9,10.81,18.15,100,0,0,0.254,18.98,19.16,0.084
"2022-04-08 03:00:00",15974,12.8,101.588,0.442,202,9.14,18.07,99.7,0,0,1.778,18.99,19.14,0.086
"2022-04-08 04:00:00",15975,12.82,101.588,0.588,199.8,12.14,17.66,99.4,0,0,0,18.44,18.7,0.09
"2022-04-08 05:00:00",15976,12.79,101.6205,0.796,202.9,16.23,17.55,99.3,0.019,0,0,18.27,18.48,0.09
"2022-04-08 06:00:00",15977,12.77,101.6854,0.601,200.1,10.2,17.3,98.6,0.46,0.011,0,18.17,18.33,0.089
"2022-04-08 07:00:00",15978,12.78,101.7747,0.947,201.5,13.46,17.44,99.6,15.13,0.852,2.54,18.11,18.31,0.088
"2022-04-08 08:00:00",15979,12.79,101.7828,0.793,202.7,12.94,17.83,97.8,105.1,5.973,0,18.39,18.87,0.092
"2022-04-08 09:00:00",15980,13.47,101.8,1.57,200.7,25.22,19.65,91.9,346.4,17.88,0.254,19.56,20.48,0.093
"2022-04-08 10:00:00",15981,14.03,101.8383,1.663,192.3,25.75,21.39,86.4,545.6,28.21,0,20.41,21.99,0.091
"2022-04-08 11:00:00",15982,14.08,101.8063,1.727,191.8,27.05,21.89,83.9,442.2,25.5,0,21.98,22.94,0.09
"2022-04-08 12:00:00",15983,14.1,101.806,1.697,181,25.44,22.36,81.1,429.1,24,0,22.72,23.61,0.089
"2022-04-08 13:00:00",15984,14.15,101.7575,1.544,173,21.58,23,79.33,398.9,23.12,0,24.32,24.72,0.088
"2022-04-08 14:00:00",15985,13.98,101.7254,1.048,168.3,12.56,22.09,86.4,157.9,9.9,0,22.96,23.46,0.086
"2022-04-08 15:00:00",15986,14.06,101.6929,0.93,162.9,14.52,22.46,80.4,176.1,11.37,0,23.11,23.56,0.085
"2022-04-08 16:00:00",15987,13.31,101.6686,0.846,154.1,16.59,22.38,84.8,132.9,7.719,0,22.85,23.44,0.085
"2022-04-08 17:00:00",15988,13.08,101.7497,1.035,165.2,16.37,22.69,94,131.8,4.891,0.254,22.55,23.57,0.084
"2022-04-08 18:00:00",15989,12.97,101.7773,0.148,158,5.622,19.73,99.4,1.178,0.103,8.89,20.73,21.42,0.084
"2022-04-08 19:00:00",15990,12.96,101.791,0.362,179.4,5.463,19.38,100,0,0,1.27,20.31,20.43,0.105
"2022-04-08 20:00:00",15991,12.94,101.8478,0.72,192.8,8.7,18.95,99.8,0,0,0,19.5,19.95,0.102
"2022-04-08 21:00:00",15992,12.93,101.8721,0.642,204,8.5,18.45,100,0,0,5.08,19.25,19.47,0.097
"2022-04-08 22:00:00",15993,12.92,101.8884,0.663,198.5,21.67,18.87,100,0.01,0,16.26,19.23,19.37,0.103
"2022-04-08 23:00:00",15994,12.91,101.8229,0.178,161.3,5.218,19.33,100,0,0,4.318,19.6,19.81,0.124
"2022-04-09 00:00:00",15995,12.89,101.8312,0.332,158.3,5.769,19.48,100,0.03,0,5.588,19.74,19.99,0.108
"2022-04-09 01:00:00",15996,12.88,101.7666,0.157,164.4,5.671,19.35,99.7,0,0,1.27,19.76,19.85,0.109
"2022-04-09 02:00:00",15997,12.86,101.7341,0.319,174.4,9.7,19.57,98.5,0.141,0,1.016,19.78,19.95,0.102
"2022-04-09 03:00:00",15998,12.83,101.6934,0.223,186.6,6.257,19.34,99.6,0.435,0,0,19.8,19.93,0.097
"2022-04-09 04:00:00",15999,12.81,101.7179,0.267,192.8,6.537,18.95,99.5,0,0,0.254,19.52,19.68,0.093
"2022-04-09 05:00:00",16000,12.78,101.726,0.262,168.6,7.22,19.34,95.5,0.203,0,0.254,19.66,19.82,0.09
"2022-04-09 06:00:00",16001,12.76,101.7585,0.267,163.5,6.916,19.92,90.3,2.165,0.003,0,19.66,19.76,0.089
"2022-04-09 07:00:00",16002,12.66,101.8148,0.914,108.7,28.18,20.15,97.7,9.19,0.495,0.762,19.71,19.9,0.087
"2022-04-09 08:00:00",16003,12.74,101.8473,0.254,114.8,8.47,19.37,98.8,27.59,1.853,2.032,19.91,20.22,0.086
"2022-04-09 09:00:00",16004,12.74,101.8676,0.238,137,1.9,20.48,92.1,144.7,8.73,0,20.51,21.1,0.09
"2022-04-09 10:00:00",16005,13.53,101.8634,0.321,138.1,9.78,22.8,77.3,267,15.63,0,21.77,22.84,0.091
"2022-04-09 11:00:00",16006,13.63,101.8121,1.176,102.2,30.43,24.27,75.1,401.6,22.51,0,23.32,24.37,0.089
"2022-04-09 12:00:00",16007,13.73,101.716,0.783,108.7,22.27,23.5,85.6,231,14.2,0,23.26,24.07,0.087
"2022-04-09 13:00:00",16008,13.97,101.6681,0.815,100.8,21.88,24.06,72.69,324.7,19.73,0,23.38,24.61,0.085
"2022-04-09 14:00:00",16009,14.14,101.6421,1.319,93.6,23.87,24.56,69.72,340.6,20.09,0,25.07,25.4,0.084
"2022-04-09 15:00:00",16010,14.04,101.6278,1.229,100,17.7,23.86,71.82,198.7,12.01,0,24.23,24.62,0.083
"2022-04-09 16:00:00",16011,13.44,101.636,0.966,86.1,14.93,23.48,92.7,183,10.03,0.254,23.52,24.74,0.082
"2022-04-09 17:00:00",16012,13.02,101.6605,0.543,96.1,7.432,21.8,81.4,54.45,3.24,0,21.9,22.55,0.081
"2022-04-09 18:00:00",16013,12.98,101.7173,0.66,110.7,12.85,22,73.87,8.37,0.541,0,21.06,21.62,0.081
"2022-04-09 19:00:00",16014,12.96,101.7741,0.407,107.5,8.35,21.92,77.36,0,0,0,20.73,20.88,0.08
"2022-04-09 20:00:00",16015,12.95,101.7985,0.137,122.3,3.301,21.76,82.5,0,0,0,20.73,20.89,0.08
"2022-04-09 21:00:00",16016,12.93,101.8004,0.635,60.5,23.22,21.13,96.1,0,0,2.794,20.86,21.03,0.079
"2022-04-09 22:00:00",16017,12.89,101.7879,0.37,47.25,4.714,19.92,93.4,0.18,0,0.508,20.57,20.84,0.079
"2022-04-09 23:00:00",16018,12.87,101.758,0.111,52.96,0.859,19.81,89.2,0.062,0,0,20.17,20.47,0.088
"2022-04-10 00:00:00",16019,12.88,101.7178,0.056,53.94,0.11,19.77,87.7,1.024,0,0,19.73,19.92,0.089
"2022-04-10 01:00:00",16020,12.84,101.6854,0.036,54.21,0.057,19.86,87.2,0.635,0,0,19.45,19.56,0.088
"2022-04-10 02:00:00",16021,12.85,101.6691,0.001,54.2,0,20.09,87.5,1.469,0,0,19.66,19.81,0.087
"2022-04-10 03:00:00",16022,12.85,101.5961,0.027,43.05,1.723,19.28,95.2,0.063,0,0,19.68,19.83,0.086
"2022-04-10 04:00:00",16023,12.8,101.5555,0.205,46.68,6.244,18.81,98.1,0.111,0,0,19.5,19.68,0.085
"2022-04-10 05:00:00",16024,12.79,101.5637,0.217,49.3,6.274,18.94,99.6,0,0,3.302,19.44,19.65,0.084
"2022-04-10 06:00:00",16025,12.75,101.6123,0.04,57.91,1.587,19.28,99.7,0.078,0.008,0,19.91,20.07,0.091
"2022-04-10 07:00:00",16026,12.71,101.6107,0.112,61.42,0.171,19.95,93.1,35.57,1.631,0,19.98,20.36,0.092
"2022-04-10 08:00:00",16027,12.88,101.693,0.709,100.9,14.18,22.27,87,141.6,7.505,0,21.04,21.57,0.091
"2022-04-10 09:00:00",16028,13.44,101.7083,0.634,130.3,27.5,23.47,80.5,250.6,13.57,0,22.31,23.18,0.09
"2022-04-10 10:00:00",16029,13.34,101.6929,0.919,83.2,13.87,22.97,86.2,238.7,13.59,1.016,22.36,23.68,0.088
"2022-04-10 11:00:00",16030,13.78,101.6641,2.071,92.7,27.17,25.41,74.01,703.2,35.14,0,24.07,25.9,0.089
"2022-04-10 12:00:00",16031,13.93,101.5586,2.073,95.2,23.54,25.16,72.1,471.1,26.8,0,25.34,26.01,0.089
"2022-04-10 13:00:00",16032,13.74,101.5219,1.455,95.8,17.5,23.59,84.5,395,21.66,0.762,23.8,25.47,0.088
"2022-04-10 14:00:00",16033,14.13,101.4798,1.691,93.6,18.57,24.87,72.21,382.7,23.14,0,24.64,25.34,0.088
"2022-04-10 15:00:00",16034,13.4,101.4878,1.24,94.7,17.54,24.7,78.28,208.4,12.47,0,24.39,25.18,0.087
"2022-04-10 16:00:00",16035,13.25,101.4981,0.842,95.6,10.3,24.05,81.7,97.5,6.386,0,23.83,24.28,0.086
"2022-04-10 17:00:00",16036,13,101.5387,0.988,74.57,10.33,21.45,98.8,13.83,1.211,11.18,21.61,22.46,0.085
"2022-04-10 18:00:00",16037,12.97,101.5307,0.243,85.8,3.023,21.16,98,3.905,0.5,0.254,21.78,21.96,0.115
"2022-04-10 19:00:00",16038,12.95,101.5809,0.344,81.3,10.98,20.93,99.6,0.022,0,4.826,21.49,21.72,0.105
"2022-04-10 20:00:00",16039,12.92,101.5637,0.714,119.9,25.43,20.82,100,0.023,0,16.51,20.8,21.41,0.11
"2022-04-10 21:00:00",16040,12.93,101.5314,0.911,243.9,53.92,20.6,100,0.083,0,24.89,20.82,20.96,0.129
"2022-04-10 22:00:00",16041,12.92,101.5412,0.548,271,9.92,20.51,100,0.013,0,7.112,20.58,20.75,0.175
"2022-04-10 23:00:00",16042,12.91,101.5165,0.586,256.1,8,19.95,100,0.043,0,3.556,20.3,20.41,0.121
"2022-04-11 00:00:00",16043,12.89,101.5121,0.209,257.2,6.06,20.02,100,0.001,0,0.762,20.36,20.58,0.106
"2022-04-11 01:00:00",16044,12.87,101.4867,0.27,249.8,3.913,20.06,100,0,0,8.64,20.37,20.6,0.1
"2022-04-11 02:00:00",16045,12.86,101.4529,0.065,248.8,1.182,19.97,100,0,0,3.556,20.36,20.51,0.121
"2022-04-11 03:00:00",16046,12.84,101.3491,0.276,246.3,2.9,19.96,100,0,0,0.762,20.33,20.46,0.113
"2022-04-11 04:00:00",16047,12.82,101.3243,0.592,245.4,4.246,19.94,100,0,0,1.524,20.32,20.41,0.103
"2022-04-11 05:00:00",16048,12.8,101.3317,1.003,229.4,16.04,19.79,100,0.003,0,41.91,19.55,20.11,0.098
"2022-04-11 06:00:00",16049,12.76,101.4072,1.227,215,19.65,19.31,100,0.084,0,49.78,19.18,19.38,0.175
"2022-04-11 07:00:00",16050,12.75,101.3671,0.947,213.7,14.16,19.71,100,0.666,0.048,29.21,19.23,19.63,0.152
"2022-04-11 08:00:00",16051,12.73,101.411,0.396,209.3,8.47,20.75,100,4.361,0.43,7.62,19.93,20.37,0.125
"2022-04-11 09:00:00",16052,12.72,101.4181,0.586,178.7,40.14,20.66,100,16.65,1.359,3.81,20.45,20.68,0.118
"2022-04-11 10:00:00",16053,12.72,101.4185,0.716,89.4,10.2,20.53,100,7.796,0.826,16.26,20.26,20.44,0.111
"2022-04-11 11:00:00",16054,12.72,101.3447,1.34,83.7,21.29,20.3,100,7.822,0.876,33.02,19.96,20.32,0.137
"2022-04-11 12:00:00",16055,12.69,101.1903,0.875,114.3,23.84,20.54,100,12.22,1.142,6.35,20.34,20.44,0.14
"2022-04-11 13:00:00",16056,12.71,101.1575,0.53,165.5,10.74,20.86,100,78.61,5.655,6.096,20.48,21.03,0.118
"2022-04-11 14:00:00",16057,13.4,101.0745,1.498,92.3,37.4,22.61,93.3,588.6,30.21,0.508,22.54,25.53,0.116
"2022-04-11 15:00:00",16058,13.86,100.9874,2.146,69.71,20.39,24.09,86.6,548.7,27.19,0,23.96,25.6,0.105
"2022-04-11 16:00:00",16059,13.44,100.9668,0.777,54.98,11.89,23.52,92,187,9.63,0,23.47,24.19,0.098
"2022-04-11 17:00:00",16060,13.31,100.9696,0.116,53.57,0.218,22.99,93.3,96.9,5.342,0,22.59,23.13,0.094
"2022-04-11 18:00:00",16061,13.04,100.9787,0.053,53.82,0.983,22.04,96.8,14.5,0.669,0,21.78,22.25,0.092
"2022-04-11 19:00:00",16062,12.99,101.003,0.049,54.05,1.091,21.4,97.8,0,0,0,21.44,21.53,0.09
"2022-04-11 20:00:00",16063,12.98,101.0355,0.081,54.72,1.583,21.22,99.1,0,0,0,21.3,21.36,0.088
"2022-04-11 21:00:00",16064,12.96,101.0517,0.217,50.14,5.089,21.16,99.4,0,0,0,21.11,21.2,0.087
"2022-04-11 22:00:00",16065,12.94,101.0361,0.141,51.89,5.598,20.77,100,0,0,0,20.64,20.9,0.086
"2022-04-11 23:00:00",16066,12.93,100.9035,0.024,39.8,1.564,19.87,100,0,0,0,19.64,20.13,0.085
"2022-04-12 00:00:00",16067,12.9,100.898,0.012,43.74,1.545,19.17,100,0,0,0,19.07,19.23,0.084
"2022-04-12 01:00:00",16068,12.9,100.8493,0,0,0,18.48,100,0,0,0,18.21,18.67,0.083
"2022-04-12 02:00:00",16069,12.89,100.8087,0.006,41.63,1.137,18.5,100,0,0,0,18.16,18.27,0.083
"2022-04-12 03:00:00",16070,12.84,100.76,0,0,0,17.63,100,0,0,0,17.66,17.83,0.083
"2022-04-12 04:00:00",16071,12.85,100.7113,0,0,0,17.35,100,0,0,0,17.13,17.34,0.082
"2022-04-12 05:00:00",16072,12.8,100.7194,0,0,0,16.93,100,0,0,0,16.78,17.01,0.082
"2022-04-12 06:00:00",16073,12.79,100.7194,0,0,0,17.05,100,0,0.01,0,16.53,16.69,0.081
"2022-04-12 07:00:00",16074,12.79,100.7844,0,0,0,17.49,100,53.08,2.294,0,16.69,17.08,0.081
"2022-04-12 08:00:00",16075,13.07,100.8409,0.106,34.18,0.343,20.4,91.8,267.6,10.51,0,18.41,20.41,0.081
"2022-04-12 09:00:00",16076,13.62,100.8425,0.501,357.6,18.66,23.72,81.5,460.8,20.97,0,21.89,23.05,0.08
"2022-04-12 10:00:00",16077,14.13,100.8321,0.904,335.7,24.81,25.68,71.74,642.5,30.55,0,23.53,25.83,0.08
"2022-04-12 11:00:00",16078,14.11,100.7429,1.087,336.8,29.2,27.13,71.68,772.1,37.6,0,27.48,28.89,0.08
"2022-04-12 12:00:00",16079,14.17,100.6295,1.537,353.1,29.93,28.25,64.6,826,40.4,0,30.15,31.17,0.079
"2022-04-12 13:00:00",16080,14.18,100.5158,1.541,338.9,28.22,29.42,55.56,811,39.81,0,32.11,32.76,0.078
"2022-04-12 14:00:00",16081,14.16,100.4507,1.213,339.7,22.45,30.37,53.88,727.9,35.22,0,33.08,33.55,0.078
