"TOA5","Science Centre AWS","CR1000","88296","CR1000.Std.31.08","CPU:Vasi_Science Centre AWS.CR1","64103","Daily"
"TIMESTAMP","RECORD","WS_ms_S_WVT","WindDir_D1_WVT","WindDir_SD1_WVT","WS_ms_Max","AirTC_Min","AirTC_Max","RH_Min","RH_Max","SlrW_Max","SlrW_Std","CUV5_W_Max","CUV5_W_Std","CUV5_MJ_Tot","Rain_mm_Tot","T107_C_Min","T107_C_Avg","VW_Avg"
"TS","RN","meters/second","Deg","Deg","meters/second","Deg C","Deg C","%","%","W/m^2","W/m^2","W/m^2","W/m^2","MJ/m^2","mm","Deg C","Deg C",""
"","","WVc","WVc","WVc","Max","Min","Max","Min","Max","Max","Std","Max","Std","Tot","Tot","Min","Avg","Avg"
"2022-08-11 00:00:00",790,1.06,6.711,37.53,6.05,13.04,28.32,51.05,100,728.1,264.3,33.17,11.91,0.736,0,12.32,20.11,0.041
"2022-08-12 00:00:00",791,1.172,16.52,27.92,5.375,15.04,27.6,62.05,100,867,250.5,32.97,11.25,0.656,0,14.87,21.11,0.04
"2022-08-13 00:00:00",792,1.795,350.7,40.74,6.725,16.45,31.64,37.84,100,726.8,266.3,32.97,11.54,0.709,0,16.11,23,0.039
"2022-08-14 00:00:00",793,0.828,137.1,47.8,4.1,16.71,25.44,68.94,100,787.6,181.8,28.32,8.08,0.508,0,16.41,20.45,0.038
"2022-08-15 00:00:00",794,1.327,168.6,74.15,7.175,14.47,31.08,33.45,100,740.4,266.6,34.18,11.79,0.719,0,14.94,21.35,0.038
"2022-08-16 00:00:00",795,1.414,181.3,44.15,6.725,11.07,24.21,28.95,92.7,968,270.5,38.24,11.61,0.728,0,11.26,17.38,0.037
"2022-08-17 00:00:00",796,1.431,336.7,54.79,5.9,10.11,25.85,36.78,90.5,760.9,282.6,34.6,12.47,0.774,0,10.43,18.41,0.036
"2022-08-18 00:00:00",797,1.712,341.6,28.48,6.575,13.06,33.6,17.79,90.7,781.5,288,34.79,12.38,0.762,0,11.79,22.26,0.035
"2022-08-19 00:00:00",798,1.48,155.6,51.89,5.6,16.5,26.67,41.12,91.5,791.5,277.7,34.59,11.82,0.72,0,14.36,20.86,0.035
"2022-08-20 00:00:00",799,1.391,190.1,46.16,6.95,11.76,20.63,55.78,94.4,562.8,99.3,17,3.669,0.213,0,11.43,17.48,0.034
"2022-08-21 00:00:00",800,1.618,213.6,84.1,7.625,8.97,28.41,25.16,97.3,807,300.7,37.83,13.81,0.866,0,7.949,18.7,0.034
"2022-08-22 00:00:00",801,1.068,162.5,49.21,4.55,10.74,23.68,43.14,96.8,989,277.7,42.18,12.8,0.787,0,10.1,17.05,0.033
"2022-08-23 00:00:00",802,1.221,1.565,40.31,7.475,8.31,24.6,46.56,100,786.3,293.8,35.91,13.23,0.836,0,8.3,17,0.033
"2022-08-24 00:00:00",803,0.924,133.4,50.23,5,12.86,25.08,46.8,97.7,1009,272.7,41.27,12.69,0.736,0,12.44,17.84,0.032
"2022-08-25 00:00:00",804,1.055,7.795,48.01,5.975,11.22,26.69,46.2,100,1074,298.6,45.31,13.79,0.874,0,12.28,19.51,0.032
"2022-08-26 00:00:00",805,1.474,356.7,32.87,6.5,11.34,28.62,45.08,100,795,293.3,36.11,12.7,0.807,0,12.01,20.39,0.032
"2022-08-27 00:00:00",806,0.974,139.7,60.97,4.475,14.21,27.06,55.29,100,945,253.4,36.41,11.2,0.697,0,13.05,20.03,0.032
"2022-08-28 00:00:00",807,1.342,23.25,62.77,5.9,13.36,31.02,42.04,100,746,277.1,31.76,11.52,0.73,0,13.85,21.9,0.031
"2022-08-29 00:00:00",808,1.306,99.3,79.29,4.175,18.59,25.92,67.3,100,948,202.9,34.59,8.67,0.557,0,18.54,22.17,0.031
"2022-08-30 00:00:00",809,1.782,150.6,90.4,6.575,18.25,28.98,55.5,100,753.5,277.6,32.77,11.95,0.759,0,17.79,22.43,0.031
"2022-08-31 00:00:00",810,1.675,173.8,40.93,5.825,10.12,20.76,51.09,97.8,745.4,142.4,29.24,6.99,0.406,1.27,9.1,16.04,0.031
"2022-09-01 00:00:00",811,1.674,188.7,44.77,6.35,10.53,23.24,41.08,86.7,1149,261.9,49.47,12.3,0.761,0,9.69,17.43,0.03
"2022-09-02 00:00:00",812,1.118,147.8,69.91,4.925,12.34,24.92,43.07,99.5,999,301.7,43.9,13.88,0.847,0,11.85,18.21,0.03
"2022-09-03 00:00:00",813,1.848,349.3,35.07,7.4,10.28,26.83,43.92,100,825,308.5,37.63,13.6,0.869,0,10.6,19.3,0.03
"2022-09-04 00:00:00",814,1.247,11.18,59.99,6.05,14.28,29.61,36.43,100,791,298.6,34.59,12.75,0.825,0,14.41,20.47,0.03
"2022-09-05 00:00:00",815,1.487,13.09,31.31,6.35,12.37,28.58,48.88,100,819,301.5,36.82,13.04,0.82,0,12.61,21.01,0.03
"2022-09-06 00:00:00",816,1.734,21.76,80.4,5.75,16.18,34.86,28.83,100,827,307.3,36.21,13.1,0.826,0,15.05,23.21,0.03
"2022-09-07 00:00:00",817,1.179,152.5,35.41,6.2,14.09,25.56,55.96,97.1,1102,305.1,46.73,13.84,0.842,0,14.19,20.58,0.03
"2022-09-08 00:00:00",818,0.951,56.7,42.55,6.2,12.83,24.9,53.82,99.7,995,237.2,41.38,10.4,0.646,0,12.92,19.26,0.029
"2022-09-09 00:00:00",819,1.577,6.367,28.93,8.9,13.13,27.77,52.66,100,806,301.7,35.6,12.94,0.831,0,13.54,20.88,0.029
"2022-09-10 00:00:00",820,1.702,17.49,27.05,7.625,16.29,28.27,54.68,100,817,304.9,36.31,13.23,0.851,0,15.93,22.08,0.029
"2022-09-11 00:00:00",821,1.275,17.52,23.92,6.425,15.96,30.07,47.85,100,852,318.4,38.84,14.01,0.902,0,15.8,22.69,0.029
"2022-09-12 00:00:00",822,1.368,137.5,67.43,5.45,17.49,30.82,53.25,99.9,817,304.8,35.4,12.8,0.814,0,16.54,23.79,0.029
"2022-09-13 00:00:00",823,1.51,168.6,37.92,5.6,17.19,24.57,63.91,100,1103,194.7,43.3,9.43,0.53,5.334,17.85,21.09,0.029
"2022-09-14 00:00:00",824,0.908,131.9,36.16,4.25,16.94,23.14,61.22,100,587.8,128.6,28.83,7.066,0.402,13.46,17.64,19.4,0.082
"2022-09-15 00:00:00",825,1.05,14.71,52.07,5.375,15.43,24.55,61.35,100,1249,207.3,50.89,9.89,0.595,0.508,15.44,19.84,0.081
