"TOA5","Science Centre AWS","CR1000","88296","CR1000.Std.31.08","CPU:Vasi_Science Centre AWS.CR1","64103","Hourly"
"TIMESTAMP","RECORD","BattV_Min","BP_kPa","WS_ms_S_WVT","WindDir_D1_WVT","WindDir_SD1_WVT","AirTC_Avg","RH","SlrW_Avg","CUV5_W_Avg","Rain_mm_Tot","T107_C_Min","T107_C_Avg","VW_Avg"
"TS","RN","Volts","kPa","meters/second","Deg","Deg","Deg C","%","W/m^2","W/m^2","mm","Deg C","Deg C",""
"","","Min","Smp","WVc","WVc","WVc","Avg","Smp","Avg","Avg","Tot","Min","Avg","Avg"
"2022-02-09 17:00:00",14596,13.92,100.0696,2.132,51.45,20.73,29.86,74.98,438.4,19.22,0,32.68,34.11,0.065
"2022-02-09 18:00:00",14597,12.99,100.1282,1.915,59.46,14.84,28.18,83.9,132.6,7.478,0,28.08,29.56,0.064
"2022-02-09 19:00:00",14598,12.92,100.205,1.034,66.36,8.19,26.31,91,8.76,0.971,0,26.84,27.39,0.064
"2022-02-09 20:00:00",14599,12.9,100.2726,0.344,64.36,2.812,24.74,94.5,0,0,0,25.56,26.22,0.064
"2022-02-09 21:00:00",14600,12.92,100.37,0.094,64.75,1.186,24,98.4,0,0,0,24.13,24.97,0.064
"2022-02-09 22:00:00",14601,12.88,100.4187,0.165,62.99,2.505,23.08,99.3,0,0,0,23.15,23.54,0.064
"2022-02-09 23:00:00",14602,12.9,100.4673,0.003,66.14,0.212,22.26,99.9,0,0,0,22.92,23.22,0.063
"2022-02-10 00:00:00",14603,12.88,100.4592,0.002,67.35,0.001,21.59,100,0,0,0,22.29,22.66,0.063
"2022-02-10 01:00:00",14604,12.87,100.4445,0,0,0,21.16,100,0,0,0,21.83,22.11,0.063
"2022-02-10 02:00:00",14605,12.85,100.4385,0,0,0,20.66,100,0,0,0,21.35,21.65,0.063
"2022-02-10 03:00:00",14606,12.83,100.4581,0.004,67.53,0.009,20.82,100,0,0,0,21.05,21.24,0.063
"2022-02-10 04:00:00",14607,12.82,100.5081,0.013,67.6,0.002,21.28,100,0,0,0,21.25,21.69,0.063
"2022-02-10 05:00:00",14608,12.79,100.533,0.001,67.52,0,21.31,100,0,0,0,21.53,21.88,0.063
"2022-02-10 06:00:00",14609,12.77,100.5786,0,0,0,20.38,100,7.961,0.672,0,21.25,21.43,0.063
"2022-02-10 07:00:00",14610,12.78,100.6444,0.09,66.51,0.218,22.18,100,135.6,6.883,0,21.44,22.98,0.063
"2022-02-10 08:00:00",14611,13.12,100.6538,0.449,55.53,8.69,25.62,86.9,396.5,17.73,0,24.76,25.9,0.063
"2022-02-10 09:00:00",14612,13.55,100.6942,0.509,30.31,14.67,28,76.2,545.5,25.33,0,26.61,27.81,0.063
"2022-02-10 10:00:00",14613,14.03,100.678,1.255,59.55,20.89,29.98,68.77,952,43.1,0,28.73,32.05,0.063
"2022-02-10 11:00:00",14614,13.92,100.597,1.578,58.5,20.87,30.42,67.79,932,45.88,0,34.52,35.69,0.062
"2022-02-10 12:00:00",14615,14.02,100.5319,1.868,59.07,28.77,30.35,66.56,884,45.84,0,34.05,35.06,0.062
"2022-02-10 13:00:00",14616,13.97,100.492,2.179,52.85,22.11,30.71,68.61,1027,51.8,0,34.77,36.59,0.061
"2022-02-10 14:00:00",14617,14.12,100.4184,2.407,48.2,24.7,30.61,72.14,988,48.78,0,37.47,37.93,0.06
"2022-02-10 15:00:00",14618,14.1,100.3696,2.795,51.17,21.57,30.14,71.71,855,41.46,0,36.45,37.46,0.06
"2022-02-10 16:00:00",14619,14.1,100.3381,2.88,52.81,21.26,29.92,72.66,665.5,30.99,0,35.06,35.88,0.059
"2022-02-10 17:00:00",14620,14.06,100.3292,2.599,47.28,23.45,29.51,71.08,432.7,18.82,0,32.61,33.74,0.059
"2022-02-10 18:00:00",14621,12.98,100.3306,2.161,39.71,18.89,28.02,79.99,129.5,7.353,0,27.66,29.31,0.059
"2022-02-10 19:00:00",14622,12.91,100.4002,1.571,31.31,12.46,26.03,87.9,8.25,0.947,0,26.13,26.89,0.058
"2022-02-10 20:00:00",14623,12.93,100.4755,1.128,26.59,10.9,24.74,90.9,0,0,0,25.16,25.63,0.058
"2022-02-10 21:00:00",14624,12.92,100.5323,0.569,24.95,8.68,24.08,94.3,0,0,0,24.77,24.97,0.058
"2022-02-10 22:00:00",14625,12.9,100.5648,0.026,6.368,0.036,22.63,96.5,0,0,0,23.4,24.15,0.058
"2022-02-10 23:00:00",14626,12.87,100.5729,0.011,6.23,0.01,22.17,98.4,0,0,0,23.1,23.38,0.058
"2022-02-11 00:00:00",14627,12.86,100.5972,0.148,6.044,0.058,22,99,0,0,0,23.02,23.11,0.057
"2022-02-11 01:00:00",14628,12.87,100.5972,0.059,5.818,0.015,21.79,99.9,0,0,0,22.88,23.04,0.057
"2022-02-11 02:00:00",14629,12.85,100.6136,0.005,5.809,0.002,21.7,100,0,0,0,22.67,22.87,0.057
"2022-02-11 03:00:00",14630,12.84,100.6135,0.005,5.839,0.004,21.7,100,0,0,0,22.73,22.94,0.057
"2022-02-11 04:00:00",14631,12.82,100.6226,0,0,0,20.9,100,0,0,0,21.08,21.93,0.057
"2022-02-11 05:00:00",14632,12.79,100.7148,0,0,0,20.16,100,0,0,0,20.66,20.94,0.057
"2022-02-11 06:00:00",14633,12.76,100.76,0,0,0,19.78,100,7.925,0.619,0,20.57,20.67,0.057
"2022-02-11 07:00:00",14634,12.77,100.8002,0.025,5.892,0.01,22.54,93.2,136.2,6.764,0,20.92,22.86,0.057
"2022-02-11 08:00:00",14635,13.11,100.8078,0.48,1.414,4.83,25.78,82.2,354,16.63,0,24.91,25.47,0.057
"2022-02-11 09:00:00",14636,13.44,100.824,1.104,332.6,20.94,27.32,72.06,534,26.4,0,26.25,27.24,0.056
"2022-02-11 10:00:00",14637,13.61,100.8078,1.146,359,23.63,29.07,67.79,801,39.42,0,29.52,31.27,0.056
"2022-02-11 11:00:00",14638,14.03,100.7348,1.465,31.86,25.9,30.4,57.46,983,48.21,0,32.82,35.1,0.056
"2022-02-11 12:00:00",14639,14.05,100.6861,1.643,31.05,32.88,31.46,62.93,1057,50.82,0,35.96,36.6,0.055
"2022-02-11 13:00:00",14640,14.16,100.6547,2.597,57.1,25.06,31.26,68.77,1061,52.07,0,36.71,37.67,0.055
"2022-02-11 14:00:00",14641,14.19,100.6051,2.54,52.9,24.38,31.3,67.73,993,48.27,0,38.04,39.22,0.054
"2022-02-11 15:00:00",14642,14.09,100.5969,2.627,50.1,23.07,30.83,68.57,854,41.01,0,37.41,37.96,0.053
"2022-02-11 16:00:00",14643,14.08,100.589,2.579,54.77,18.91,30.24,70.43,658.7,30.45,0,35.78,36.78,0.052
"2022-02-11 17:00:00",14644,14.07,100.5974,2.731,51.36,22.7,29.25,73.84,425.7,18.42,0,31.98,34.08,0.051
"2022-02-11 18:00:00",14645,12.98,100.6246,2.319,44.72,15.73,27.7,81.9,127,7.146,0,27.77,29.16,0.051
"2022-02-11 19:00:00",14646,12.92,100.7018,1.327,41.29,10.42,26.1,88,7.921,0.89,0,26.45,27.13,0.051
"2022-02-11 20:00:00",14647,12.94,100.7677,0.34,35.52,4.595,24.73,93.9,0,0,0,25.57,26.13,0.05
"2022-02-11 21:00:00",14648,12.92,100.8001,0.002,42.14,0.011,23.43,95.8,0,0,0,23.93,24.7,0.05
"2022-02-11 22:00:00",14649,12.91,100.8569,0.06,27.81,1.376,22.84,98,0,0,0,23.17,23.42,0.05
"2022-02-11 23:00:00",14650,12.9,100.8407,0.05,25.68,0.016,22.37,98.8,0,0,0,23.25,23.38,0.05
"2022-02-12 00:00:00",14651,12.88,100.9057,0.028,37.22,2.674,22.04,99.9,0,0,0,22.78,23.13,0.05
"2022-02-12 01:00:00",14652,12.87,100.8975,0.003,51.14,0,22.28,99.7,0,0,0,23.34,23.83,0.05
"2022-02-12 02:00:00",14653,12.86,100.9138,0,0,0,21.99,100,0,0,0,23,23.43,0.05
"2022-02-12 03:00:00",14654,12.84,100.8813,0,0,0,21.55,100,0,0,0,22.58,23.07,0.05
"2022-02-12 04:00:00",14655,12.82,100.9239,0,0,0,20.72,100,0,0,0,22.04,22.22,0.05
"2022-02-12 05:00:00",14656,12.79,100.9241,0,0,0,20.93,100,0,0,0,21.68,21.81,0.05
"2022-02-12 06:00:00",14657,12.77,100.9801,0,0,0,21.1,100,6.879,0.61,0,21.51,21.69,0.049
"2022-02-12 07:00:00",14658,12.78,101.0348,0.061,34.9,0.03,23.36,91.3,132.5,6.53,0,21.92,23.54,0.05
"2022-02-12 08:00:00",14659,13.09,101.0513,0.412,357.2,26.9,26.44,79.08,384.3,17.49,0,25.02,25.71,0.049
"2022-02-12 09:00:00",14660,13.47,101.0675,0.722,25.04,32.83,28.37,72.81,541,26.02,0,26.49,28.4,0.049
"2022-02-12 10:00:00",14661,13.63,101.0188,0.921,58.81,21.11,29.35,73.78,664.8,33.17,0,28.76,31.55,0.049
"2022-02-12 11:00:00",14662,14.03,100.9863,1.593,71.07,17.55,30.49,65.76,1033,48.38,0,30.82,35.28,0.048
"2022-02-12 12:00:00",14663,13.99,100.954,1.897,79.73,23.93,30.8,68.51,982,48.48,0,35.87,37.64,0.048
"2022-02-12 13:00:00",14664,14.09,100.9052,2.365,64.52,19.7,30.54,70.11,1138,55.39,0,35.91,38.13,0.047
"2022-02-12 14:00:00",14665,14,100.8489,2.424,76.45,22.99,30.13,70.25,990,48.37,0,37.81,38.47,0.046
"2022-02-12 15:00:00",14666,14.08,100.8081,2.309,66.51,23.57,29.86,67.49,838,40.51,0,36.56,37.72,0.045
"2022-02-12 16:00:00",14667,14.08,100.7838,2.312,57.58,23.45,29.51,69.5,654.2,30.49,0,35.62,36.8,0.045
"2022-02-12 17:00:00",14668,14.09,100.7685,2.315,65.17,19.47,28.69,71.77,423.3,18.47,0,32.98,34.11,0.044
"2022-02-12 18:00:00",14669,12.99,100.7804,2.129,55.76,14.72,27.19,79.27,125.6,7.183,0,27.51,29.41,0.044
"2022-02-12 19:00:00",14670,12.92,100.7998,0.652,54.1,7.689,25.14,88.1,7.261,0.863,0,26.25,26.96,0.043
"2022-02-12 20:00:00",14671,12.93,100.8164,0.004,45.43,0,23.16,93.6,0,0,0,24.41,25.23,0.043
"2022-02-12 21:00:00",14672,12.91,100.8735,0,0,0,22.13,96.1,0,0,0,22.78,23.53,0.043
"2022-02-12 22:00:00",14673,12.87,100.8819,0.049,47.14,2.511,21.81,97.9,0,0,0,22.14,22.4,0.043
"2022-02-12 23:00:00",14674,12.87,100.8572,0.096,59.19,6.012,21.3,98.5,0,0,0,22.31,22.37,0.043
"2022-02-13 00:00:00",14675,12.86,100.8179,0.029,68.9,1.653,21.28,98.6,0,0,0,22.15,22.28,0.043
"2022-02-13 01:00:00",14676,12.86,100.7679,0.06,52.87,4.595,21.65,97.4,0,0,0,22.18,22.6,0.043
"2022-02-13 02:00:00",14677,12.82,100.704,0.086,48.69,4.704,21.46,99,0,0,0,22.06,22.4,0.042
"2022-02-13 03:00:00",14678,12.81,100.7136,0.003,42.68,0.03,21.03,99.7,0,0,0,21.54,21.83,0.042
"2022-02-13 04:00:00",14679,12.8,100.7109,0.018,50.66,2.547,21.16,99.6,0,0,0,21.54,21.96,0.042
"2022-02-13 05:00:00",14680,12.78,100.7434,0.045,40.85,0.031,21.45,99.4,0,0,0,22.4,22.59,0.042
"2022-02-13 06:00:00",14681,12.72,100.7758,0.029,41.2,0.037,21.65,98.5,5.905,0.504,0,22.59,22.79,0.042
"2022-02-13 07:00:00",14682,12.77,100.8245,0.084,40.87,0.057,22.61,91.8,107.2,5.912,0,22.97,23.61,0.042
"2022-02-13 08:00:00",14683,13.03,100.8485,0.935,6.895,31.83,25.75,79.41,395.3,17.93,0,24.3,25.53,0.042
"2022-02-13 09:00:00",14684,13.47,100.7997,1.566,348.8,26.04,27.88,70.39,623.5,29.36,0,26.97,28.89,0.042
"2022-02-13 10:00:00",14685,13.61,100.751,1.835,4.309,23.83,29.35,63.94,805,39.55,0,31.38,32.69,0.041
"2022-02-13 11:00:00",14686,13.85,100.6698,2.034,10.52,26.36,30.54,61.11,918,46.14,0,33.38,35.15,0.041
"2022-02-13 12:00:00",14687,13.94,100.5643,1.957,5.478,34.47,31.56,55.65,1028,51.52,0,35.59,36.84,0.041
"2022-02-13 13:00:00",14688,14.15,100.4752,2.362,35.34,29.97,32.07,61.89,1053,52.24,0,37.43,38.62,0.04
"2022-02-13 14:00:00",14689,14.18,100.3777,2.578,36.6,23.5,31.88,63.13,980,48.06,0,38.66,39.42,0.039
"2022-02-13 15:00:00",14690,14.07,100.3049,2.763,28.06,23.26,31.4,63.32,849,41.1,0,36.93,38.09,0.039
"2022-02-13 16:00:00",14691,14.05,100.2655,2.969,28.56,24.32,30.68,63.72,659.4,30.76,0,34.3,35.95,0.039
"2022-02-13 17:00:00",14692,14.06,100.2733,2.772,30.07,20.01,29.51,69.86,428.9,18.74,0,31.66,33.35,0.038
"2022-02-13 18:00:00",14693,12.98,100.2985,2.381,27.17,18.32,27.97,75.9,127,7.146,0,27.74,29.44,0.038
"2022-02-13 19:00:00",14694,12.95,100.3676,1.557,25.74,12.23,26.06,84,6.649,0.831,0,26.29,27.01,0.038
"2022-02-13 20:00:00",14695,12.94,100.4105,0.997,29.86,11.13,24.9,87.7,0,0,0,25.33,25.83,0.038
"2022-02-13 21:00:00",14696,12.91,100.443,0.576,28.7,8.35,24.35,89.9,0,0,0,24.82,25.1,0.038
"2022-02-13 22:00:00",14697,12.91,100.4998,0.055,26.44,2.388,23.55,95.1,0,0,0,23.69,24.33,0.037
"2022-02-13 23:00:00",14698,12.9,100.5242,0.052,13.81,0.446,22.55,97.4,0,0,0,23.25,23.41,0.037
"2022-02-14 00:00:00",14699,12.89,100.6134,0.273,11.69,10.7,22.24,97,0,0,0,23.09,23.21,0.037
"2022-02-14 01:00:00",14700,12.87,100.6459,0.489,351.2,20.96,22.24,97.7,0,0,0,22.75,23.01,0.037
"2022-02-14 02:00:00",14701,12.86,100.6216,0.26,310.1,2.52,22.13,96,0.181,0,0,22.6,22.87,0.037
"2022-02-14 03:00:00",14702,12.84,100.5972,0.029,309.2,0.019,22.68,95.9,0.013,0,0,23.52,23.77,0.037
"2022-02-14 04:00:00",14703,12.83,100.6216,0.015,309.1,0.011,22.81,96.9,0,0,0,23.57,23.84,0.037
"2022-02-14 05:00:00",14704,12.82,100.5972,0,0,0,22.85,97.6,0,0,0,23.65,23.91,0.037
"2022-02-14 06:00:00",14705,12.79,100.6946,0,0,0,22.61,97.9,5.125,0.295,0,23.67,23.91,0.037
"2022-02-14 07:00:00",14706,12.78,100.7836,0.006,309.2,0.003,23.62,90.8,77.96,3.92,0,24.19,24.69,0.037
"2022-02-14 08:00:00",14707,13.22,100.8079,0.697,194.6,32.14,26.82,78.84,364.2,16.62,0,25.52,26.92,0.037
"2022-02-14 09:00:00",14708,13.51,100.8159,0.958,177.7,25.75,29.3,72.38,609.3,29.41,0,28.34,29.36,0.037
"2022-02-14 10:00:00",14709,13.67,100.8405,1.029,173.7,27.53,29.85,86.5,483.8,25.25,0,29.93,31.69,0.037
"2022-02-14 11:00:00",14710,13.51,100.8197,0.681,168.6,15.04,26.39,89.3,366.3,21.52,3.302,27.28,28.09,0.036
"2022-02-14 12:00:00",14711,13.95,100.824,1.885,143.1,30.38,29.1,93.2,833,44.76,0.508,28.04,30.43,0.037
"2022-02-14 13:00:00",14712,14.09,100.7756,1.938,151.2,26.6,28.6,80,904,47.95,0.254,27.87,29.96,0.036
"2022-02-14 14:00:00",14713,14.05,100.7834,2.4,147.5,35.56,30.11,74.36,888,46.09,0,30.66,32.24,0.037
"2022-02-14 15:00:00",14714,14.05,100.8335,2.746,150.8,35.74,29.48,81.8,645.3,33.7,0,29.84,31.83,0.036
"2022-02-14 16:00:00",14715,13.94,100.858,2.625,156.2,29.27,27.4,79.45,241.5,16.48,0,27.53,28.47,0.036
"2022-02-14 17:00:00",14716,13.7,100.8753,2.392,156.9,32.2,27.09,79.8,209.4,12.21,0,27.22,27.83,0.036
"2022-02-14 18:00:00",14717,13.12,100.925,1.744,164,27.99,26.48,80.8,77.91,5.298,0,26.47,26.78,0.036
"2022-02-14 19:00:00",14718,12.95,100.9619,1.26,165,22.35,26.03,85.9,10.75,0.488,0,25.79,26.2,0.036
"2022-02-14 20:00:00",14719,12.91,101.0341,1.194,170,21.63,25.51,89.5,0,0,0,25.13,25.51,0.036
"2022-02-14 21:00:00",14720,12.92,101.0922,1.159,163.8,17.92,24.44,96.9,0,0,0.508,24.42,24.8,0.036
"2022-02-14 22:00:00",14721,12.92,101.1167,0.734,164.9,13.72,23.81,96.7,0,0,0,24.16,24.29,0.036
"2022-02-14 23:00:00",14722,12.91,101.1164,0.386,167.5,5.254,24.16,97.7,0,0,0,24.27,24.35,0.036
"2022-02-15 00:00:00",14723,12.85,101.1077,0.389,187.6,7.915,23.69,95.6,0,0,0,23.95,24.14,0.036
"2022-02-15 01:00:00",14724,12.84,101.1004,0.228,165.4,6.6,23.67,95.2,0,0,0,23.35,23.66,0.036
"2022-02-15 02:00:00",14725,12.87,101.1004,0.141,164.2,2.204,22.98,98.2,0,0,0,23.21,23.33,0.035
"2022-02-15 03:00:00",14726,12.85,101.0761,0.111,166.6,1.801,22.6,95,0,0,0,22.79,23.12,0.036
"2022-02-15 04:00:00",14727,12.83,101.1085,0.193,169.5,0.424,22.09,98.4,0,0,0,22.26,22.55,0.036
"2022-02-15 05:00:00",14728,12.8,101.141,0.628,195.7,16.41,21.83,99.8,0,0,0,22.16,22.2,0.036
"2022-02-15 06:00:00",14729,12.78,101.1897,0.744,211.1,9.73,21.69,100,5.714,0.515,0,21.98,22.05,0.036
"2022-02-15 07:00:00",14730,12.77,101.1978,0.712,201.3,13.68,21.97,98.1,72.13,5.673,0,22.07,22.36,0.036
"2022-02-15 08:00:00",14731,12.92,101.249,0.925,189,22.82,24.04,89.6,289.6,15.26,0,22.86,23.93,0.036
"2022-02-15 09:00:00",14732,13.48,101.2547,1.126,182.8,17.65,25.18,88.7,264.1,15.7,0,24.7,25.17,0.036
"2022-02-15 10:00:00",14733,13.44,101.2809,0.808,174.8,15.47,25.46,80.8,174.6,10.82,0,25.08,25.55,0.036
"2022-02-15 11:00:00",14734,13.78,101.2565,1.149,158.1,23.81,25.92,80.6,309.1,18.79,0,25.55,26.4,0.035
"2022-02-15 12:00:00",14735,14.06,101.238,1.756,142.6,35.36,27.36,80.7,546.4,31.51,0,27.81,28.85,0.036
"2022-02-15 13:00:00",14736,14.02,101.2072,1.127,144.4,26.45,25.84,83.7,285.4,18.07,0,26.52,27.43,0.036
"2022-02-15 14:00:00",14737,14.06,101.1656,1.306,128.4,29.8,26.71,87.1,360.2,21.56,0,26.84,28.07,0.036
"2022-02-15 15:00:00",14738,14.06,101.1339,1.492,99,29.28,25.79,85.2,307.4,18.09,0,27.54,28.45,0.036
"2022-02-15 16:00:00",14739,13.98,101.0863,1.036,137.3,21.29,26.08,81.3,192,11.26,0,26.89,27.32,0.036
"2022-02-15 17:00:00",14740,13.28,101.0932,0.935,108.3,23.82,26.33,84.2,154.4,8.43,0,26.76,27.66,0.036
"2022-02-15 18:00:00",14741,12.95,101.1033,0.66,158.8,15.4,25.49,84.4,35.03,2.088,0,25.68,26.08,0.036
"2022-02-15 19:00:00",14742,12.93,101.1238,0.4,158.4,7.672,24.41,97.8,3.164,0.243,0.254,24.41,25.24,0.036
"2022-02-15 20:00:00",14743,12.94,101.1733,0.224,164.4,5.622,23.4,99.1,0,0,1.016,24.21,24.44,0.035
"2022-02-15 21:00:00",14744,12.9,101.2303,0.05,150.2,0.978,23.41,99.9,0,0,1.524,24.67,24.84,0.035
"2022-02-15 22:00:00",14745,12.92,101.2303,0.118,157.4,5.074,23.11,100,0,0,1.524,23.91,24.6,0.036
"2022-02-15 23:00:00",14746,12.87,101.2136,0.009,164.9,1.397,23.02,100,0,0,0.762,23.93,24.14,0.036
"2022-02-16 00:00:00",14747,12.89,101.141,0.002,180.2,0.004,23.14,100,0,0,0.508,24.21,24.44,0.036
"2022-02-16 01:00:00",14748,12.87,101.1167,0.044,161.6,3.271,23.13,100,0,0,3.302,24,24.14,0.036
"2022-02-16 02:00:00",14749,12.83,101.0514,0.024,161.2,2.756,23.33,100,0,0,1.524,24.07,24.22,0.043
"2022-02-16 03:00:00",14750,12.82,100.985,0.154,183.5,2.762,23.11,100,0,0,1.778,23.54,23.91,0.073
"2022-02-16 04:00:00",14751,12.81,100.9941,0.354,201.6,6.693,22.69,100,0,0,0.508,23.16,23.46,0.083
"2022-02-16 05:00:00",14752,12.78,101.003,0.263,207.6,6.896,22.18,100,0,0,0,22.84,22.99,0.086
"2022-02-16 06:00:00",14753,12.77,101.0193,0.032,203.5,2.117,21.99,100,3.984,0.453,0.254,22.85,22.98,0.088
"2022-02-16 07:00:00",14754,12.74,101.0355,0,0,0,22.57,100,107.4,5.75,0,23.05,23.72,0.088
"2022-02-16 08:00:00",14755,13.18,101.0529,0,0,0,24.13,96.4,214,11.7,0,24.55,25.81,0.088
"2022-02-16 09:00:00",14756,13.47,101.035,0.07,23.2,3.422,26.23,81.4,470.4,23.92,0,26.36,27.42,0.088
"2022-02-16 10:00:00",14757,13.95,101.0188,1.383,38.93,30.06,28.24,73.54,772.5,37.54,0,28.54,29.63,0.087
"2022-02-16 11:00:00",14758,13.97,100.9539,1.906,32.38,22.08,29.41,75.23,973,48.5,0,30.8,31.97,0.087
"2022-02-16 12:00:00",14759,13.99,100.8889,2.216,28.94,24.49,29.43,70.24,808,42.43,0,31.33,32.42,0.085
"2022-02-16 13:00:00",14760,13.98,100.7916,2.244,25.62,24.3,29.92,67.49,1011,51.37,0,32.89,33.95,0.084
"2022-02-16 14:00:00",14761,14,100.7185,2.421,45.06,20.36,30.08,67.37,942,47.32,0,34.85,35.37,0.083
"2022-02-16 15:00:00",14762,14.11,100.6536,2.56,44.04,24.18,29.91,69.39,849,41.41,0,34.27,35.21,0.082
"2022-02-16 16:00:00",14763,14.09,100.613,2.541,42.17,23.1,29.6,67.24,660,30.91,0,32.87,34.11,0.081
"2022-02-16 17:00:00",14764,14.06,100.5887,2.309,42.1,21.49,29.02,70.2,426.6,18.64,0,31.1,32.16,0.08
"2022-02-16 18:00:00",14765,12.99,100.5759,1.975,38.27,17,27.41,82.5,124.5,6.999,0,26.71,28.18,0.079
"2022-02-16 19:00:00",14766,12.96,100.6212,1.032,38.75,10.1,25.31,91.4,5.078,0.739,0,25.61,26.08,0.078
"2022-02-16 20:00:00",14767,12.94,100.6784,0.242,39.37,4.498,23.93,95.4,0,0,0,24.95,25.29,0.078
"2022-02-16 21:00:00",14768,12.93,100.7271,0,0,0,22.94,97.5,0,0,0,23.52,24.08,0.077
"2022-02-16 22:00:00",14769,12.92,100.833,0.167,26.92,2.882,22.35,99,0,0,0,22.84,23.05,0.077
"2022-02-16 23:00:00",14770,12.9,100.8245,0.021,24.17,0.224,21.94,99.8,0,0,0,22.95,23.27,0.077
"2022-02-17 00:00:00",14771,12.89,100.8407,0.338,7.887,7.968,22.07,99.1,0,0,0,22.85,23.04,0.077
"2022-02-17 01:00:00",14772,12.88,100.7109,0.15,4.523,0.214,22.2,99.9,0,0,0,23.14,23.39,0.076
"2022-02-17 02:00:00",14773,12.87,100.6622,0,0,0,21.57,100,0,0,0,22.59,23.12,0.076
"2022-02-17 03:00:00",14774,12.85,100.6946,0.323,4.386,0.035,21.71,100,0,0,0,22.52,22.74,0.075
"2022-02-17 04:00:00",14775,12.82,100.7109,0.365,4.411,0.086,22.41,98.6,0,0,0,22.84,23.03,0.075
"2022-02-17 05:00:00",14776,12.82,100.7758,0.533,2.746,14.3,22.59,98.3,0,0,0,23.01,23.13,0.075
"2022-02-17 06:00:00",14777,12.79,100.7839,0.316,76.42,17.9,22.65,99.7,1.257,0.133,0,23,23.22,0.075
"2022-02-17 07:00:00",14778,12.77,100.8082,0.306,127.1,2.143,22.87,99.8,15.56,1.138,0,23.51,23.63,0.075
"2022-02-17 08:00:00",14779,12.76,100.8569,0.611,180.4,13.85,22.73,99.3,35.74,2.379,0.762,23.3,23.46,0.074
"2022-02-17 09:00:00",14780,12.89,100.8894,0.347,212.6,5.783,22.85,97.6,90.1,5.98,0.254,23.37,23.75,0.074
"2022-02-17 10:00:00",14781,13.25,100.8925,0.717,205.4,13.25,24.26,92,335.8,20.03,0,24.32,25.27,0.074
"2022-02-17 11:00:00",14782,13.7,100.8484,1.419,187.7,25.98,26.04,83.4,556.2,31.38,0,25.62,26.81,0.074
"2022-02-17 12:00:00",14783,14.01,100.7923,1.617,185.2,23.67,26.15,80.9,431.5,26.21,0,26.3,26.98,0.074
"2022-02-17 13:00:00",14784,14.07,100.7591,1.933,186.2,29.69,27.49,81.6,608.2,33.69,0,28.21,29.1,0.074
"2022-02-17 14:00:00",14785,14.03,100.7348,1.665,175.6,26.26,26.99,81,386.9,22.38,0,27.87,28.43,0.074
"2022-02-17 15:00:00",14786,13.9,100.68,1.401,176.7,22.23,26.39,82,284.4,16.98,0,27.09,27.6,0.074
"2022-02-17 16:00:00",14787,14.03,100.7092,1.907,157.5,23.03,24.43,98.9,209.1,12.47,1.524,24.82,25.94,0.074
"2022-02-17 17:00:00",14788,13.18,100.7188,1.039,173.3,15.97,23.71,99.2,92.2,5.439,1.27,24.4,24.81,0.073
"2022-02-17 18:00:00",14789,13.03,100.7348,1.25,163.2,19.4,23.69,93.6,70.1,3.53,0,24,24.3,0.074
"2022-02-17 19:00:00",14790,12.96,100.7757,1.149,159.1,12.51,23.55,92.9,9.84,0.516,0,23.29,23.54,0.076
"2022-02-17 20:00:00",14791,12.95,100.8564,0.939,165.9,14.14,23.73,90.9,0,0,0,23.27,23.35,0.077
"2022-02-17 21:00:00",14792,12.95,100.9135,0.867,152,11.16,23.9,86.8,0,0,0,23.05,23.21,0.078
"2022-02-17 22:00:00",14793,12.94,100.9543,0.707,157,9.76,24,87.8,0.028,0,0,23.05,23.25,0.078
"2022-02-17 23:00:00",14794,12.93,100.9706,0.583,161.1,8.54,23.55,96.3,0.008,0,0.254,23.11,23.42,0.078
"2022-02-18 00:00:00",14795,12.92,100.9625,0.572,156.9,8.72,23.08,95.8,0,0,0,22.79,23.09,0.079
"2022-02-18 01:00:00",14796,12.9,100.9462,0.21,165.9,1.892,22.15,98.9,0,0,0,22.74,22.9,0.079
"2022-02-18 02:00:00",14797,12.88,100.8975,0.471,190.5,12.81,22.16,100,0,0,0,22.69,22.82,0.079
"2022-02-18 03:00:00",14798,12.87,100.8975,0.558,205.7,10.59,22.08,99.5,0,0,0.254,22.58,22.7,0.079
"2022-02-18 04:00:00",14799,12.84,100.8732,0.4,185,28.51,22.03,100,0,0,1.524,22.54,22.72,0.079
"2022-02-18 05:00:00",14800,12.83,100.9056,0.31,155.6,26.11,21.85,100,0,0,0.762,22.38,22.67,0.081
"2022-02-18 06:00:00",14801,12.79,100.9219,0.499,202,9.9,21.6,100,4.517,0.343,0,22.18,22.28,0.085
"2022-02-18 07:00:00",14802,12.79,101.003,0.585,198.5,12.65,21.81,100,43.98,2.6,0,22.27,22.53,0.088
"2022-02-18 08:00:00",14803,12.82,101.0517,0.51,196.8,9.81,22.12,100,80.7,4.979,0.762,22.58,22.89,0.088
"2022-02-18 09:00:00",14804,13.13,101.0504,0.489,194.7,14.18,23.23,95.2,276.8,15.72,0.254,23.16,24.27,0.09
"2022-02-18 10:00:00",14805,13.71,101.0443,0.772,172.5,16.88,24.63,93,442,24.49,0,25.15,25.81,0.09
"2022-02-18 11:00:00",14806,14.1,101.035,0.756,165.2,27.99,26.06,82.7,576.4,32.17,0,25.78,27.22,0.09
"2022-02-18 12:00:00",14807,14.09,101.0113,0.896,156.4,19.07,25.95,82.6,358.2,21.89,0,26.37,26.94,0.09
"2022-02-18 13:00:00",14808,14.2,100.962,1.003,135.9,36.11,26.83,77.57,537.8,30.96,0,27.1,28.52,0.089
"2022-02-18 14:00:00",14809,14.18,100.9295,1.095,111.2,32,27.23,76.86,535.7,30.22,0,29.21,29.98,0.088
"2022-02-18 15:00:00",14810,14.09,100.8889,1.498,83.6,18.18,26.85,78.12,465.5,25.61,0,28.55,30.19,0.087
"2022-02-18 16:00:00",14811,14.09,100.8327,0.507,94.5,20.08,26.12,77.69,234.9,13.59,0,27.84,28.06,0.086
"2022-02-18 17:00:00",14812,13.38,100.8191,0.3,96,7.392,25.58,79.23,124.3,7.396,0,26.62,27.22,0.085
"2022-02-18 18:00:00",14813,13.01,100.8584,0.118,118.6,5.295,24.95,81.7,56.36,3.378,0,25.77,26.2,0.085
"2022-02-18 19:00:00",14814,12.97,100.8946,0.044,121.5,3.666,24.07,82.6,3.028,0.265,0,24.7,25.04,0.084
"2022-02-18 20:00:00",14815,12.95,100.9374,0.018,111.5,1.716,23.42,86.7,0,0,0,23.07,24.11,0.084
"2022-02-18 21:00:00",14816,12.94,101.003,0,0,0,22.04,90.8,0,0,0,22.42,22.7,0.083
"2022-02-18 22:00:00",14817,12.93,101.0598,0.002,131.8,0.002,22.49,88,0,0,0,22.64,23.1,0.083
"2022-02-18 23:00:00",14818,12.92,101.0598,0,0,0,22.73,87.5,0,0,0,23.21,23.34,0.082
"2022-02-19 00:00:00",14819,12.91,101.0274,0,0,0,22.7,88.2,0,0,0,23.25,23.31,0.082
"2022-02-19 01:00:00",14820,12.9,100.9625,0,0,0,22.54,92.8,0,0,0,23.31,23.43,0.082
"2022-02-19 02:00:00",14821,12.88,100.9219,0,0,0,22.38,90.9,0,0,0,23.24,23.35,0.082
"2022-02-19 03:00:00",14822,12.87,100.8894,0,0,0,22.43,93.7,0,0,0,23.02,23.23,0.081
"2022-02-19 04:00:00",14823,12.85,100.8732,0.008,131.7,0.008,22.46,93.7,0,0,0,23,23.11,0.081
"2022-02-19 05:00:00",14824,12.83,100.8891,0.007,131.3,0.111,22.3,95.3,0,0,0,23.12,23.45,0.081
"2022-02-19 06:00:00",14825,12.81,100.9056,0.022,132,0.033,22.28,95.3,6.603,0.337,0,22.97,23.1,0.081
"2022-02-19 07:00:00",14826,12.8,100.9543,0.09,134.3,0.247,22.57,93,45.72,2.611,0,23.19,23.29,0.081
"2022-02-19 08:00:00",14827,12.87,100.9596,0.176,135.1,0.142,23.7,88.5,156.2,8.71,0,23.4,24.22,0.08
"2022-02-19 09:00:00",14828,13.5,100.9461,0.31,182.6,16.44,25.44,74.59,367.6,20.04,0,25.07,26.22,0.08
"2022-02-19 10:00:00",14829,13.96,100.9052,0.461,72.54,28.71,27.92,60.67,693.4,36,0,28.03,29.7,0.08
"2022-02-19 11:00:00",14830,14.01,100.8159,0.827,53,21.33,29.31,62.06,863,43.35,0,32.07,33.27,0.079
"2022-02-19 12:00:00",14831,14.03,100.7429,0.913,50,15.76,29.12,65.22,689.4,36.79,0,31.39,32.81,0.079
"2022-02-19 13:00:00",14832,14.08,100.6536,1.977,46.93,26.33,29.85,65.87,1070,53.04,0,34.8,35.95,0.078
"2022-02-19 14:00:00",14833,14.07,100.54,2.376,67.21,17.33,29,68.43,819,42.22,0,33.55,35.03,0.077
"2022-02-19 15:00:00",14834,14.19,100.467,2.45,54.66,19.16,29.02,69.61,803,39.77,0,34.85,35.55,0.077
"2022-02-19 16:00:00",14835,14.19,100.402,2.815,53.39,20.15,28.27,69.22,605.8,28.61,0,32.36,33.5,0.076
"2022-02-19 17:00:00",14836,14.14,100.37,2.55,45.24,21.72,27.54,71.68,350.3,15.55,0,29.06,30.72,0.076
"2022-02-19 18:00:00",14837,13.09,100.3578,2.115,37.05,16.04,26.34,77.39,113.2,5.616,0,26.25,27.4,0.075
"2022-02-19 19:00:00",14838,12.97,100.3931,1.279,27.49,11.09,24.97,83.5,5.999,0.523,0,25.06,25.6,0.075
"2022-02-19 20:00:00",14839,12.95,100.4348,0.538,27.04,7.129,24.11,88.6,0,0,0,24.79,24.91,0.075
"2022-02-19 21:00:00",14840,12.94,100.5161,0,0,0,23.22,95,0,0,0,24,24.54,0.074
"2022-02-19 22:00:00",14841,12.93,100.4755,0,0,0,22.56,97.2,0,0,0,23.61,23.74,0.074
"2022-02-19 23:00:00",14842,12.92,100.4673,0,0,0,22.29,98.3,0,0,0,23.29,23.45,0.074
"2022-02-20 00:00:00",14843,12.9,100.4592,0.005,15.71,0.002,22.47,98.1,0,0,0,23.25,23.49,0.074
"2022-02-20 01:00:00",14844,12.89,100.4349,0.01,15.6,0.013,22.55,98.5,0,0,0,23.47,23.7,0.074
"2022-02-20 02:00:00",14845,12.88,100.4024,0.001,15.59,0,22.89,98.6,0,0,0,23.89,24.07,0.074
"2022-02-20 03:00:00",14846,12.87,100.4024,0,0,0,23.04,98.6,0,0,0,24.16,24.26,0.074
"2022-02-20 04:00:00",14847,12.85,100.37,0.001,15.62,0.001,22.87,99.5,0,0,0,23.75,24.06,0.073
"2022-02-20 05:00:00",14848,12.84,100.3537,0.003,15.71,0.001,22.64,100,0,0,0,23.57,23.71,0.073
"2022-02-20 06:00:00",14849,12.81,100.37,0.103,14.94,0.19,23.21,99.1,3.388,0.278,0,23.74,23.98,0.073
"2022-02-20 07:00:00",14850,12.81,100.3912,0.747,343.8,15.63,24.12,90.8,115.7,5.436,0,24.22,24.46,0.073
"2022-02-20 08:00:00",14851,13.1,100.386,1.697,343.5,23.04,25.8,82.6,326.6,15.72,0,24.65,25.56,0.073
"2022-02-20 09:00:00",14852,13.49,100.402,2.274,348.6,29.44,27.88,76.96,587.4,28.02,0,26.93,28.57,0.073
"2022-02-20 10:00:00",14853,13.77,100.329,2.897,3.093,27.24,28.79,67.57,758.4,38.15,0,29.4,30.81,0.073
"2022-02-20 11:00:00",14854,13.89,100.2722,2.355,355.4,33.08,30.01,63.77,787.6,40.24,0,31.83,32.64,0.072
"2022-02-20 12:00:00",14855,14,100.2316,2.421,9.34,28.82,30.94,64.45,842,43.81,0,33.54,34.31,0.071
"2022-02-20 13:00:00",14856,14.02,100.1668,2.805,26.65,24.76,30.95,69.27,938,48.73,0,33.74,34.93,0.071
"2022-02-20 14:00:00",14857,14.06,100.1264,3.031,35.13,24.61,30.74,65.88,931,47.21,0,34.94,35.85,0.071
"2022-02-20 15:00:00",14858,14.16,100.0937,2.951,37.18,23.1,30.61,67.53,811,40.17,0,35.29,35.81,0.07
"2022-02-20 16:00:00",14859,14.11,100.1262,3.008,45.79,23.11,30.06,67.91,629.1,29.8,0,33.6,34.86,0.07
"2022-02-20 17:00:00",14860,14.1,100.159,2.82,44.48,23.54,29.15,74.14,391,17.38,0,31.13,32.59,0.069
"2022-02-20 18:00:00",14861,12.99,100.1783,2.472,45.26,17.93,27.66,83.1,115.3,6.262,0,27.49,28.81,0.069
"2022-02-20 19:00:00",14862,12.96,100.2631,1.387,47.67,14.15,26.15,85.5,4.98,0.552,0,26.39,26.88,0.068
"2022-02-20 20:00:00",14863,12.9,100.3532,0.634,60.76,5.506,25.31,86.2,0,0,0,25.81,26.17,0.068
"2022-02-20 21:00:00",14864,12.93,100.4673,0.1,59.08,2.456,24.85,91.1,0,0,0,24.98,25.5,0.068
"2022-02-20 22:00:00",14865,12.93,100.5079,0.004,65.85,0.004,24.68,92.1,0,0,0,24.82,25.06,0.068
"2022-02-20 23:00:00",14866,12.91,100.5241,0,0,0,24.9,94.3,0,0,0,25.23,25.34,0.068
"2022-02-21 00:00:00",14867,12.9,100.5809,0.031,65.54,0.027,24.1,96.3,0,0,0,24.71,24.93,0.068
"2022-02-21 01:00:00",14868,12.88,100.6052,0.341,75.54,9.83,24.06,96.2,0,0,0,24.51,24.73,0.068
"2022-02-21 02:00:00",14869,12.87,100.5647,0.052,91.3,1.657,24.06,96.9,0,0,0,24.66,24.88,0.068
"2022-02-21 03:00:00",14870,12.86,100.4998,0.015,92.2,0.013,23.85,98.2,0,0,0,24.72,24.91,0.068
"2022-02-21 04:00:00",14871,12.84,100.4673,0.143,92.4,0.079,23.79,98.3,0,0,0,24.45,24.64,0.067
"2022-02-21 05:00:00",14872,12.83,100.5648,0.267,92.6,0.056,23.85,99.2,0,0,0,24.45,24.53,0.067
"2022-02-21 06:00:00",14873,12.8,100.6133,0.318,92.7,0.081,24.08,98.8,1.687,0.183,0,24.55,24.65,0.068
"2022-02-21 07:00:00",14874,12.78,100.6522,0.027,92.7,0.005,24.25,98.9,9.39,1.286,0,24.8,25.13,0.067
"2022-02-21 08:00:00",14875,12.78,100.6932,0.021,92.6,0.016,24.7,94.8,80.1,5.341,0,25.19,25.64,0.067
"2022-02-21 09:00:00",14876,13.4,100.6868,0.298,142.6,15.32,26.8,83.2,319.3,17.06,0,26.51,27.68,0.067
"2022-02-21 10:00:00",14877,13.81,100.6455,0.483,154.4,8.62,28.27,77.95,409.1,22.09,0,29.47,30.12,0.067
"2022-02-21 11:00:00",14878,14.03,100.5968,0.811,121.9,19.36,29.4,70.23,634.5,33.62,0,30.5,32.15,0.067
"2022-02-21 12:00:00",14879,14,100.5075,1.146,94.1,39.26,31.15,67.78,962,49.27,0,33.38,35.02,0.067
"2022-02-21 13:00:00",14880,13.97,100.4507,1.696,71.16,16.45,30.4,70.32,751.4,40.1,0,33.95,35.35,0.066
"2022-02-21 14:00:00",14881,14.04,100.3948,2.17,73.29,18.19,30.84,72.21,966,48.63,0,37.02,37.78,0.066
"2022-02-21 15:00:00",14882,14.13,100.3457,2.303,63.77,20.43,30.12,71.26,805,40.19,0,36.34,37.26,0.065
"2022-02-21 16:00:00",14883,14.13,100.3372,2.471,62.23,16.86,29.72,75.01,607.8,29.19,0,35.2,35.71,0.065
"2022-02-21 17:00:00",14884,14.07,100.3376,2.283,63.27,16.08,28.98,74.84,372.3,16.96,0,32.03,33.44,0.064
"2022-02-21 18:00:00",14885,13,100.3734,1.763,55.6,12.58,27.32,83.8,98.1,5.531,0,28.21,29.62,0.064
"2022-02-21 19:00:00",14886,12.91,100.4175,0.261,50.06,0.012,25.61,90.2,5.074,0.456,0,26.84,27.68,0.064
"2022-02-21 20:00:00",14887,12.95,100.4755,0.015,50.06,0,24.55,93.4,0,0,0,25.27,26.04,0.063
"2022-02-21 21:00:00",14888,12.94,100.5404,0,0,0,23.73,97.6,0,0,0,24.93,25.12,0.063
"2022-02-21 22:00:00",14889,12.93,100.6297,0.067,50.03,0.012,23.87,95.1,0,0,0,24.88,25.19,0.063
"2022-02-21 23:00:00",14890,12.92,100.6216,0,0,0,23.94,98.1,0,0,0,24.8,25.41,0.063
"2022-02-22 00:00:00",14891,12.87,100.6297,0,0,0,23.06,99.5,0,0,0,24.57,24.77,0.063
"2022-02-22 01:00:00",14892,12.89,100.5972,0,0,0,23.35,99.2,0,0,0,24.16,24.76,0.063
"2022-02-22 02:00:00",14893,12.87,100.5972,0.028,50.03,0.005,22.45,99.7,0,0,0,23.22,23.71,0.063
"2022-02-22 03:00:00",14894,12.86,100.581,0,0,0,22.07,100,0,0,0,23.14,23.3,0.063
"2022-02-22 04:00:00",14895,12.84,100.6297,0.007,50.04,0.004,22.81,98.6,0,0,0,23.27,23.71,0.063
"2022-02-22 05:00:00",14896,12.83,100.6297,0.014,50.04,0.003,23.14,98.7,0,0,0,24,24.29,0.063
"2022-02-22 06:00:00",14897,12.81,100.6865,0,0,0,22.86,97,7.515,0.164,0,23.65,23.78,0.063
"2022-02-22 07:00:00",14898,12.8,100.7839,0.007,50.02,0.003,23.82,97.4,37.81,1.818,0,23.99,24.55,0.062
"2022-02-22 08:00:00",14899,12.84,100.8484,0.117,50.04,0.031,24.77,92.4,94.5,5.582,0,25.24,25.59,0.062
"2022-02-22 09:00:00",14900,13.44,100.808,0.418,88,42.17,27.12,77.29,438,22.27,0,25.57,27.55,0.062
"2022-02-22 10:00:00",14901,14.01,100.7916,0.501,172.3,47.24,28.86,72.26,509.7,28.12,0,29.08,30.2,0.062
"2022-02-22 11:00:00",14902,14.09,100.7753,1.042,119.2,31.84,29.61,68.68,677,36.39,0,31.27,31.95,0.062
"2022-02-22 12:00:00",14903,14.01,100.7266,1.32,113.3,42.24,30.99,62.21,1011,51.35,0,32.92,34.96,0.062
"2022-02-22 13:00:00",14904,13.97,100.7185,1.472,103.1,34.03,31.54,61.76,1001,51.23,0,34.32,35.75,0.061
"2022-02-22 14:00:00",14905,14.06,100.6949,1.536,117.4,39.49,31.13,65.87,919,46.69,0,35.5,36.32,0.06
"2022-02-22 15:00:00",14906,14.12,100.6699,1.778,99,32.59,30.17,72.31,733.5,37.13,0,34.44,35.68,0.06
"2022-02-22 16:00:00",14907,14.05,100.6943,2.062,84.1,24.61,29.54,74.05,605.4,28.98,0,33.7,34.73,0.059
"2022-02-22 17:00:00",14908,13.61,100.7029,1.992,84.9,21.16,28.5,74.94,381.9,16.52,0,31.31,32.8,0.059
"2022-02-22 18:00:00",14909,13.02,100.746,1.539,76.62,12.63,27.22,82.8,121.7,6.052,0,27.46,28.78,0.058
"2022-02-22 19:00:00",14910,12.96,100.7974,0.642,63.73,0.128,25.63,89.3,4.606,0.456,0,26.36,26.79,0.058
"2022-02-22 20:00:00",14911,12.94,100.8727,0.098,63.88,0.019,24.78,90.6,0,0,0,25.36,25.9,0.058
"2022-02-22 21:00:00",14912,12.93,100.8975,0.029,63.9,0.011,23.97,93.6,0,0,0,24.45,24.92,0.058
"2022-02-22 22:00:00",14913,12.92,100.9625,0,0,0,23.01,94.5,0,0,0,23.77,24.1,0.057
"2022-02-22 23:00:00",14914,12.91,100.9625,0.002,63.88,0.002,22.67,96.2,0,0,0,23.65,23.77,0.057
"2022-02-23 00:00:00",14915,12.89,100.9552,0.001,63.88,0,22.51,97.3,0,0,0,23.26,23.58,0.057
"2022-02-23 01:00:00",14916,12.88,100.93,0.002,63.88,0.002,22.15,98.8,0,0,0,22.69,22.96,0.057
"2022-02-23 02:00:00",14917,12.87,100.9226,0.001,63.85,0.001,21.97,98.3,0,0,0,22.3,22.41,0.057
"2022-02-23 03:00:00",14918,12.85,100.9005,0.005,63.86,0,21.6,98.9,0,0,0,22.02,22.18,0.057
"2022-02-23 04:00:00",14919,12.84,100.8819,0.089,63.87,0.02,21.75,98.8,0,0,0,22.07,22.16,0.057
"2022-02-23 05:00:00",14920,12.81,100.89,0.188,63.86,0.045,21.68,99.5,0,0,0,22.19,22.28,0.057
"2022-02-23 06:00:00",14921,12.79,100.9544,0.307,63.88,0.045,21.79,99,2.448,0.326,0,22.15,22.28,0.057
"2022-02-23 07:00:00",14922,12.79,100.9706,0.518,63.92,0.127,22.14,97.6,43.86,4.726,0,22.43,22.59,0.056
"2022-02-23 08:00:00",14923,12.93,101.0049,0.768,174.8,37.03,25.18,86.4,359.4,16.15,0,22.96,24.63,0.057
"2022-02-23 09:00:00",14924,13.51,101.0188,1.005,166,33.29,28.36,73.99,673,30.51,0,25.72,27.87,0.057
"2022-02-23 10:00:00",14925,13.71,100.9863,1.036,143.7,34.34,29.42,63.32,744,36.78,0,29.4,30.71,0.056
"2022-02-23 11:00:00",14926,13.87,100.9782,1.248,136.4,40.47,29.97,64.04,775.9,40.64,0,32.15,33.14,0.056
"2022-02-23 12:00:00",14927,13.93,100.9219,1.359,108.7,30.16,30.16,68.44,819,42.88,0,33.12,34.32,0.055
"2022-02-23 13:00:00",14928,13.95,100.8651,1.456,112.7,36.91,30.29,61.07,921,47.73,0,32.27,34.39,0.055
"2022-02-23 14:00:00",14929,13.95,100.8079,1.599,116.2,39.1,30.7,64.72,969,48.18,0,35.97,36.71,0.054
"2022-02-23 15:00:00",14930,13.89,100.7515,1.696,96.8,38.82,30.13,67.82,778.3,38.67,0,35.04,36.15,0.053
"2022-02-23 16:00:00",14931,14.04,100.7368,1.434,102.1,32.25,29.95,69.03,628.9,29.66,0,34.39,34.9,0.053
"2022-02-23 17:00:00",14932,14.09,100.7611,1.574,86.8,21.43,29.02,72.84,389.2,17.3,0,31.66,33.31,0.052
"2022-02-23 18:00:00",14933,12.98,100.7559,1.495,74.28,9.61,27.03,84.3,118.1,6.181,0,26.96,28.62,0.051
"2022-02-23 19:00:00",14934,12.95,100.8001,0.207,77.34,0.013,24.68,93.7,4.52,0.48,0,24.94,26.14,0.051
"2022-02-23 20:00:00",14935,12.94,100.8813,0.01,77.33,0,23.55,95,0,0,0,24.4,24.65,0.051
"2022-02-23 21:00:00",14936,12.93,100.8651,0.008,77.33,0,23.28,95.5,0,0,0,23.51,23.97,0.051
"2022-02-23 22:00:00",14937,12.92,100.8894,0.006,77.33,0,22.96,96.3,0,0,0,23.14,23.27,0.05
"2022-02-23 23:00:00",14938,12.9,100.8978,0,0,0,22.41,97.7,0,0,0,22.51,22.8,0.05
"2022-02-24 00:00:00",14939,12.89,100.867,0.004,77.33,0,21.69,98.9,0,0,0,22.3,22.41,0.05
"2022-02-24 01:00:00",14940,12.88,100.8184,0.102,77.33,0.009,21.55,99.5,0,0,0,22.1,22.36,0.05
"2022-02-24 02:00:00",14941,12.86,100.7596,0.4,77.34,0.085,21.83,98.9,0,0,0,22.46,22.7,0.05
"2022-02-24 03:00:00",14942,12.85,100.7603,0.264,77.35,0.021,21.65,99.7,0,0,0,22.16,22.34,0.05
"2022-02-24 04:00:00",14943,12.84,100.7599,0.598,77.44,0.073,21.6,99.4,0,0,0,22.07,22.13,0.05
"2022-02-24 05:00:00",14944,12.82,100.744,0.314,77.61,0.025,21.44,99.9,0,0,0,21.97,22.02,0.05
"2022-02-24 06:00:00",14945,12.79,100.7515,0.257,77.6,0.044,21.73,99.4,4.89,0.345,0,22.03,22.15,0.05
"2022-02-24 07:00:00",14946,12.79,100.792,0.324,89.3,11.16,23.03,93.5,130.5,5.511,0,22.35,23.13,0.05
"2022-02-24 08:00:00",14947,13.1,100.7937,0.593,188.8,24.43,25.55,84.1,366.2,16.38,0,24.07,24.88,0.05
"2022-02-24 09:00:00",14948,13.5,100.8078,0.536,182.5,17.72,27.82,73,598,28.14,0,25.72,27.11,0.049
"2022-02-24 10:00:00",14949,13.68,100.7997,0.769,154.9,44.62,29.08,67.34,708.2,35.58,0,28.25,29.98,0.049
"2022-02-24 11:00:00",14950,13.92,100.7672,1.122,138.6,36.18,30.68,64.28,972,47.64,0,31.83,33.84,0.049
"2022-02-24 12:00:00",14951,13.9,100.7026,1.547,131.7,41.43,30.61,70.19,1011,50.86,0,33.45,34.76,0.048
"2022-02-24 13:00:00",14952,13.9,100.6628,1.449,116.1,41.02,30.71,64.63,1010,51.42,0,33.68,35.51,0.047
"2022-02-24 14:00:00",14953,14,100.6305,1.595,125.2,35.94,30.42,65.47,950,47.61,0,34.67,35.82,0.047
"2022-02-24 15:00:00",14954,14.1,100.565,1.675,129.6,34.58,30.08,66.96,817,40.22,0,33.77,35.08,0.046
"2022-02-24 16:00:00",14955,14,100.5658,1.66,142.1,29.97,29.2,70.57,619.2,29.43,0,31.76,33.14,0.045
"2022-02-24 17:00:00",14956,13.51,100.5915,1.569,143.8,27.03,28.17,77.81,356.6,16.73,0,28.61,30.97,0.045
"2022-02-24 18:00:00",14957,12.98,100.6276,1.15,147.2,17.36,26.58,82.6,95.5,5.895,0,26.25,27.16,0.044
"2022-02-24 19:00:00",14958,12.89,100.6621,0.235,156.2,0.479,24.56,89.8,3.551,0.438,0,24.81,25.52,0.044
"2022-02-24 20:00:00",14959,12.93,100.7108,0.038,155.6,0.007,23.08,92.9,0,0,0,23.71,24.41,0.044
"2022-02-24 21:00:00",14960,12.87,100.7758,0.062,155.6,0.022,22.58,94.3,0,0,0,23.15,23.49,0.044
"2022-02-24 22:00:00",14961,12.91,100.7758,0.254,155.6,0.018,22.47,94.6,0,0,0,22.84,23.05,0.043
"2022-02-24 23:00:00",14962,12.9,100.792,0.105,155.6,0.03,22.38,96.1,0,0,0,22.88,23.36,0.043
"2022-02-25 00:00:00",14963,12.88,100.7598,0.625,156,0.51,21.9,94.8,0,0,0,22.27,22.46,0.043
"2022-02-25 01:00:00",14964,12.82,100.6867,0.633,189.3,14.48,22.07,93.9,0,0,0,22.35,22.44,0.043
"2022-02-25 02:00:00",14965,12.86,100.6639,0.411,200.6,5.085,21.53,97.2,0,0,0,21.73,22.02,0.043
"2022-02-25 03:00:00",14966,12.81,100.6607,0.242,188.7,0.033,20.53,99,0,0,0,21.13,21.37,0.043
"2022-02-25 04:00:00",14967,12.81,100.6545,0.199,188.8,0.025,20.15,99.7,0,0,0,20.78,21.04,0.043
"2022-02-25 05:00:00",14968,12.78,100.678,0.468,188.9,0.08,19.92,99.4,0,0,0,20.47,20.68,0.043
"2022-02-25 06:00:00",14969,12.77,100.7194,0.125,189.1,0.025,19.43,99.6,3.756,0.323,0,20.36,20.47,0.043
"2022-02-25 07:00:00",14970,12.77,100.7288,0.351,197.7,7.465,21.2,89.9,129.2,5.624,0,20.45,21.42,0.043
"2022-02-25 08:00:00",14971,13.11,100.7715,1,208.5,30.68,24.53,78.58,371,16.38,0,22.62,23.83,0.043
"2022-02-25 09:00:00",14972,13.5,100.7753,1.399,186.3,30.48,26.91,71.66,617.6,28.56,0,25.12,26.79,0.042
"2022-02-25 10:00:00",14973,13.77,100.7429,1.479,171.4,30.64,28.36,64.8,737.8,36.4,0,28.52,29.68,0.042
"2022-02-25 11:00:00",14974,13.85,100.6947,1.453,168.7,37.3,29.9,57.96,918,45.57,0,30.93,32.5,0.041
"2022-02-25 12:00:00",14975,13.85,100.67,1.373,147,43.65,30.58,63.47,842,43.55,0,32.95,33.85,0.041
"2022-02-25 13:00:00",14976,14.07,100.6232,1.937,99.3,34.93,30.54,59.17,1021,51.8,0,33.25,35.16,0.041
"2022-02-25 14:00:00",14977,14.16,100.5728,1.907,108.3,37.52,30.6,60.65,924,47.02,0,35.79,36.49,0.04
"2022-02-25 15:00:00",14978,13.89,100.5726,1.772,127.1,37.86,29.9,65.51,769.6,38.82,0,33.95,34.99,0.04
"2022-02-25 16:00:00",14979,13.95,100.565,1.603,130.3,35.79,29.44,65.73,597.8,28.79,0,32.29,33.66,0.039
"2022-02-25 17:00:00",14980,13.73,100.5904,1.642,145.1,32.17,28.32,70.17,366.1,16.66,0,29.44,31.12,0.039
"2022-02-25 18:00:00",14981,12.96,100.6205,1.339,146.1,19.58,26.47,67.61,110.9,5.809,0,25.39,26.83,0.039
"2022-02-25 19:00:00",14982,12.92,100.7108,0.724,152.6,0.558,24.35,84.8,3.733,0.426,0,24.01,24.56,0.038
"2022-02-25 20:00:00",14983,12.9,100.8082,0.149,152.5,0.046,23.19,89,0,0,0,23.56,23.84,0.038
"2022-02-25 21:00:00",14984,12.89,100.8894,0.05,152.5,0,22.7,92.9,0,0,0,23.24,23.41,0.038
"2022-02-25 22:00:00",14985,12.89,100.882,0.008,152.5,0.003,22.38,94.3,0.001,0,0,22.96,23.12,0.038
"2022-02-25 23:00:00",14986,12.89,100.9057,0.096,152.5,0,21.85,97,0,0,0,22.71,23.16,0.038
"2022-02-26 00:00:00",14987,12.85,100.9311,0.402,152.5,0.015,21.07,97.4,0,0,0,21.92,22.36,0.037
"2022-02-26 01:00:00",14988,12.85,100.8823,0.416,153.1,0.451,21.22,97,0.028,0,0,21.92,22.27,0.038
"2022-02-26 02:00:00",14989,12.83,100.8679,0.206,153.7,0,21.08,93.8,0,0,0,21.99,22.19,0.037
"2022-02-26 03:00:00",14990,12.82,100.8737,0.36,153.7,0.014,21.46,91.8,0,0,0,21.96,22.11,0.037
"2022-02-26 04:00:00",14991,12.82,100.8407,0.47,153.7,0.075,21.57,92.8,0,0,0,21.68,22.07,0.037
"2022-02-26 05:00:00",14992,12.79,100.8843,0.488,153.7,0.033,20.86,92.6,0.001,0,0,21.16,21.38,0.037
"2022-02-26 06:00:00",14993,12.76,100.9303,0.704,157.6,2.556,21.29,90,2.475,0.148,0,21.35,21.64,0.037
"2022-02-26 07:00:00",14994,12.77,100.9787,0.492,159.7,0.044,21.84,88.8,35.1,2.147,0,21.92,22.34,0.037
"2022-02-26 08:00:00",14995,12.8,101.0193,0.546,160.1,0.428,22.54,87.9,61.33,3.88,0,22.83,23.2,0.037
"2022-02-26 09:00:00",14996,12.88,101.0501,0.293,168.1,2.882,23.4,85.3,93.8,6.021,0,23.56,24.16,0.037
"2022-02-26 10:00:00",14997,13.32,101.0653,0.363,171.4,4.839,24.84,82.3,184,11.5,0,24.9,25.84,0.037
"2022-02-26 11:00:00",14998,13.54,101.0457,0.541,179.3,14.28,25.72,81.3,218.7,13.82,0,26.56,27.08,0.037
"2022-02-26 12:00:00",14999,13.66,101.0192,0.644,166.3,17.14,26.72,75.18,340.7,20.51,0,27.27,28.35,0.037
"2022-02-26 13:00:00",15000,13.94,100.9701,0.869,149.7,27.17,27.62,73.33,420.5,25.02,0,29.01,29.81,0.037
"2022-02-26 14:00:00",15001,14.1,100.9214,0.984,118,27.81,27.73,70.95,360,22.55,0,29.25,29.81,0.037
"2022-02-26 15:00:00",15002,13.99,100.8565,1.15,142,32.98,29.42,63.61,803,40.09,0,29.42,32.91,0.036
"2022-02-26 16:00:00",15003,13.96,100.8808,1.293,113,36.5,29.17,67.62,596.9,28.66,0,32.6,33.18,0.036
"2022-02-26 17:00:00",15004,13.57,100.9151,0.875,120.5,36.53,27.8,71.27,292.8,15.15,0,29.01,30.91,0.036
"2022-02-26 18:00:00",15005,13.02,100.9505,0.325,114.2,14.01,26.13,82.8,105.5,5.46,0,25.75,27.14,0.036
"2022-02-26 19:00:00",15006,12.96,101.003,0.051,105,0,23.51,92.9,4.215,0.384,0,23.85,24.66,0.036
"2022-02-26 20:00:00",15007,12.94,101.0517,0,0,0,21.95,95.7,0,0,0,22.64,23.16,0.035
"2022-02-26 21:00:00",15008,12.93,101.0777,0,0,0,21.67,97,0,0,0,22.43,22.52,0.035
"2022-02-26 22:00:00",15009,12.92,101.0696,0,0,0,21.4,97.9,0,0,0,21.97,22.23,0.035
"2022-02-26 23:00:00",15010,12.9,101.0773,0.048,105,0.013,21.57,96.6,0,0,0,21.86,22.16,0.035
"2022-02-27 00:00:00",15011,12.89,101.053,0.075,105,0.021,21.69,97.7,0,0,0,21.99,22.37,0.035
"2022-02-27 01:00:00",15012,12.88,101.0042,0.277,105,0,21.23,98,0,0,0,21.75,21.94,0.035
"2022-02-27 02:00:00",15013,12.87,100.9638,0.424,105,0.031,21.26,97.8,0,0,0,21.44,21.77,0.035
"2022-02-27 03:00:00",15014,12.85,100.9561,0.406,105.1,0.026,20.83,98.8,0,0,0,21.23,21.36,0.035
"2022-02-27 04:00:00",15015,12.83,100.9314,0.127,105,0.016,20.72,99.6,0,0,0,21.25,21.49,0.035
"2022-02-27 05:00:00",15016,12.82,100.93,0.075,105,0.025,21.17,99.4,0,0,0,21.86,22.14,0.035
"2022-02-27 06:00:00",15017,12.78,100.9544,0.186,105,0.027,21.2,97.9,4.5,0.258,0,21.83,21.93,0.035
"2022-02-27 07:00:00",15018,12.78,101.0098,0.451,128.6,26.8,22.91,89.9,148.7,4.803,0,21.92,22.97,0.035
"2022-02-27 08:00:00",15019,13.39,101.0518,0.879,183.1,24.13,24.86,81.9,380.2,16.43,0,23.84,24.61,0.035
"2022-02-27 09:00:00",15020,13.6,101.0918,1.06,175.1,24.65,26.3,82.3,524.4,25.98,0,26.03,27.37,0.035
"2022-02-27 10:00:00",15021,13.92,101.0688,0.867,165.4,14.99,26.33,70.42,392.4,23.29,0,27.73,28.2,0.035
"2022-02-27 11:00:00",15022,14.09,101.035,0.994,169,32.78,27.94,63.69,593.5,32.89,0,28.98,30.49,0.035
"2022-02-27 12:00:00",15023,14.12,101.0026,0.882,136.7,27.77,28.76,65.41,557.1,31.62,0,31.18,31.79,0.035
"2022-02-27 13:00:00",15024,14.17,100.9466,1.341,110.3,33.07,28.82,66.42,645.3,35.64,0,32.29,33.09,0.035
"2022-02-27 14:00:00",15025,14.16,100.8976,1.386,104,37.18,29.22,61.53,714.2,38.06,0,32.71,34.3,0.034
"2022-02-27 15:00:00",15026,14,100.8332,1.416,75.07,18.88,28.98,65.21,563.3,30.9,0,33.12,33.87,0.034
"2022-02-27 16:00:00",15027,14.05,100.7923,1.436,81.5,23.9,28.39,69.22,473.2,24.26,0,32.04,33,0.034
"2022-02-27 17:00:00",15028,13.67,100.7755,1.631,80.2,22.9,27.99,71.55,358.6,16.23,0,30.61,32.14,0.034
"2022-02-27 18:00:00",15029,12.98,100.7872,1.134,84.5,16.37,26.39,78.17,98.1,5.334,0,26.63,27.86,0.034
"2022-02-27 19:00:00",15030,12.95,100.8001,0.187,97.8,0.019,24.23,88.6,4.324,0.364,0,24.62,25.93,0.034
"2022-02-27 20:00:00",15031,12.94,100.8082,0,0,0,22.04,95.1,0,0,0,23.1,23.66,0.034
"2022-02-27 21:00:00",15032,12.92,100.8815,0,0,0,21.19,98,0,0,0,22.29,22.68,0.033
"2022-02-27 22:00:00",15033,12.91,100.9092,0.005,97.8,0.003,21.09,97.9,0,0,0,22.02,22.16,0.033
"2022-02-27 23:00:00",15034,12.9,100.8914,0.002,97.8,0,21.48,97.3,0.024,0,0,22.1,22.67,0.033
"2022-02-28 00:00:00",15035,12.88,100.868,0.007,97.8,0.002,21.04,98.4,0,0,0,21.78,22.3,0.033
"2022-02-28 01:00:00",15036,12.87,100.8439,0.031,97.8,0,21.13,98,0,0,0,21.65,21.77,0.033
"2022-02-28 02:00:00",15037,12.86,100.7913,0,0,0,20.09,99.7,0,0,0,21.2,21.44,0.033
"2022-02-28 03:00:00",15038,12.84,100.7681,0,0,0,19.3,100,0,0,0,20.64,20.94,0.033
"2022-02-28 04:00:00",15039,12.82,100.7762,0,0,0,19.49,100,0.111,0,0,20.54,20.63,0.033
"2022-02-28 05:00:00",15040,12.8,100.8022,0,0,0,20.8,100,0.131,0,0,20.79,21.87,0.033
"2022-02-28 06:00:00",15041,12.78,100.8164,0,0,0,21.13,100,3.038,0.128,0,22.53,22.86,0.033
"2022-02-28 07:00:00",15042,12.77,100.8651,0.015,97.8,0.006,22.21,92.3,55.28,2.845,0,23.1,23.44,0.033
"2022-02-28 08:00:00",15043,12.93,100.8696,0.441,97.5,0.284,24.61,82.7,230.1,12.17,0,23.93,24.81,0.033
"2022-02-28 09:00:00",15044,13.6,100.8808,1.323,328.3,24.38,27.41,75.23,561.3,27.2,0,26.29,28.75,0.033
"2022-02-28 10:00:00",15045,13.87,100.8403,1.484,326.2,22.72,28.6,71.11,672.3,35.02,0,31.03,32.01,0.033
"2022-02-28 11:00:00",15046,13.89,100.7758,1.349,354.2,31.64,29.75,60.94,789.6,41.2,0,32.37,34.4,0.033
"2022-02-28 12:00:00",15047,13.92,100.7024,1.454,18.58,33.06,31.22,65.01,928,46.94,0,36.78,38.42,0.033
"2022-02-28 13:00:00",15048,14.01,100.6456,2.342,65.38,16.39,29.57,68.29,523.3,30.26,0,32.86,35.08,0.033
"2022-02-28 14:00:00",15049,14.03,100.5653,2.479,54.29,23.31,29.53,72.01,559,31.13,0,33.57,35.4,0.033
"2022-02-28 15:00:00",15050,14.15,100.5249,2.585,50.66,22.55,28.71,72.31,445,24.25,0,31.79,33.01,0.033
"2022-02-28 16:00:00",15051,14.13,100.5013,2.416,40.4,21.19,28.11,78.68,328.7,18.38,0,30.43,31.58,0.033
"2022-02-28 17:00:00",15052,13.52,100.5382,2.368,30.55,17.25,27.37,83.4,214.8,10.5,0,28.67,29.83,0.033
"2022-02-28 18:00:00",15053,12.94,100.529,1.975,34.99,18.02,26.38,84.3,60.86,3.256,0,26.96,27.84,0.033
"2022-02-28 19:00:00",15054,12.93,100.5885,1.078,25.22,8.07,25.47,86.8,2.14,0.281,0,26.22,26.45,0.033
"2022-02-28 20:00:00",15055,12.9,100.7027,0.472,37.67,0.028,25.05,87,0,0,0,25.73,26,0.033
"2022-02-28 21:00:00",15056,12.94,100.7108,0.179,37.71,0.038,24.7,88.1,0,0,0,25.32,25.55,0.032
"2022-02-28 22:00:00",15057,12.93,100.7433,0.075,37.72,0.016,24.07,89.1,0,0,0,24.71,24.99,0.032
"2022-02-28 23:00:00",15058,12.88,100.7108,0,0,0,23.46,94.2,0,0,0,23.9,24.24,0.032
"2022-03-01 00:00:00",15059,12.88,100.7433,0,0,0,23.48,94.1,0.022,0,0,23.86,23.94,0.032
"2022-03-01 01:00:00",15060,12.89,100.6946,0.005,37.71,0,23.35,95,0,0,0,24.02,24.28,0.032
"2022-03-01 02:00:00",15061,12.87,100.6378,0,0,0,22.85,96.4,0.027,0,0,24.04,24.16,0.032
"2022-03-01 03:00:00",15062,12.86,100.6134,0.024,37.69,0.004,23.12,94.6,0.01,0,0,24.21,24.35,0.032
"2022-03-01 04:00:00",15063,12.85,100.5972,0.006,37.7,0.003,23.4,95.1,0,0,0,24.31,24.49,0.032
"2022-03-01 05:00:00",15064,12.83,100.6135,0.008,37.71,0.003,23.44,97.5,0,0,0.762,24.42,24.53,0.032
"2022-03-01 06:00:00",15065,12.8,100.6946,0,0,0,23.11,99.3,0.664,0.042,0.508,24.44,24.6,0.032
"2022-03-01 07:00:00",15066,12.78,100.7352,0.241,20.4,10.65,23.02,100,11.32,0.814,1.524,24.26,24.71,0.032
"2022-03-01 08:00:00",15067,12.76,100.7677,0.446,342.9,11.63,22.82,99.8,42.8,3.021,0.508,24.18,24.36,0.032
"2022-03-01 09:00:00",15068,12.78,100.7839,0.428,335.4,0.062,23.01,98.8,55.94,3.729,0,24.49,24.61,0.032
"2022-03-01 10:00:00",15069,12.98,100.7757,0.741,8.76,23.95,23.58,97.2,128.1,8.62,0,24.8,25.07,0.032
"2022-03-01 11:00:00",15070,13.38,100.7514,1.252,33.5,16.14,23.7,95.8,158.1,10.56,0,24.72,25.09,0.032
"2022-03-01 12:00:00",15071,13.15,100.7107,0.87,51.03,19.43,23.25,99.9,89.6,6.996,6.096,24.23,25,0.032
"2022-03-01 13:00:00",15072,13.31,100.6621,1.15,36.67,16.33,22.83,98.6,255.6,17.05,5.588,23.9,24.64,0.033
"2022-03-01 14:00:00",15073,13.62,100.6134,1.562,27.63,15.06,22.73,98.9,179,11.79,0.508,23.79,24.47,0.087
"2022-03-01 15:00:00",15074,13.53,100.5323,1.086,37.2,18.82,22.6,98.5,126.6,8.14,0,24,24.35,0.092
"2022-03-01 16:00:00",15075,13.53,100.4997,0.954,40.56,17.45,23.27,96.1,143.3,9.09,0,24.19,24.7,0.092
"2022-03-01 17:00:00",15076,13.55,100.4581,0.92,42.66,21.65,23.85,94.6,106.6,6.214,0,24.53,24.87,0.091
"2022-03-01 18:00:00",15077,13.05,100.5301,0.422,57.98,6.03,24.09,94.2,42.43,2.574,0,24.94,25.12,0.09
"2022-03-01 19:00:00",15078,12.99,100.5315,0.062,65.42,0,23.71,97.1,0.892,0.146,0,24.88,24.92,0.089
"2022-03-01 20:00:00",15079,12.93,100.6287,0,0,0,23.54,98.8,0,0,0,24.53,24.71,0.088
"2022-03-01 21:00:00",15080,12.94,100.6855,0.021,65.42,0.004,23.55,95.7,0,0,0,24.59,24.76,0.087
"2022-03-01 22:00:00",15081,12.93,100.6946,0.087,65.42,0.015,23.72,94.7,0.048,0,0,24.12,24.35,0.087
"2022-03-01 23:00:00",15082,12.91,100.6865,0,0,0,23.17,99.4,0,0,0,23.45,24.15,0.086
"2022-03-02 00:00:00",15083,12.89,100.6865,0,0,0,22.29,99.6,0,0,0,22.95,23.14,0.085
"2022-03-02 01:00:00",15084,12.85,100.6621,0,0,0,22.21,100,0,0,0,23.19,23.39,0.085
"2022-03-02 02:00:00",15085,12.84,100.654,0,0,0,22.3,97.3,0,0,0,23.3,23.49,0.085
"2022-03-02 03:00:00",15086,12.82,100.6297,0,0,0,22.86,94.8,0.128,0,0,23.02,23.25,0.084
"2022-03-02 04:00:00",15087,12.79,100.6215,0,0,0,22.72,96.3,0.111,0,0,23.24,23.43,0.084
"2022-03-02 05:00:00",15088,12.76,100.6378,0,0,0,22.47,98.9,0.017,0,0,23.3,23.41,0.083
"2022-03-02 06:00:00",15089,12.74,100.654,0.002,65.4,0.002,22.6,93.3,2.123,0.127,0,23.42,23.62,0.083
"2022-03-02 07:00:00",15090,12.74,100.6129,0.695,47.71,17.69,23.6,88.3,59.76,3.165,0,23.19,23.43,0.083
"2022-03-02 08:00:00",15091,12.92,100.6543,1.502,38.32,18.47,25.49,75.62,317.8,15.01,0,23.3,24.32,0.082
"2022-03-02 09:00:00",15092,13.45,100.7437,1.594,27.14,19.72,25.83,76.36,207.2,11.69,0,24.67,24.96,0.082
"2022-03-02 10:00:00",15093,13.51,100.7515,1.185,27.86,11.74,25.85,73.55,197,12.2,0,24.87,25.33,0.082
"2022-03-02 11:00:00",15094,13.67,100.6945,1.408,30.89,13.29,26.41,72.29,282.8,17.29,0,25.94,26.4,0.081
"2022-03-02 12:00:00",15095,14.17,100.6376,1.74,27.07,19.18,27.12,67.73,466.5,26.62,0,26.82,27.86,0.081
"2022-03-02 13:00:00",15096,14.07,100.5481,1.838,30.67,24.72,28.8,65.52,857,45.88,0,30.3,32.39,0.08
"2022-03-02 14:00:00",15097,14.03,100.4913,2,26.84,26.34,28.89,65.19,713.7,39.83,0,31.15,32.96,0.079
"2022-03-02 15:00:00",15098,14.13,100.4264,2.042,26.34,22.06,29.16,64.91,754.1,38.18,0,32.7,33.81,0.079
"2022-03-02 16:00:00",15099,14.04,100.4507,2.171,25.6,20.77,28.8,65.76,551.6,26.86,0,31.1,32.51,0.078
"2022-03-02 17:00:00",15100,13.96,100.4196,2.255,40.65,20.68,27.72,70.2,306,14.1,0,29.27,29.97,0.077
"2022-03-02 18:00:00",15101,13.01,100.4554,1.775,33.94,17.62,26.32,75.4,93.7,4.935,0,25.57,26.95,0.077
"2022-03-02 19:00:00",15102,12.97,100.5241,0.367,5.233,0.038,24.4,85,2.534,0.284,0,24.89,25.19,0.076
"2022-03-02 20:00:00",15103,12.95,100.5972,0.048,5.212,0.007,23,89,0,0,0,23.9,24.43,0.076
"2022-03-02 21:00:00",15104,12.94,100.6297,0,0,0,22.11,91.7,0,0,0,23.04,23.36,0.076
"2022-03-02 22:00:00",15105,12.89,100.6216,0,0,0,21.96,91.8,0,0,0,22.48,22.88,0.075
"2022-03-02 23:00:00",15106,12.92,100.6161,0,0,0,21.35,95.5,0,0,0,21.95,22.22,0.075
"2022-03-03 00:00:00",15107,12.9,100.6094,0,0,0,21.06,94.9,0,0,0,21.42,21.66,0.075
"2022-03-03 01:00:00",15108,12.89,100.5628,0.001,5.143,0,20.61,98.3,0,0,0,21.39,21.5,0.075
"2022-03-03 02:00:00",15109,12.87,100.5406,0,0,0,19.92,98.6,0,0,0,21.23,21.37,0.075
"2022-03-03 03:00:00",15110,12.86,100.5562,0.015,5.143,0,20.11,97.4,0,0,0,21.01,21.1,0.074
"2022-03-03 04:00:00",15111,12.85,100.5422,0.015,5.143,0.003,20.88,93.6,0,0,0,21.04,21.67,0.074
"2022-03-03 05:00:00",15112,12.84,100.5568,0,0,0,21.54,94.1,0.033,0,0,22.02,22.47,0.074
"2022-03-03 06:00:00",15113,12.83,100.6135,0,0,0,21.73,97.2,1.276,0.093,0,22.8,22.98,0.074
"2022-03-03 07:00:00",15114,12.82,100.6622,0,0,0,22.06,92.9,33.45,2.035,0,23.22,23.46,0.074
"2022-03-03 08:00:00",15115,12.88,100.7097,0.125,4.905,0.131,23.5,87.6,140.7,8.09,0,23.8,24.24,0.073
"2022-03-03 09:00:00",15116,13.52,100.7189,1.202,349.7,22.65,26.26,75.07,461,23.23,0,24.97,26.75,0.073
"2022-03-03 10:00:00",15117,13.92,100.7104,1.659,343.9,29.99,28.03,69.73,742.1,36.67,0,28.19,30.24,0.073
"2022-03-03 11:00:00",15118,13.94,100.6617,1.409,2.933,27.88,28.79,67.01,657.2,35.27,0,31.08,32.06,0.073
"2022-03-03 12:00:00",15119,14.14,100.5726,1.314,11.67,30.08,29.2,64.33,553.5,30.97,0,31.96,32.18,0.072
"2022-03-03 13:00:00",15120,14.03,100.5238,1.451,29.36,24.09,30.29,63.88,798.8,41.3,0,32.46,34.27,0.072
"2022-03-03 14:00:00",15121,13.98,100.4433,2.29,46.8,27.73,30.28,67.64,870,44.14,0,35.73,36.53,0.071
"2022-03-03 15:00:00",15122,14.14,100.394,2.553,51.64,22.79,29.71,71.06,768.2,37.76,0,35.38,36.14,0.071
"2022-03-03 16:00:00",15123,14.1,100.3702,2.5,49.95,22.34,29.14,70.87,576.5,27.16,0,33.07,34.56,0.07
"2022-03-03 17:00:00",15124,14.12,100.3786,2.509,44.07,21.05,28.25,74.25,346,15.21,0,29.97,31.45,0.07
"2022-03-03 18:00:00",15125,12.99,100.3591,1.888,40.31,19.94,26.63,76.12,88.4,4.92,0,26.04,27.5,0.07
"2022-03-03 19:00:00",15126,12.96,100.4024,1.025,24.67,8.66,24.72,84.6,2.409,0.266,0,24.88,25.34,0.069
"2022-03-03 20:00:00",15127,12.94,100.4268,0.258,18.77,0.054,23.37,89.8,0,0,0,24.21,24.51,0.069
"2022-03-03 21:00:00",15128,12.94,100.4917,0.056,18.76,0.006,22.74,91.8,0,0,0,23.62,23.85,0.069
"2022-03-03 22:00:00",15129,12.92,100.5161,0,0,0,22.35,94.8,0,0,0,22.68,23.23,0.069
"2022-03-03 23:00:00",15130,12.91,100.5811,0.173,18.73,0.011,21.76,96,0,0,0,22.34,22.54,0.068
"2022-03-04 00:00:00",15131,12.89,100.6228,0.029,18.74,0.007,21.15,98.7,0,0,0,22.44,22.56,0.068
"2022-03-04 01:00:00",15132,12.88,100.5867,0,0,0,20.2,99.8,0,0,0,21.8,22.21,0.068
"2022-03-04 02:00:00",15133,12.87,100.5642,0,0,0,20.07,100,0.014,0,0,21.63,21.84,0.068
"2022-03-04 03:00:00",15134,12.85,100.5888,0.004,18.68,0.001,19.96,100,0,0,0,21.14,21.58,0.068
"2022-03-04 04:00:00",15135,12.83,100.5732,0.002,18.76,0.001,19.89,100,0,0,0,20.65,21.01,0.068
"2022-03-04 05:00:00",15136,12.82,100.5652,0,0,0,19.04,100,0,0,0,20.26,20.48,0.068
"2022-03-04 06:00:00",15137,12.8,100.6058,0,0,0,19.59,100,3.274,0.169,0,20.4,20.83,0.068
"2022-03-04 07:00:00",15138,12.8,100.63,0,0,0,21.31,92.3,90.2,4.04,0,21.54,22.62,0.068
"2022-03-04 08:00:00",15139,13.14,100.6398,0.141,335.8,2.968,24.74,80.9,274.6,13.69,0,23.7,24.36,0.068
"2022-03-04 09:00:00",15140,13.69,100.6455,1.004,331.7,21.41,27.3,73.92,536.6,24.81,0,25.51,28.17,0.067
"2022-03-04 10:00:00",15141,14.07,100.6374,1.12,354.1,28.27,28.57,59.43,631.4,32.39,0,29.35,30.41,0.067
"2022-03-04 11:00:00",15142,13.97,100.5562,1.243,0.812,34.01,29.83,60.1,825,41.94,0,32.98,34.35,0.067
"2022-03-04 12:00:00",15143,13.96,100.459,1.126,25.79,22.62,30.62,60.22,787.7,41.51,0,34.7,36.16,0.066
"2022-03-04 13:00:00",15144,14.02,100.4345,2.138,57.46,25.48,30.01,64.26,768.6,41.23,0,33.12,35.03,0.066
"2022-03-04 14:00:00",15145,14.13,100.3624,2.476,63.38,22.29,30.02,64.09,931,46.65,0,35.14,37.27,0.065
"2022-03-04 15:00:00",15146,14.15,100.3455,2.81,60.32,24.05,29.61,67.56,779.7,38.46,0,36.11,36.62,0.065
"2022-03-04 16:00:00",15147,14.1,100.3302,2.794,57.66,21.42,29.22,70.78,582.7,27.46,0,34.14,35.05,0.065
"2022-03-04 17:00:00",15148,14.13,100.3555,2.734,55.91,20.81,28.28,73,352.5,15.43,0,30.47,32.41,0.064
"2022-03-04 18:00:00",15149,12.97,100.4085,2.149,54.76,18.4,26.68,79.55,87.6,4.873,0,26.67,27.93,0.064
"2022-03-04 19:00:00",15150,12.93,100.4592,0.725,68.57,0.241,24.77,86,1.142,0.242,0,25.35,26.11,0.063
"2022-03-04 20:00:00",15151,12.89,100.5972,0.234,68.19,0.054,23.87,88.5,0,0,0,24.51,24.99,0.063
"2022-03-04 21:00:00",15152,12.89,100.7114,0,0,0,22.72,95.6,0,0,0,23.22,23.75,0.063
"2022-03-04 22:00:00",15153,12.88,100.792,0.003,68.22,0.003,22.02,95.9,0,0,0,22.81,23.05,0.063
"2022-03-04 23:00:00",15154,12.89,100.7841,0,0,0,22.21,93.6,0,0,0,22.65,22.93,0.063
"2022-03-05 00:00:00",15155,12.86,100.817,0,0,0,21.75,98.5,0,0,0,22.36,22.51,0.063
"2022-03-05 01:00:00",15156,12.84,100.8416,0,0,0,21.55,98.5,0,0,0,22.31,22.71,0.063
"2022-03-05 02:00:00",15157,12.84,100.8407,0,0,0,21.86,99.1,0,0,0,23.22,23.43,0.063
"2022-03-05 03:00:00",15158,12.82,100.8335,0,0,0,21.79,99.5,0,0,0,23.09,23.4,0.063
"2022-03-05 04:00:00",15159,12.83,100.857,0,0,0,21.59,98.8,0,0,0,22.25,22.75,0.063
"2022-03-05 05:00:00",15160,12.8,100.8641,0,0,0,20.52,100,0,0,0,21.36,21.78,0.062
"2022-03-05 06:00:00",15161,12.78,100.8712,0,0,0,20.78,100,3.064,0.212,0,21.13,21.33,0.062
"2022-03-05 07:00:00",15162,12.76,100.8967,0.135,68.25,0.029,22.84,90.1,109,4.891,0,21.54,22.65,0.062
"2022-03-05 08:00:00",15163,13.1,100.9464,0.596,117.9,45.86,25.96,80.3,346.2,15.42,0,23.96,24.6,0.062
"2022-03-05 09:00:00",15164,13.63,100.9782,0.989,178.6,23.36,27.95,73.02,577,27.35,0,25.69,27.46,0.062
"2022-03-05 10:00:00",15165,13.83,100.9782,1.011,157.1,29.27,29.99,63.39,807,38.95,0,29.25,31.06,0.062
"2022-03-05 11:00:00",15166,13.87,100.9539,1.471,145.9,38.11,30.74,62.45,943,46.72,0,32.56,33.38,0.062
"2022-03-05 12:00:00",15167,13.88,100.9385,1.511,143,37.6,30.73,66.15,881,46.19,0,33.28,33.83,0.061
"2022-03-05 13:00:00",15168,13.94,100.9062,1.962,141.8,33.45,30.31,67.21,954,49.11,0,32.94,33.64,0.06
"2022-03-05 14:00:00",15169,13.94,100.8976,2.023,141.2,35.92,30.19,67,894,45.48,0,33.47,34.16,0.06
"2022-03-05 15:00:00",15170,13.93,100.8907,2.03,142.8,32.2,29.49,65.96,736.8,37.04,0,32.55,33.09,0.059
"2022-03-05 16:00:00",15171,14,100.8821,2.073,142.5,29.45,28.99,74.43,540.4,26.43,0,30.98,32,0.058
"2022-03-05 17:00:00",15172,13.55,100.8986,2.109,149.7,27.77,27.86,79.11,309.3,14.64,0,28.36,29.72,0.058
"2022-03-05 18:00:00",15173,12.97,100.9446,1.485,162.2,17.79,26.18,83.8,67.52,4.576,0,25.77,26.71,0.057
"2022-03-05 19:00:00",15174,12.95,101.0025,1.457,167.8,17.16,24.56,87.8,4.011,0.17,0,24.9,25.23,0.057
"2022-03-05 20:00:00",15175,12.94,101.0761,1.184,170.1,15.74,23.5,92.3,0,0,0,23.46,24.4,0.057
"2022-03-05 21:00:00",15176,12.93,101.1329,0.586,172.9,3.421,22.55,96.2,0,0,0,23.4,23.5,0.057
"2022-03-05 22:00:00",15177,12.92,101.1167,0.557,169.2,6.104,22.21,99.6,0,0,1.016,23.02,23.55,0.056
"2022-03-05 23:00:00",15178,12.9,101.0923,0.826,178.6,9.09,21.82,100,0.001,0,0.762,22.89,22.98,0.056
"2022-03-06 00:00:00",15179,12.89,101.0842,0.942,182.6,14.43,21.65,100,0.02,0,2.286,22.36,22.73,0.056
"2022-03-06 01:00:00",15180,12.88,101.0437,1.046,186.6,17.87,21.4,100,0.003,0,1.016,22.21,22.33,0.057
"2022-03-06 02:00:00",15181,12.87,101.0119,0.861,188.2,15.94,21.43,100,0,0,2.286,22.2,22.28,0.056
"2022-03-06 03:00:00",15182,12.85,101.0286,0.851,181.9,15.1,21.4,100,0,0,0.762,22.12,22.22,0.058
"2022-03-06 04:00:00",15183,12.84,101.0113,0.913,181.3,12.58,21.39,100,0.029,0,0,22.16,22.21,0.068
"2022-03-06 05:00:00",15184,12.82,101.0436,0.767,180.8,11.69,21.39,100,0.004,0,0.508,22.14,22.25,0.074
"2022-03-06 06:00:00",15185,12.79,101.1005,0.482,214.8,18.79,21.46,100,1.25,0.055,0,22.26,22.54,0.077
"2022-03-06 07:00:00",15186,12.79,101.1086,0.611,192.4,19.2,21.49,100,36.25,1.999,2.286,22.31,22.44,0.079
"2022-03-06 08:00:00",15187,13.06,101.1492,0.834,169.6,14.3,22.06,99.5,182.9,8.39,0,22.7,23.14,0.088
"2022-03-06 09:00:00",15188,13.57,101.136,0.81,167.4,17.57,24,88,463,23.41,0,24.04,24.93,0.09
"2022-03-06 10:00:00",15189,13.96,101.1081,0.771,168.9,19.46,26.51,81.5,599.3,32.26,0,26.49,27.32,0.09
"2022-03-06 11:00:00",15190,14,101.0512,0.825,173.3,16.45,28.24,79.54,724.2,38.08,0,27.97,29.75,0.089
"2022-03-06 12:00:00",15191,14.07,100.9947,0.696,131.8,35.33,29.12,75.99,676.4,37.07,0,29.53,31.62,0.088
"2022-03-06 13:00:00",15192,14.07,100.9309,1.195,101,26.58,28.66,72.39,577.7,34.05,0,30.92,31.62,0.087
"2022-03-06 14:00:00",15193,13.92,100.9057,1.3,105.8,31.72,29.25,74.85,828,44.01,0,33.08,34.11,0.085
"2022-03-06 15:00:00",15194,14.02,100.866,1.815,93.5,32.65,29.06,78.11,776.6,39.17,0,34.07,34.67,0.085
"2022-03-06 16:00:00",15195,13.96,100.8508,1.487,87.6,26.24,28.25,81,466,23.88,0,31.04,32.9,0.083
"2022-03-06 17:00:00",15196,13.95,100.8584,1.645,84.8,21.71,27.59,79.18,308.8,13.05,0,30.16,30.8,0.083
"2022-03-06 18:00:00",15197,13.02,100.8627,1.4,93.7,16.25,26.72,86.9,105.3,4.1,0,27.59,28.73,0.082
"2022-03-06 19:00:00",15198,12.95,100.8972,1.066,75.5,7.775,25.79,88.9,2.837,0.173,0,26.74,27.07,0.081
"2022-03-06 20:00:00",15199,12.95,100.9381,0.944,69.35,0.073,25.12,90.1,0,0,0,25.6,26.04,0.081
"2022-03-06 21:00:00",15200,12.91,100.9543,0.428,69.33,0.049,24.53,92.1,0,0,0,24.77,25.29,0.08
"2022-03-06 22:00:00",15201,12.92,100.9543,0.01,69.34,0.005,24.04,94.9,0,0,0,24.69,24.83,0.08
"2022-03-06 23:00:00",15202,12.91,100.9137,0,0,0,22.88,98.9,0,0,0,23.98,24.32,0.079
"2022-03-07 00:00:00",15203,12.9,100.9056,0,0,0,22.1,99.7,0,0,0,23.65,23.83,0.079
"2022-03-07 01:00:00",15204,12.88,100.8894,0,0,0,22.32,99.3,0.029,0,0,23.27,23.59,0.079
"2022-03-07 02:00:00",15205,12.85,100.8569,0,0,0,22.72,99,0,0,0,23.95,24.11,0.079
"2022-03-07 03:00:00",15206,12.83,100.8326,0,0,0,22.95,99.3,0,0,0,24.05,24.32,0.078
"2022-03-07 04:00:00",15207,12.8,100.8245,0,0,0,22.89,99.8,0,0,0,24.59,24.67,0.078
"2022-03-07 05:00:00",15208,12.8,100.792,0,0,0,22.84,100,0,0,0,24.26,24.47,0.078
"2022-03-07 06:00:00",15209,12.76,100.8245,0,0,0,23,100,1.754,0.119,0,24.49,24.61,0.077
"2022-03-07 07:00:00",15210,12.79,100.8481,0,0,0,23.55,96.3,69.16,3.485,0,24.57,25,0.077
"2022-03-07 08:00:00",15211,13.18,100.8865,0.098,69.28,0.015,25.22,88.8,180.7,9.3,0,25.43,26.02,0.077
"2022-03-07 09:00:00",15212,13.53,100.9068,0.541,56.46,30.07,26.45,78.11,324,17.43,0,26.58,27.5,0.077
"2022-03-07 10:00:00",15213,14.11,100.8727,0.499,347.9,18.4,27.91,70.38,458.9,24.4,0,28.37,29.62,0.077
"2022-03-07 11:00:00",15214,14.11,100.7997,0.645,5.763,27.88,29.23,63.54,776.8,39.54,0,30.31,32.11,0.076
"2022-03-07 12:00:00",15215,13.95,100.7267,1.535,57.1,18.48,29.53,71.43,667.8,36.6,0,32.23,35.24,0.076
"2022-03-07 13:00:00",15216,14.13,100.6861,2.044,49.42,24.97,29.96,67.54,979,49.93,0,31.88,35.52,0.075
"2022-03-07 14:00:00",15217,14.15,100.6213,2.299,58.14,23.25,29.91,64.9,904,45.59,0,36.75,37.16,0.075
"2022-03-07 15:00:00",15218,14.12,100.566,2.46,50.75,22.41,29.49,66.96,763.1,37.85,0,35.56,36.37,0.074
"2022-03-07 16:00:00",15219,14.1,100.5334,2.555,53.57,21.97,29.11,67.22,572.2,27.09,0,33.63,34.65,0.073
