"TOA5","88296","CR1000","88296","CR1000.Std.31.08","CPU:Vasi_Science Centre AWS.CR1","64103","Daily"
"TIMESTAMP","RECORD","WS_ms_S_WVT","WindDir_D1_WVT","WindDir_SD1_WVT","WS_ms_Max","AirTC_Min","AirTC_Max","RH_Min","RH_Max","SlrW_Max","SlrW_Std","CUV5_W_Max","CUV5_W_Std","CUV5_MJ_Tot","Rain_mm_Tot","T107_C_Min","T107_C_Avg","VW_Avg"
"TS","RN","meters/second","Deg","Deg","meters/second","Deg C","Deg C","%","%","W/m^2","W/m^2","W/m^2","W/m^2","MJ/m^2","mm","Deg C","Deg C",""
"","","WVc","WVc","WVc","Max","Min","Max","Min","Max","Max","Std","Max","Std","Tot","Tot","Min","Avg","Avg"
"2020-06-12 00:00:00",0,1.056,285.8,90,4.625,19.88,31.77,31.57,77.34,268.9,61.11,10.52,2.311,0.031,0,19.2,23.38,0.028
"2020-06-13 00:00:00",1,1.103,189.4,41.9,6.425,9.31,23.49,21.23,84.5,916,216.4,33.58,8.67,0.503,0,6.262,15.73,0.031
"2020-06-14 00:00:00",2,0.842,197.2,43.09,3.875,9.14,24.64,23.4,93.1,637.1,233,27.92,9.95,0.594,0,8.1,14.78,0.03
"2020-06-15 00:00:00",3,0.981,295,65.05,5.15,10.14,24.95,29.51,96.4,634.8,230,27.61,9.56,0.567,0,9.11,16.39,0.03
"2020-06-16 00:00:00",4,0.586,170.7,52.07,3.875,9.5,25.13,42.81,100,641.1,223.4,26.8,8.95,0.537,0,7.115,15.52,0.029
"2020-06-17 00:00:00",5,1.313,195.1,42.59,5.75,13.68,20.42,69.02,99.8,708,118.7,26.1,5.596,0.295,23.88,13.77,16.29,0.076
"2020-06-18 00:00:00",6,1.369,201,37.73,4.7,13.96,18.65,88.9,100,460.9,102.7,21.55,5.4,0.286,35.56,14.15,15.82,0.095
"2020-06-19 00:00:00",7,1.402,197.9,39.36,4.85,12.96,16.14,95.8,100,517.8,88.2,24.79,4.863,0.254,22.86,13.27,14.31,0.092
"2020-06-20 00:00:00",8,0.754,188.7,35.97,3.5,12.86,23.53,57.81,100,824,182.6,34.09,8.63,0.492,0,12.85,16.2,0.076
"2020-06-21 00:00:00",9,0.56,315.5,54.06,3.65,11.22,25.16,54.74,100,835,229.5,32.57,9.92,0.587,0,10.89,17.45,0.071
"2020-06-22 00:00:00",10,0.406,338.9,47.63,4.25,10.46,26.08,44.55,100,633.6,225.6,28.32,9.93,0.591,0,10.21,16.72,0.067
"2020-06-23 00:00:00",11,0.785,174,37.62,3.95,11.98,26.06,56.58,100,768.2,226.7,29.53,9.54,0.563,0,10.8,17.34,0.065
"2020-06-24 00:00:00",12,0.614,344.3,35.97,4.175,10.93,26.27,43.17,100,624.7,227.2,27.91,9.89,0.585,0,10.91,17.66,0.063
"2020-06-25 00:00:00",13,0.499,346.1,30.64,3.8,9.76,26.56,46.08,100,695.3,230.6,29.13,9.63,0.573,0,9.48,17.32,0.061
"2020-06-26 00:00:00",14,0.704,343.7,41.41,4.55,14.01,25.89,54.38,100,846,207.4,32.16,8.48,0.47,0,12.7,18.71,0.06
"2020-06-27 00:00:00",15,1.018,344.7,29.65,5.525,14.01,26.42,46.59,100,620.2,226.9,26.3,9.33,0.558,0,13.01,19.1,0.058
"2020-06-28 00:00:00",16,0.631,219.7,61.7,3.95,10.32,27.2,51.92,100,594.5,207.1,24.88,8.65,0.5,0,9.93,17.84,0.056
"2020-06-29 00:00:00",17,1.191,172.9,63.52,8,10.99,26.54,38.08,97.9,628.2,226.6,28.72,10.1,0.596,0,7.952,18.54,0.054
"2020-06-30 00:00:00",18,0.589,130,63.73,4.25,13.46,25.34,60,100,796.9,165.9,31.96,7.546,0.415,0,12.3,18.43,0.053
"2020-07-01 00:00:00",19,1.07,189.7,39.13,6.275,13.56,24.65,47.79,100,808,182.5,33.78,8.48,0.466,2.54,12.24,18.03,0.051
"2020-07-02 00:00:00",20,0.733,256.9,71.98,4.325,13,23.91,53.54,100,883,195.6,34.59,8.96,0.522,0.254,12.26,17.07,0.051
"2020-07-03 00:00:00",21,0.881,354.5,26.96,6.275,10.57,24.99,54.65,100,609.1,223.1,26.7,9.54,0.569,0,10,16.81,0.051
"2020-07-04 00:00:00",22,0.738,173.8,35.19,5,12.28,25.87,56.76,100,605.1,220.8,26.1,9.25,0.552,0,10.9,17.57,0.05
"2020-07-05 00:00:00",23,0.965,351.4,51.54,5.9,10.89,25.72,53.43,100,744,219.7,29.13,9.11,0.541,0,11.25,18.71,0.049
"2020-07-06 00:00:00",24,0.413,122,59.88,3.275,10.99,26.4,54.42,100,626.7,229.5,27.51,9.9,0.594,0,9.05,16.16,0.047
"2020-07-07 00:00:00",25,0.642,355.5,43.46,3.65,10.22,26.79,44.25,100,632.8,230,28.12,10,0.596,0,9.24,17.46,0.045
"2020-07-08 00:00:00",26,2.137,335.6,87.4,8,14.94,32.72,23.47,99.4,638.3,232.7,26.7,9.49,0.564,0,13.64,21.34,0.043
"2020-07-09 00:00:00",27,1.084,147.3,46.39,5.975,15.64,25.01,50.43,93.5,827,189,34.39,8.77,0.504,0,14.35,19.47,0.041
"2020-07-10 00:00:00",28,1.541,352.4,39.25,6.425,11.57,26.08,53.05,99.2,757.2,211.2,31.96,9.42,0.559,0,11.47,19.51,0.039
"2020-07-11 00:00:00",29,1.998,358.4,32.95,7.325,15.04,29.42,38.49,96.9,627.7,229,28.11,10.01,0.596,0,13.08,21.68,0.038
"2020-07-12 00:00:00",30,1.542,313.9,76.57,7.7,12.53,30.98,41.49,95,576.8,197.9,23.66,7.913,0.424,5.08,12.35,19.95,0.046
"2020-07-13 00:00:00",31,1.114,182.9,39.26,6.725,9.22,22.67,44.37,100,660.8,241.5,30.55,10.97,0.66,0,8.99,15.15,0.06
"2020-07-14 00:00:00",32,1.429,340,29.72,7.85,7.106,25.01,34.8,99.9,674.6,247.7,29.74,10.59,0.635,0,7.516,15.86,0.057
"2020-07-15 00:00:00",33,1.257,174.3,56.12,6.8,9.57,25.38,51.75,79.4,724.7,233.2,30.14,10.23,0.609,0,6.837,16.56,0.055
"2020-07-16 00:00:00",34,1.486,190.8,42.46,6.725,10.93,20.84,40.99,81.4,670.1,242.8,30.55,10.51,0.616,0,10.62,14.96,0.053
"2020-07-17 00:00:00",35,0.858,187.4,38.58,4.4,9.03,22.55,46.12,98.1,772.8,233.2,33.17,10.16,0.58,0,8.28,13.95,0.051
"2020-07-18 00:00:00",36,0.589,296.9,69.36,3.725,8.37,24.2,42.61,98.7,666.8,245.3,30.55,10.97,0.663,0,8.19,15.34,0.049
"2020-07-19 00:00:00",37,0.93,345.8,33.8,5.3,10.07,25.66,38.47,99.6,681.6,251,30.85,11.04,0.664,0,8.06,15.83,0.047
"2020-07-20 00:00:00",38,0.798,346.8,40.13,5.075,9.05,26.12,48.19,100,675.3,249.2,30.75,11.08,0.67,0,8.17,16.68,0.045
"2020-07-21 00:00:00",39,0.802,347.5,45.83,4.775,13.28,25.34,45.68,98.5,925,239.3,35.5,10.16,0.592,0,11.52,18.22,0.043
"2020-07-22 00:00:00",40,0.793,346.8,32.6,4.925,12.52,26.12,40.91,100,690.7,251.5,30.14,10.72,0.649,0,10.16,17.28,0.041
"2020-07-23 00:00:00",41,0.686,6.167,49.33,5,11.34,25.61,43.88,98.4,868,243.3,34.49,9.98,0.586,0,10.34,17.06,0.039
"2020-07-24 00:00:00",42,0.307,127.1,49.04,3.8,14.29,25.53,38.16,95.8,938,172.6,36.01,7.872,0.448,0,12.22,17.68,0.037
"2020-07-25 00:00:00",43,0.493,127.9,51.67,4.775,12.08,23.29,56.03,99.7,902,192.3,35.6,8.55,0.471,8.38,11.86,17.2,0.061
"2020-07-26 00:00:00",44,0.883,352.5,46.15,6.35,13,23.55,57.66,99.8,949,197.4,38.64,8.69,0.513,0,12.5,17.18,0.069
"2020-07-27 00:00:00",45,1.057,349.7,48.3,5.675,11.44,25.09,46.26,100,694,256.7,30.75,10.9,0.663,0,10.04,16.83,0.066
"2020-07-28 00:00:00",46,0.959,197.1,35.73,4.55,13.41,18.49,91.6,99.8,375.8,76.26,19.53,4.321,0.232,14.22,12.9,16.08,0.082
"2020-07-29 00:00:00",47,0.928,334.8,56.93,5.825,14.12,23.15,52.71,99.3,908,200.2,33.88,8.84,0.532,0,12.44,17.41,0.08
"2020-07-30 00:00:00",48,0.485,11.48,60.57,3.8,11.88,25.99,47.3,99.6,673.4,247.2,28.52,10.09,0.61,0,10.81,16.61,0.074
"2020-07-31 00:00:00",49,0.66,182.4,53.5,4.625,11.59,26.91,48.8,100,671.5,245,28.52,10.11,0.616,0,11.03,18.24,0.07
"2020-08-01 00:00:00",50,0.805,166.2,64.27,4.25,13.41,25.13,54.33,99.8,868,241,33.17,10.06,0.61,0,12.54,17.64,0.067
"2020-08-02 00:00:00",51,0.816,2.77,27.58,5.075,11.83,25.68,57.13,100,828,266,34.39,11.62,0.708,0,10.92,17.96,0.065
"2020-08-03 00:00:00",52,0.895,9.43,30.66,5.45,11.71,25.43,56.99,100,866,264.9,36.01,11.55,0.699,0,11.37,17.92,0.063
"2020-08-04 00:00:00",53,1.369,348.4,32.09,6.2,10.71,26.54,42.32,100,735,272.3,32.16,11.21,0.678,0,10.3,18.28,0.061
"2020-08-05 00:00:00",54,1.474,347.7,57.9,6.65,12.57,29.11,36.32,100,725.4,271.1,30.45,10.76,0.662,0,12.38,19.27,0.059
"2020-08-06 00:00:00",55,0.758,170.3,35.49,4.025,14.09,24.43,67.52,100,913,206.5,34.39,8.22,0.487,0,13.23,18.71,0.058
"2020-08-07 00:00:00",56,1.778,307.3,86.5,8.22,12.53,29.57,41.04,100,714.4,262,31.76,11.06,0.648,0,12.74,19.52,0.056
"2020-08-08 00:00:00",57,1.406,180.7,40.61,5.825,12.25,22.66,48.45,94.8,891,261.4,34.69,11.36,0.665,0,12.18,16.97,0.054
"2020-08-09 00:00:00",58,1.487,350.8,54.19,7.175,9.64,23.17,56.48,98.3,1012,258.9,38.13,11,0.676,0,9.71,17.13,0.052
"2020-08-10 00:00:00",59,1.67,345,37.36,6.125,14.27,32.71,20.82,96.5,750.5,277.5,33.37,11.7,0.713,0,13.54,21.5,0.05
"2020-08-11 00:00:00",60,1.233,162.1,41.74,5.975,12.74,25.58,43.23,97.5,770.3,275.6,34.39,12.01,0.74,0,11.83,19.09,0.047
"2020-08-12 00:00:00",61,1.842,6.421,31.25,6.8,15.61,25.98,47.99,95.5,561.9,159.3,22.86,6.355,0.122,0,14.36,18.99,0.04
"2020-08-13 00:00:00",62,0.812,152,59.91,4.85,11.76,25.76,61.08,100,733.3,268.9,32.57,11.66,0.718,0,9.62,18.7,0.042
"2020-08-14 00:00:00",63,1.336,170.8,60.59,7.775,13.54,27.84,27.54,100,789.4,286.7,35.19,12.45,0.764,0,12.35,19.82,0.04
"2020-08-15 00:00:00",64,1.42,347.1,58.86,7.7,14.39,24.88,43.67,95.3,1039,236.3,38.54,10.17,0.635,0,14.28,19.37,0.038
"2020-08-16 00:00:00",65,1.925,341.1,35.92,6.65,14.61,34.08,20.47,96.5,755.9,274.5,32.56,11.42,0.691,0,14.26,22.96,0.036
"2020-08-17 00:00:00",66,1.656,164.5,42.81,5.75,15.94,24.74,55.66,96.7,857,246.6,32.06,9.95,0.61,0,15.88,19.65,0.034
"2020-08-18 00:00:00",67,1.099,6.897,73.31,5.3,14.63,20.98,52.72,96.3,379.2,82.1,19.93,4.453,0.258,0,15.03,17.73,0.034
"2020-08-19 00:00:00",68,1.907,4.523,80.8,6.2,14.18,29.02,42.46,98.9,857,222,30.44,8.93,0.508,4.826,14.5,20.47,0.033
"2020-08-20 00:00:00",69,1.171,183.6,40.52,5.675,9.66,22.69,30.01,95.4,816,304.5,37.32,13.61,0.859,0,9.39,15.95,0.042
"2020-08-21 00:00:00",70,1.079,281.1,84.1,5.975,10.14,23.17,48.99,96.6,981,267.2,38.64,11.65,0.729,0,10.13,16.57,0.042
"2020-08-22 00:00:00",71,0.671,174,37.05,5,10.79,22.2,63.86,100,850,117.1,29.03,5.612,0.332,0,10.21,15.66,0.041
"2020-08-23 00:00:00",72,1.075,358,80,5.45,12.06,25.01,53.93,98.4,996,261,39.85,11.48,0.723,0,11.87,18.4,0.041
"2020-08-24 00:00:00",73,1.352,359.7,32.47,5.6,13.66,28.43,36.81,99.8,775.8,288.2,34.49,12.29,0.774,0,12.3,19.65,0.039
"2020-08-25 00:00:00",74,0.986,358.9,54.55,4.625,14.46,31.71,24.95,100,794.4,293.7,35.4,12.61,0.794,0,13.41,21.12,0.037
"2020-08-26 00:00:00",75,1.237,98.9,89.9,5.375,17.01,27.59,58.24,100,751.4,277.2,32.36,11.49,0.717,0,16.68,21.43,0.036
"2020-08-27 00:00:00",76,1.846,172.6,65.3,10.03,14.71,26.12,55,100,871,276.3,36.11,12.03,0.745,0,14.13,20.06,0.034
"2020-08-28 00:00:00",77,1.502,353.1,83,5.525,13.45,23.45,52.38,98.3,959,225.5,37.63,10.08,0.617,0,13.56,18.78,0.033
"2020-08-29 00:00:00",78,2.114,18.34,66.57,7.7,16.63,31.28,44.32,99.1,740.8,273.1,31.35,11.29,0.702,0,16.71,23.17,0.032
"2020-08-30 00:00:00",79,0.955,156.8,49.5,5.3,17.6,23.34,71.17,97.8,593.6,84.5,23.16,3.94,0.204,0,17.3,20.68,0.031
"2020-08-31 00:00:00",80,1.695,169.9,44.95,5.975,12.58,21.13,67.06,98.3,134,26.52,7.385,1.451,0.087,1.016,12.88,17.39,0.031
"2020-09-01 00:00:00",81,1.111,191.1,37.88,4.4,12.6,18.83,68.54,97.8,310,78.72,16.19,4.431,0.276,0,12.87,15.77,0.031
"2020-09-02 00:00:00",82,0.934,153.9,53.4,5.225,15.08,20.69,64.21,97.3,718.6,81.6,33.28,4.713,0.249,3.048,15.11,17.11,0.031
"2020-09-03 00:00:00",83,0.9,56.54,44.5,5.75,13.41,23.89,50.13,93.8,1075,229.7,42.48,10.32,0.625,0,12.72,18.04,0.032
"2020-09-04 00:00:00",84,1.558,5.612,33.1,8.6,13.69,25.4,50.2,97.8,926,282.5,36.51,12.22,0.784,0,12.72,19.04,0.033
"2020-09-05 00:00:00",85,0.911,41.97,65.56,5.675,14.76,25.62,52.38,97,911,221,37.42,10.37,0.627,0,13.11,19.24,0.033
"2020-09-06 00:00:00",86,1.216,11.91,34.94,7.7,13.04,25.54,51.1,100,1211,309,51.07,14.39,0.891,0,12.02,19.1,0.032
"2020-09-07 00:00:00",87,0.902,104.1,71.15,5.3,13.58,26.16,49.58,96.2,1301,276.9,54.92,12.91,0.788,0,11.89,19.48,0.031
"2020-09-08 00:00:00",88,1.386,7.599,48.91,7.175,11.47,26.2,51.95,100,1064,306.8,39.65,13.12,0.853,0,10.84,19.56,0.031
"2020-09-09 00:00:00",89,1.015,88.5,59.44,5.675,14.69,26.69,51.93,98.2,1209,312.6,43.69,13.22,0.807,0,13.72,19.88,0.03
"2020-09-10 00:00:00",90,1.099,27.78,45.8,6.875,10.99,27.05,55.15,100,1122,315.5,42.99,13.78,0.889,0,11.07,20.26,0.03
"2020-09-11 00:00:00",91,0.818,134.2,62.91,5.525,13.14,27.6,49.64,100,1188,334,45.71,14.55,0.929,0,11.72,20.58,0.03
"2020-09-12 00:00:00",92,1.172,149.3,58.93,5.6,14.83,26.84,54.55,100,1115,292.2,47.23,13.28,0.86,0,13.56,20.09,0.029
"2020-09-13 00:00:00",93,1.155,37.51,43.18,5.975,13.26,26.71,49.79,100,1201,324.3,50.67,15.01,0.977,0,11.99,20.57,0.029
"2020-09-14 00:00:00",94,2.086,7.755,34.4,7.85,14.19,29.71,48.35,100,883,332,41.57,14.98,0.975,0,13.44,22.66,0.029
"2020-09-15 00:00:00",95,1.968,30.27,74.14,6.35,19.02,31.94,42.09,96.1,877,327,41.16,14.8,0.967,0,18.99,25.04,0.028
"2020-09-16 00:00:00",96,1.31,148,36.14,5.075,18.96,25.09,70.58,100,1127,141.7,44.91,7.124,0.388,1.778,19.32,21.31,0.028
"2020-09-17 00:00:00",97,1.59,342.8,68.97,10.55,16.97,27.31,43.84,100,1014,183.6,36.82,8.29,0.483,1.27,17.1,21.66,0.028
"2020-09-18 00:00:00",98,1.525,166.8,44.32,5.975,15.98,25.49,52.67,94.5,1149,281.4,44.61,12.68,0.751,0.254,15.58,20.48,0.028
"2020-09-19 00:00:00",99,1.422,1.046,74.88,6.125,15.62,28.04,62.13,98.8,985,254.1,35,10.37,0.59,0,15.98,22.21,0.028
"2020-09-20 00:00:00",100,1.482,165.5,42.71,6.275,19.4,27.93,60.07,100,1163,284.9,47.13,12.83,0.835,0,17.64,22.78,0.029
"2020-09-21 00:00:00",101,1.488,7.556,64.37,6.575,16.97,31.34,52.54,98.5,866,321.3,33.68,12.19,0.8,0,16.82,24.81,0.029
"2020-09-22 00:00:00",102,1.813,166.6,45.82,7.775,15.62,24.67,59.53,98.8,1066,143.9,39.35,6.767,0.356,3.048,15.92,19.56,0.028
"2020-09-23 00:00:00",103,0.835,170.3,50.73,4.7,14.85,23.16,56.17,96.8,991,192.1,36.93,9.26,0.577,1.27,14.82,18.2,0.028
"2020-09-24 00:00:00",104,1.39,2.331,39.8,6.425,12.26,26.04,49.87,95.4,976,352.9,45.41,16.02,1.057,0,11.75,20.1,0.029
"2020-09-25 00:00:00",105,1.961,353.4,38.51,7.55,15.02,29.86,43.24,98.2,942,357.8,43.49,16.06,1.062,0,14.86,21.95,0.029
"2020-09-26 00:00:00",106,2.29,0.291,33.09,7.55,16.9,34.03,33.91,99.4,964,324.1,39.44,13.43,0.87,0,16.79,24.9,0.029
"2020-09-27 00:00:00",107,1.857,151.2,44.68,6.8,18.73,26.21,40.6,94.8,1132,299.3,42.58,12.46,0.82,0.254,18.66,22.49,0.029
"2020-09-28 00:00:00",108,0.783,130.8,43.3,4.175,17.37,19.93,78.06,99.9,266.4,65.2,16.49,4.152,0.253,18.03,17.81,18.61,0.064
"2020-09-29 00:00:00",109,0.948,188.6,49.28,4.625,15.45,24.07,67.5,100,1231,194.1,53.71,10.2,0.611,17.53,15.92,19.52,0.082
"2020-09-30 00:00:00",110,1.103,169.6,44.66,5.6,17.17,20.06,83.6,100,682.9,89,34.09,5.088,0.268,13.21,17.47,18.74,0.088
"2020-10-01 00:00:00",111,1.261,87.5,56.32,5.3,16.89,23.85,57.45,97.5,1255,209.1,53.71,10.16,0.657,0.254,17.18,20.39,0.074
"2020-10-02 00:00:00",112,1.068,265.1,85.4,5.375,17.73,21.63,86.8,100,322.3,47.72,14.06,2.608,0.169,4.572,18.23,19.73,0.071
"2020-10-03 00:00:00",113,1.206,165.1,40.61,6.05,16.02,21.84,67.95,100,932,106.7,39.45,5.886,0.281,9.14,16.58,18.39,0.084
"2020-10-04 00:00:00",114,0.539,204.7,55.1,2.975,16.39,24.64,84.2,100,840,145.4,33.98,7.645,0.437,21.84,16.69,19.92,0.091
"2020-10-05 00:00:00",115,1.095,99.5,57.28,5.975,19.71,27.85,66.72,100,1160,283.7,49.55,13.69,0.867,0.762,19.31,23.13,0.075
"2020-10-06 00:00:00",116,1.483,29.95,26.82,6.425,19.79,23.87,80.3,100,885,129.6,35.4,7.325,0.415,11.94,19.67,21.34,0.084
"2020-10-07 00:00:00",117,1.192,31.5,24.41,5,19.25,23.82,73.34,98.3,373.8,84.9,21.85,5.215,0.341,0,18.54,20.91,0.075
"2020-10-08 00:00:00",118,1.307,36.19,24.83,6.65,16.69,26.37,54.79,94.5,1238,316.4,54.01,15.03,1.021,0,15.85,22.07,0.069
"2020-10-09 00:00:00",119,1.938,4.163,34.01,8.22,15.22,28.54,47.76,98.3,1273,392.1,55.42,18.14,1.192,0,14.97,22.18,0.065
"2020-10-10 00:00:00",120,2.366,9.76,32.77,8,17.17,29.2,51.46,99.1,941,356.8,42.48,15.66,1.065,0,17.43,23.46,0.062
"2020-10-11 00:00:00",121,1.943,171.1,44.32,7.7,18.55,24.99,58.1,100,1099,220.2,46.83,11.16,0.565,0,18.79,20.97,0.059
"2020-10-12 00:00:00",122,1.649,189.4,44.25,5.6,14.39,20.13,66.73,99.1,562,103.8,27.31,6.04,0.343,2.794,14.84,17.41,0.057
"2020-10-13 00:00:00",123,0.915,166,56.56,4.4,13.94,22.49,64.64,99.9,1328,232.5,55.94,11.93,0.714,1.016,14.35,17.63,0.06
"2020-10-14 00:00:00",124,2.091,12.56,65.05,7.025,14.73,32.05,38.98,98.9,1019,388.9,49.15,18.22,1.249,0,14.75,23.28,0.059
"2020-10-15 00:00:00",125,1.139,135.3,40.91,5.675,15,24.83,55.82,94.3,1252,220.3,58.36,11.73,0.711,0,15.56,20.95,0.056
"2020-10-16 00:00:00",126,1.646,0.622,32.24,6.725,14.68,28.83,45.54,98,1130,381.4,50.36,17.61,1.208,0,14.49,22.5,0.053
"2020-10-17 00:00:00",127,1.601,169.6,39.65,8.68,16.4,27.94,47.87,100,1259,362.3,52.99,15.94,0.999,0,16.3,22.58,0.049
"2020-10-18 00:00:00",128,2.161,11.58,61.33,8.68,17.37,28.04,55.1,98.2,1358,339.9,50.67,14.22,0.964,0,17.67,23.51,0.045
"2020-10-19 00:00:00",129,2.501,17.93,45.65,7.7,20.6,28.12,61.4,98.3,1123,371.2,43.89,15.08,1.017,0,20.75,24.78,0.041
"2020-10-20 00:00:00",130,1.5,58.42,66.53,6.2,20.78,28.09,67.98,98.4,1129,249.4,39.24,9.92,0.629,0,20.97,24.26,0.038
"2020-10-21 00:00:00",131,1.969,107,87,7.25,21.05,34.98,37.33,99.1,1291,342.4,46.93,13.78,0.826,0,20.82,24.95,0.035
"2020-10-22 00:00:00",132,1.268,153.5,38.97,5.6,17.31,26,56.32,93,1367,248.1,52.7,11.19,0.707,0,17.02,21.84,0.033
"2020-10-23 00:00:00",133,1.279,82.6,54.73,5.6,14.94,28.02,55.25,98.7,1171,383.6,48.75,15.94,1.079,0,15.04,23.25,0.032
"2020-10-24 00:00:00",134,1.184,51.04,21.58,5.975,18.43,28.03,59.71,96.8,1476,312.7,58.45,13.76,0.911,0,17.93,24.05,0.031
"2020-10-25 00:00:00",135,1.409,33.51,30.55,7.025,17.06,29.49,46.95,99.4,1211,406.6,48.14,17.19,1.196,0,16.99,24.88,0.03
"2020-10-26 00:00:00",136,1.671,28.55,56.47,7.7,17.45,31.13,54.22,100,1027,387.9,39.24,14.6,1.024,0,17.61,25.58,0.03
"2020-10-27 00:00:00",137,1.315,140.4,52.63,5.375,19.95,29.78,55.09,96.8,1134,376.2,41.26,14.53,0.957,0,20.05,25.17,0.029
"2020-10-28 00:00:00",138,1.821,22.65,32.61,7.4,19.45,32.04,51.1,97.9,1330,356.9,46.93,15.18,0.976,0,20.07,25.83,0.029
"2020-10-29 00:00:00",139,2.456,19.46,29.99,7.55,22.69,30.5,61.48,96.5,1018,387.5,44.7,16.24,1.077,0,22.66,26.84,0.028
"2020-10-30 00:00:00",140,2.422,19.69,30.64,7.1,21.1,31.77,47.46,98.8,1064,410.2,47.03,17.18,1.211,0,21.15,26.73,0.028
"2020-10-31 00:00:00",141,1.379,141.7,55.31,5.75,21,30.44,58.94,98,1388,267.5,51.78,11.97,0.763,0,21.3,25.23,0.028
"2020-11-01 00:00:00",142,1.557,183.2,45.32,7.175,18.63,21.81,85.9,100,703,129.7,33.49,7.186,0.471,16.51,18.99,20.52,0.032
"2020-11-02 00:00:00",143,0.67,190.9,40.23,3.65,17.83,21.59,96.7,100,882,102.6,42.79,6.294,0.382,37.08,18.26,20.11,0.088
"2020-11-03 00:00:00",144,1.062,28.89,36.86,6.125,18.36,27.35,66.36,100,1477,291.5,64.12,14,0.936,3.048,18.93,22.95,0.078
"2020-11-04 00:00:00",145,1.459,23.07,28.68,6.8,20.13,29.41,58.07,98.9,1353,366.3,59.26,17.53,1.067,0,20.58,24.81,0.07
"2020-11-05 00:00:00",146,1.397,25.64,33.29,5.225,18.93,33.12,51.87,100,1076,374.8,49.55,17.28,1.184,0,19.27,26.5,0.065
"2020-11-06 00:00:00",147,1.25,20.7,63.43,5.975,21.28,31.03,60.01,100,1182,283.3,54.41,13.86,0.576,9.14,21.42,24.48,0.069
"2020-11-07 00:00:00",148,1.388,12.77,80.6,5.375,21.53,39.07,25.17,98.6,1184,394.5,55.02,18.79,1.309,0,21.34,27.72,0.079
"2020-11-08 00:00:00",149,1.166,120.6,68.56,4.325,22.69,30.32,62.23,98.4,1150,390.3,55.22,19.01,1.268,0,22.95,26.5,0.07
"2020-11-09 00:00:00",150,1.61,7.978,36.56,6.35,21.83,41.8,29.32,100,1019,391,47.53,17.82,1.27,0,22.69,30.11,0.064
"2020-11-10 00:00:00",151,1.607,151.8,44.68,5.75,20.46,29.83,65.74,98,1304,299.4,60.89,14.07,0.901,0.254,20.75,25.62,0.058
"2020-11-11 00:00:00",152,1.643,180.7,47.02,5.975,19.21,27.2,53.89,100,1334,296.8,59.28,14.96,0.959,2.032,19.51,22.71,0.054
"2020-11-12 00:00:00",153,1.224,158.9,41.56,5.45,18.62,25.28,73.82,100,1481,290.5,71.31,15.28,0.858,8.64,19.2,21.72,0.074
"2020-11-13 00:00:00",154,0.946,156.8,53.06,4.925,16.42,27.29,54.15,99.1,1604,391,69.59,18.74,1.303,0.254,17.35,22.02,0.075
"2020-11-14 00:00:00",155,1.416,24.09,37.67,7.25,16.53,28.57,53.58,98.9,1402,413,61.49,19.78,1.368,0,17.31,23.83,0.068
"2020-11-15 00:00:00",156,2.012,15.35,31.63,7.475,17.24,28.86,51.86,98.7,1083,418.5,53.2,19.98,1.431,0,18.03,24.35,0.062
"2020-11-16 00:00:00",157,1.812,25.69,30.3,6.275,19.84,28.94,53.8,98.6,1137,415.4,53,19.87,1.422,0,20.55,25.47,0.056
"2020-11-17 00:00:00",158,1.381,29.12,42.56,6.575,19.26,30.13,53.78,99.8,1329,374.5,55.02,17.44,1.184,0,19.92,25.53,0.049
"2020-11-18 00:00:00",159,1.452,18.68,35.68,6.35,18.23,30.04,53.57,99.7,1183,384.4,53.4,17.94,1.242,0,18.93,25.6,0.042
"2020-11-19 00:00:00",160,1.7,23.45,38.9,6.8,20.78,30.1,60.22,96.4,1122,398.4,50.77,18.72,1.301,0,21.22,27.09,0.037
"2020-11-20 00:00:00",161,1.229,163.8,55.92,5.825,20.2,26.86,81.5,100,740.8,147.3,36.82,8.51,0.574,2.286,20.56,23.94,0.034
"2020-11-21 00:00:00",162,1.177,177.1,45.86,5.225,19.88,26.38,61.84,91.3,1485,209,68.47,11.46,0.715,0,20.15,22.37,0.034
"2020-11-22 00:00:00",163,1.683,12.99,43.76,6.95,17.9,28.52,55.94,96,1502,343,65.13,16.93,1.11,0,18.45,24.51,0.033
"2020-11-23 00:00:00",164,1.051,3.396,52.87,4.7,21.7,27.07,73.4,95.7,341.1,76.8,20.64,5.013,0.367,0,22.05,24.34,0.032
"2020-11-24 00:00:00",165,1.628,20.83,56.78,7.25,20.54,32.69,60.13,98.1,1306,338.1,60.07,16.48,1.106,0,20.9,27.29,0.032
"2020-11-25 00:00:00",166,1.704,49.99,78.96,7.25,22.25,38.91,36.3,98.5,1067,413,51.78,19.62,1.374,5.588,22.06,29.97,0.031
"2020-11-26 00:00:00",167,1.33,172.2,47.04,5.9,19.66,25.2,77.66,99.9,1358,192.2,62.72,10.64,0.571,5.588,20.33,22.6,0.049
"2020-11-27 00:00:00",168,0.927,155.9,58.27,4.55,19.39,28.04,71.96,100,1437,317.1,65.34,15.67,0.957,1.524,20,24.08,0.065
"2020-11-28 00:00:00",169,1.413,166.1,45.45,5.6,20.45,25.9,71.3,99.8,1210,161.8,55.64,9.06,0.65,7.366,20.84,22.91,0.079
"2020-11-29 00:00:00",170,1.602,12.05,41.8,6.65,19.63,28,72.27,95.7,1295,255.2,60.59,12.98,0.88,0,20.3,24.62,0.073
"2020-11-30 00:00:00",171,1.533,163.3,61.93,7.175,20.73,28.86,57.08,99.6,1381,337.1,61.7,16.88,1.071,0.508,21.2,24.61,0.067
"2020-12-01 00:00:00",172,1.616,40.58,79.61,7.175,18.5,28.09,57.62,93.6,1435,400.8,62.71,19.29,1.342,0,18.8,24.83,0.062
"2020-12-02 00:00:00",173,1.456,44.49,90.7,6.05,20.69,37.39,34.29,99.1,1112,425.4,52.59,20.15,1.319,7.366,21.04,26.86,0.06
"2020-12-03 00:00:00",174,1.265,171.4,44.92,6.05,19.01,24.93,65.39,97.4,1350,253.2,62.62,13.51,0.848,0.508,19.61,21.63,0.07
"2020-12-04 00:00:00",175,1.476,20.15,64.25,6.275,17.68,27.45,58.35,97.9,1506,305.1,63.42,14.95,0.988,0,18.38,23.34,0.066
"2020-12-05 00:00:00",176,1.099,166.1,65.31,5.525,18.7,27.9,56.74,100,1279,204.7,54.01,10.71,0.641,10.41,19.23,22.2,0.066
"2020-12-06 00:00:00",177,0.754,153.7,70.84,5.825,18.62,21.84,96.6,100,454.7,69.69,29.95,4.833,0.305,34.8,19.18,20.54,0.096
"2020-12-07 00:00:00",178,1.738,19.66,30.3,6.95,18.67,29.18,61.54,100,1391,403.1,63.11,19.43,1.382,0,19,24.85,0.077
"2020-12-08 00:00:00",179,1.503,35.37,26.31,7.175,19.86,29.74,67.33,100,1452,418.6,65.14,20.5,1.38,0,20.73,25.93,0.069
"2020-12-09 00:00:00",180,1.824,24.59,26.08,6.8,19.27,29.12,56.11,99.6,1372,429.1,63.31,20.86,1.495,0,20.19,26.24,0.063
"2020-12-10 00:00:00",181,2.103,8.15,36.27,8.37,20.34,29.62,57.59,98.9,1290,379.6,58.66,18.73,1.31,0,21.29,25.91,0.058
"2020-12-11 00:00:00",182,1.432,32.59,29.7,6.5,20.96,29.81,66.14,98.8,1233,396.1,57.65,19.5,1.321,0.762,21.3,27.35,0.052
"2020-12-12 00:00:00",183,1.577,19.02,40.96,6.2,22.35,34.29,49.35,100,1194,392.6,57.04,19.38,1.318,0.762,23,28.2,0.046
"2020-12-13 00:00:00",184,1.112,70.72,51.99,5.6,23.13,34.35,57.25,99.5,1107,409.4,54.81,20.16,1.427,0,23.4,29.07,0.04
"2020-12-14 00:00:00",185,1.32,80.3,57.63,5.75,22.38,31.99,59.71,99.9,1317,417.3,58.86,20.41,1.483,0,23.58,28.95,0.035
"2020-12-15 00:00:00",186,1.539,22.11,29.66,6.8,20.88,34.12,63.35,100,1271,416.8,60.17,20.42,1.423,0,21.64,29.68,0.033
"2020-12-16 00:00:00",187,0.852,94.5,64.53,4.7,24.13,32.88,65.63,99.2,1436,276.9,65.74,14.43,0.759,1.016,24.21,27.79,0.031
"2020-12-17 00:00:00",188,1.434,161.9,45.58,8.6,22.54,29.22,54.56,96.2,1486,319.6,66.04,16.44,1.071,0,22.55,25.49,0.031
"2020-12-18 00:00:00",189,1.141,91.5,61.91,5.3,21.02,30.54,61.78,97,1543,331.6,71.61,17.19,1.156,0,21.49,27.4,0.03
"2020-12-19 00:00:00",190,0.432,35.23,46.15,3.2,21.16,27.11,82.8,100,489.7,109.3,30.14,7.102,0.449,4.318,21.51,24.64,0.033
"2020-12-20 00:00:00",191,1.251,46.34,39.72,6.125,19.03,30.88,55.68,100,1447,426.4,66.35,20.72,1.469,0,19.24,26.84,0.041
"2020-12-21 00:00:00",192,1.567,22.31,32.68,6.65,20,32.68,55.71,100,1406,414.2,64.12,20.2,1.454,0,20.56,28.28,0.037
"2020-12-22 00:00:00",193,1.592,24.32,28.55,6.5,22.91,32.97,56.92,99,1421,422.8,66.75,20.56,1.459,0,23.46,29.23,0.033
"2020-12-23 00:00:00",194,1.469,26.85,28.67,6.275,22.33,33.42,64.06,100,1458,372.1,67.16,18.94,1.076,0,22.52,28.43,0.03
"2020-12-24 00:00:00",195,1.375,9.49,83.1,6.575,22.89,39.58,44.69,100,1338,354.3,63.71,17.88,0.909,34.29,23.36,28.59,0.053
"2020-12-25 00:00:00",196,1.282,154.9,50.59,6.125,22.47,29.8,58.2,100,1375,353.4,66.75,17.98,1.209,0,22.49,26.31,0.074
"2020-12-26 00:00:00",197,0.872,62.36,41.03,5.3,21.24,28.66,70.36,100,1598,230,72.94,12.38,0.801,20.83,21.5,25.15,0.083
"2020-12-27 00:00:00",198,1.272,32.98,34.7,6.05,19.85,32.1,64.13,100,1446,422,65.94,20.44,1.432,0,20.54,27.62,0.07
"2020-12-28 00:00:00",199,1.816,16.98,41.36,6.5,24.05,33.82,61.11,99.5,1280,410.5,58.66,19.8,1.431,0,24.47,29.38,0.064
"2020-12-29 00:00:00",200,1.1,159.8,45.44,5,21.39,30.34,63.97,99.1,1440,356.7,66.15,18.04,1.211,0,22.86,27.17,0.059
"2020-12-30 00:00:00",201,1.572,19.02,31.4,7.25,20.23,33.35,61.73,100,1140,421.6,55.62,20.82,1.533,0,21.36,28.72,0.053
"2020-12-31 00:00:00",202,1.613,27.13,56.41,5.975,23.81,36.05,48,99.1,1113,431.9,55.42,21.15,1.553,0,24.69,30.84,0.046
"2021-01-01 00:00:00",203,1.587,53.48,63.28,6.5,23.7,34.85,62.45,97.3,1352,399.3,65.23,20.05,1.446,0,24.22,30.85,0.039
"2021-01-02 00:00:00",204,1.703,161.4,50.38,6.8,21.83,30.27,69.38,99.7,1571,278.7,76.26,15.04,0.827,0,21.99,26.29,0.035
"2021-01-03 00:00:00",205,1.516,185.8,48.6,6.5,18.98,26.92,64.82,99.2,1467,211.5,71.02,12.03,0.727,4.826,19.49,22.06,0.034
"2021-01-04 00:00:00",206,1.001,141.5,61.97,5.15,19.27,28.82,65.02,98.5,1642,262.1,77.17,14.29,0.961,0,19.58,24.92,0.034
"2021-01-05 00:00:00",207,1.087,32.41,36.49,6.5,22.23,32.02,61.56,99.6,1479,333.5,64.63,17.34,1.166,2.794,22.88,28.08,0.034
"2021-01-06 00:00:00",208,1.35,7.828,38.48,6.95,23.2,32.02,63.11,100,1316,381.4,60.89,18.95,1.14,7.62,24.43,27.72,0.038
"2021-01-07 00:00:00",209,1.18,185.5,41.33,5.9,22.88,27.97,71.45,100,798.6,175.7,47.95,10.42,0.686,20.07,22.86,25.38,0.082
"2021-01-08 00:00:00",210,1.325,176.9,46.9,5.225,21.51,27.66,67.98,96.7,1176,215.5,54.32,11.78,0.842,0,21.34,25.03,0.071
"2021-01-09 00:00:00",211,1.139,71.72,70.59,5.375,21.19,31.42,62.09,96.1,1498,390.9,67.56,19.23,1.36,0,21.46,27.66,0.065
"2021-01-10 00:00:00",212,1.018,60.68,27.84,5.9,21.07,30.82,60.51,97.9,1470,423.4,67.97,20.08,1.399,0,21.92,28.16,0.06
"2021-01-11 00:00:00",213,1.054,95.6,74.43,4.7,19.88,33.07,55.26,100,1525,427.9,68.26,20.16,1.402,0,20.8,28.14,0.054
"2021-01-12 00:00:00",214,1.175,143.2,61.36,5.075,20.91,32.16,51.64,99.8,1304,438,61.09,21.4,1.551,2.54,21.52,27.65,0.047
"2021-01-13 00:00:00",215,1.611,67.73,27.66,5.825,23.91,32.59,49.66,96.2,1105,424.6,55.12,21,0.785,0,24.84,30.59,0.039
"2021-01-14 00:00:00",216,0.914,102.7,39.5,5.975,22.47,33.57,47.28,97.6,1389,396.6,64.73,19.97,1.371,0,23.1,29.18,0.037
"2021-01-15 00:00:00",217,1.085,74.92,35.48,6.425,21.45,31.95,52.13,100,1200,428.9,57.55,21.23,1.516,0,22.42,28.88,0.034
"2021-01-16 00:00:00",218,1.722,22.13,33.41,7.1,21.24,34.13,56.16,100,1335,407.5,61.89,19.84,1.427,0,22.46,30.06,0.032
"2021-01-17 00:00:00",219,1.483,20.65,88.2,6.575,24.42,39.77,38.53,98.4,1255,364,56.84,17.57,0.949,1.27,24.57,28.99,0.031
"2021-01-18 00:00:00",220,1.259,168.3,47.45,5.45,23.31,30.18,62.95,97.4,1484,239.1,67.56,13.14,0.731,0,23.41,26.27,0.03
"2021-01-19 00:00:00",221,1.091,161.2,47.97,5.3,21.23,31,55.12,94.5,1565,342.3,73.02,16.82,1.179,0,21.38,26.66,0.03
"2021-01-20 00:00:00",222,1.123,52.4,36.16,6.8,19.54,31.66,46.69,96.1,1362,439.9,62.3,21.13,1.529,0,20.03,27.74,0.029
"2021-01-21 00:00:00",223,1.266,181.4,50.7,5.825,19.5,32.76,55.81,99.1,1473,334.6,63.93,15.44,1.046,0,20,26.85,0.029
"2021-01-22 00:00:00",224,1.211,152.1,57.76,5.225,21,32.61,55.85,99.5,1689,358.4,69.78,17.39,1.16,0,21.81,27.73,0.028
"2021-01-23 00:00:00",225,1.006,47.88,36.95,6.275,19.18,32.46,54.29,100,1443,418,63.11,19.22,1.359,0,19.22,27.98,0.028
"2021-01-24 00:00:00",226,1.39,26.7,43.81,6.875,20.12,34.09,56.73,98.1,1404,396.5,62.3,19.3,1.346,0,20.15,29.7,0.028
"2021-01-25 00:00:00",227,1.661,79.84,61.05,9.35,22.55,33.69,66.98,99.6,1459,259.4,65.94,13.2,0.802,14.73,23.02,28.66,0.038
"2021-01-26 00:00:00",228,1.534,187,45.07,6.5,19.76,25.38,85.7,100,975,141.3,44.31,8.18,0.423,57.4,20.04,22.43,0.094
"2021-01-27 00:00:00",229,1.264,5.169,49.66,5.225,20.97,32.28,65.68,99.4,1505,336.2,69.99,16.89,1.172,0,21.49,27.48,0.072
"2021-01-28 00:00:00",230,1.751,7.041,33.14,6.05,24.24,35.98,50.38,100,1288,416.2,59.87,20.21,1.407,0,24.55,30.07,0.065
"2021-01-29 00:00:00",231,1.405,193.7,43.64,5.45,21.17,26.9,83.1,100,695.6,149.2,37.63,8.94,0.595,14.22,21.85,23.81,0.082
"2021-01-30 00:00:00",232,0.922,171.2,51.14,4.7,21.08,31.6,60.1,98,1448,396.4,66.25,19.38,1.369,0,21.44,27.32,0.075
"2021-01-31 00:00:00",233,0.705,69.33,45.69,5.3,22.87,32.53,62.34,99.8,1356,332.2,62.7,16.79,1.14,0,23.59,28.52,0.068
"2021-02-01 00:00:00",234,1.369,6.51,34.03,5.45,24.68,34.17,58.02,99.7,1384,400.6,63.41,19.72,1.268,0,25.56,29.93,0.063
"2021-02-02 00:00:00",235,1.645,79.27,97.7,6.275,19.11,35.2,57.29,99,1547,320.8,71.73,16.36,0.94,32,19.52,27,0.068
"2021-02-03 00:00:00",236,1.343,174.2,48.27,5.225,19.25,25.92,71.04,98.2,1041,163,48.56,9.24,0.52,1.27,19.6,22.37,0.083
"2021-02-04 00:00:00",237,0.88,191.9,38.07,4.325,19.64,28.89,82,100,660.1,155.7,37.43,9.28,0.667,4.826,20.22,23.6,0.081
"2021-02-05 00:00:00",238,0.681,354.1,50.72,4.775,22.63,35.01,57.26,100,1362,391.7,63.01,19.2,1.182,4.064,23.2,28.37,0.075
"2021-02-06 00:00:00",239,0.808,164.8,44.92,4.025,23.3,32.12,69.87,100,1283,315.1,60.48,15.9,1.054,0,23.9,27.58,0.076
"2021-02-07 00:00:00",240,0.736,120.1,52.05,4.475,22.68,31.38,62.1,100,1339,342.1,64.93,17.27,1.152,0,23.57,27.75,0.069
"2021-02-08 00:00:00",241,0.59,24.23,36.43,3.65,21.95,32.73,58.28,99.4,1444,249.3,66.55,13.44,0.851,0,23.06,27.74,0.064
"2021-02-09 00:00:00",242,0.778,54.83,44.18,5.45,22.23,33.32,57.68,100,1381,397.8,63.11,19.43,1.323,0,22.92,29.21,0.059
"2021-02-10 00:00:00",243,0.575,147.5,50.11,3.5,22.64,30.16,63.43,99.3,829,198.3,41.06,11.1,0.698,0.254,23.29,26.79,0.054
