"TOA5","Science Centre AWS","CR1000","88296","CR1000.Std.31.08","CPU:Vasi_Science Centre AWS.CR1","64103","Hourly"
"TIMESTAMP","RECORD","BattV_Min","BP_kPa","WS_ms_S_WVT","WindDir_D1_WVT","WindDir_SD1_WVT","AirTC_Avg","RH","SlrW_Avg","CUV5_W_Avg","Rain_mm_Tot","T107_C_Min","T107_C_Avg","VW_Avg"
"TS","RN","Volts","kPa","meters/second","Deg","Deg","Deg C","%","W/m^2","W/m^2","mm","Deg C","Deg C",""
"","","Min","Smp","WVc","WVc","WVc","Avg","Smp","Avg","Avg","Tot","Min","Avg","Avg"
"2022-05-11 15:00:00",16778,14.14,100.6159,1.561,6.08,33.09,28.6,55.94,441.7,19.39,0,31.65,32.14,0.031
"2022-05-11 16:00:00",16779,13.5,100.6729,1.243,21.55,24.97,27.95,73.54,264.3,11.1,0,27.25,30.08,0.031
"2022-05-11 17:00:00",16780,13,100.7677,1.168,30.47,19.64,24.46,87,50.24,3.399,0,23.7,25.12,0.031
"2022-05-11 18:00:00",16781,12.97,100.8248,0.435,29.94,9.49,22,94.8,0.674,0.139,0,21.35,22.59,0.031
"2022-05-11 19:00:00",16782,12.94,100.9621,0,0,0,20.41,99.1,0,0,0,19.19,20.04,0.031
"2022-05-11 20:00:00",16783,12.93,101.0198,0,0,0,20.18,99.6,0,0,0,18.17,18.63,0.031
"2022-05-11 21:00:00",16784,12.91,101.1334,0.18,228.4,20.21,19.91,99.8,0,0,0,17.88,18.22,0.031
"2022-05-11 22:00:00",16785,12.9,101.1902,0.803,210,19.86,20.67,91,0,0,0,19.57,20.14,0.031
"2022-05-11 23:00:00",16786,12.89,101.2227,0.63,207.8,16.81,19.94,94.4,0,0,0,19.36,19.58,0.031
"2022-05-12 00:00:00",16787,12.87,101.2146,0.291,198.6,9.22,19.11,97.1,0,0,0,18.66,19.01,0.031
"2022-05-12 01:00:00",16788,12.86,101.2227,0.247,193.1,10.21,18.45,97.8,0,0,0,18.21,18.38,0.031
"2022-05-12 02:00:00",16789,12.85,101.2065,0.256,201.4,8.5,18.31,98.8,0,0,0,18.08,18.22,0.031
"2022-05-12 03:00:00",16790,12.83,101.174,0.315,193.8,6.93,17.93,99.7,0,0,0,17.97,18.01,0.031
"2022-05-12 04:00:00",16791,12.82,101.174,0.31,196.8,8.54,18.01,99.7,0,0,0,17.97,18.03,0.031
"2022-05-12 05:00:00",16792,12.8,101.1902,0.316,204.5,9.57,18.05,99.6,0,0,0,17.9,18,0.031
"2022-05-12 06:00:00",16793,12.78,101.2471,0.38,211.5,8.57,17.93,99.5,0,0,0,17.67,17.88,0.031
"2022-05-12 07:00:00",16794,12.77,101.3282,0.448,221.5,10.67,17.89,98.1,16.38,0.858,0,17.56,17.76,0.031
"2022-05-12 08:00:00",16795,12.9,101.377,0.784,202.5,20.41,19.73,89.9,145.2,6.125,0,18.24,19.18,0.031
"2022-05-12 09:00:00",16796,13.72,101.4163,0.997,192.3,28.89,22.45,83,325.2,14.31,0,20.15,21.44,0.031
"2022-05-12 10:00:00",16797,14.15,101.3775,0.961,192.4,32.55,24.75,77.25,481.6,22.02,0,23.06,24.75,0.031
"2022-05-12 11:00:00",16798,14.05,101.3379,0.75,221,26.61,25.77,75.75,442.3,22.15,0,26.28,27.15,0.031
"2022-05-12 12:00:00",16799,14.05,101.264,0.488,173,36.14,26.91,71.49,485.1,23.05,0,27.23,28.68,0.031
"2022-05-12 13:00:00",16800,14.09,101.1605,0.529,165.9,36.64,26.8,67.53,407.4,21.22,0,27.97,28.7,0.031
"2022-05-12 14:00:00",16801,14.03,101.0867,1.213,79.81,31.6,26.68,74.96,337.6,17.59,0,29.19,29.97,0.031
"2022-05-12 15:00:00",16802,14.04,101.0821,1.154,67.6,22.14,26.04,78.08,228.6,13.52,0,27.59,28.24,0.031
"2022-05-12 16:00:00",16803,13.96,101.0829,1.301,63.75,25.07,25.32,80.9,159.4,9.02,0,25.59,26.59,0.031
"2022-05-12 17:00:00",16804,13.01,101.0842,0.647,36.34,14.89,24.1,90.4,50.51,3.18,0,23.67,24.57,0.031
"2022-05-12 18:00:00",16805,12.96,101.1085,0.01,28.31,1.151,21.78,97.4,0.581,0.121,0,20.59,22.1,0.031
"2022-05-12 19:00:00",16806,12.94,101.1565,0.011,27.66,0.043,20.81,99.3,0,0,0,19.57,20.04,0.031
"2022-05-12 20:00:00",16807,12.93,101.1821,0,0,0,20.31,100,0,0,0,18.57,19.04,0.031
"2022-05-12 21:00:00",16808,12.92,101.1902,0.001,14.48,0,19.63,100,0,0,0,18.13,18.37,0.031
"2022-05-12 22:00:00",16809,12.91,101.1821,0,0,0,19.47,100,0,0,0,17.55,17.8,0.031
"2022-05-12 23:00:00",16810,12.89,101.1497,0,0,0,19.12,100,0,0,0,17.22,17.41,0.031
"2022-05-13 00:00:00",16811,12.87,101.1334,0,0,0,18.79,100,0,0,0,16.78,17.04,0.031
"2022-05-13 01:00:00",16812,12.86,101.0847,0.004,11.06,0.001,18.69,100,0,0,0,16.59,16.72,0.031
"2022-05-13 02:00:00",16813,12.85,101.0522,0.483,319.9,9.26,19.52,100,0,0,0,16.76,18.36,0.031
"2022-05-13 03:00:00",16814,12.85,101.0112,0.7,328.8,17.99,19.97,100,0,0,0,18.69,19.52,0.031
"2022-05-13 04:00:00",16815,12.84,100.9968,1.249,328.7,20.22,20.74,100,0,0,0,20.39,20.7,0.031
"2022-05-13 05:00:00",16816,12.82,100.9759,1.152,333.7,16.73,20.26,100,0,0,0,19.68,20.17,0.031
"2022-05-13 06:00:00",16817,12.8,101.0279,0.78,337.1,17.54,19.44,97.8,0,0,0,18.75,19.18,0.031
"2022-05-13 07:00:00",16818,12.79,101.0604,0.628,341.4,18.56,19.21,96.5,13.99,0.81,0,18.66,18.75,0.031
"2022-05-13 08:00:00",16819,12.9,101.0566,1.015,10.12,15.31,20.33,88.4,132.8,5.983,0,18.95,19.84,0.031
"2022-05-13 09:00:00",16820,13.71,101.1005,1.801,354,26.14,22.74,78.82,339.4,14.27,0,20.86,21.99,0.031
"2022-05-13 10:00:00",16821,14.2,101.0864,1.994,357.2,28.95,24.99,71.32,504.8,22.39,0,23.67,25.98,0.031
"2022-05-13 11:00:00",16822,14.21,101.021,2.316,354.4,35.81,26.8,65.79,619.4,28.44,0,28.15,29.47,0.031
"2022-05-13 12:00:00",16823,14.2,100.9384,1.872,352.5,34.78,28.35,60.78,673,31.42,0,30.45,32.01,0.031
"2022-05-13 13:00:00",16824,14.19,100.8574,1.608,356.1,37.6,29.35,59.4,652.6,30.47,0,32.98,33.75,0.031
"2022-05-13 14:00:00",16825,14.19,100.8002,1.471,17.94,26.98,29.62,57.46,570.9,26.33,0,33.55,34.26,0.031
"2022-05-13 15:00:00",16826,14.19,100.8246,0.763,7.364,40.01,30.21,55.2,422.5,18.78,0,32.46,33.31,0.031
"2022-05-13 16:00:00",16827,13.8,100.86,1.58,26.06,23.06,28.05,75.79,244.9,10.19,0,26.98,30.46,0.031
"2022-05-13 17:00:00",16828,13.01,100.9137,1.072,29.08,19.12,24.61,86,50.01,3.13,0,24.05,25.38,0.031
"2022-05-13 18:00:00",16829,12.96,100.9638,0.087,31.91,4.474,22.09,94.1,0.49,0.112,0,21.13,22.63,0.031
"2022-05-13 19:00:00",16830,12.94,101.0197,0,0,0,20.63,96.6,0,0,0,19.11,20.03,0.031
"2022-05-13 20:00:00",16831,12.92,101.0766,0.001,308.7,0,19.77,98.9,0,0,0,18.52,18.85,0.031
"2022-05-13 21:00:00",16832,12.91,101.1091,0.002,300.7,0,19.33,99.5,0,0,0,17.84,18.15,0.031
"2022-05-13 22:00:00",16833,12.9,101.1497,0.024,238.8,4.031,18.91,100,0,0,0,17.59,17.87,0.031
"2022-05-13 23:00:00",16834,12.88,101.174,0.009,239.2,2.594,19.02,100,0,0,0,17.77,18.06,0.031
"2022-05-14 00:00:00",16835,12.87,101.1821,0.006,242.5,1.739,18.85,100,0,0,0,17.5,17.6,0.03
"2022-05-14 01:00:00",16836,12.86,101.174,0.089,244.6,7.401,18.5,100,0,0,0,17.47,18.05,0.03
"2022-05-14 02:00:00",16837,12.85,101.1415,0.178,210.5,10.02,18.77,100,0,0,0,18.72,18.97,0.03
"2022-05-14 03:00:00",16838,12.84,101.1091,0.118,234.1,5.876,19.56,99.5,0,0,0,19.34,19.81,0.03
"2022-05-14 04:00:00",16839,12.83,101.0766,0.068,251,4.463,19.91,97.8,0,0,0,19.73,19.86,0.03
"2022-05-14 05:00:00",16840,12.81,101.125,0.006,242.7,0.078,19.84,99.4,0,0,0,19.83,19.9,0.03
"2022-05-14 06:00:00",16841,12.79,101.1411,0,0,0,19.72,99.8,0,0,0,19.97,20.17,0.03
"2022-05-14 07:00:00",16842,12.78,101.1984,0,0,0,19.01,100,13.12,0.762,0,19.27,19.6,0.03
"2022-05-14 08:00:00",16843,12.84,101.2822,0.042,271.2,2.618,21.31,91.1,140,5.836,0,19.26,20.33,0.03
"2022-05-14 09:00:00",16844,13.7,101.352,0.925,331.7,29.49,24.01,84,314.6,13.37,0,22.45,23.77,0.03
"2022-05-14 10:00:00",16845,13.92,101.3487,1.27,352.2,32.91,25.68,73.35,440.1,20.32,0,25.28,26.88,0.03
"2022-05-14 11:00:00",16846,14.03,101.3129,1.498,3.927,34.73,26.84,68.75,580.3,26.81,0,28.6,30.16,0.031
"2022-05-14 12:00:00",16847,14.04,101.2399,1.438,10.2,38.14,27.42,66.32,573.5,26.69,0,30.38,31.49,0.031
"2022-05-14 13:00:00",16848,14.05,101.1582,1.306,31.72,31.38,27.5,63.56,421.8,19.96,0,30.08,31.49,0.031
"2022-05-14 14:00:00",16849,14.12,101.1111,1.544,27.58,28.68,27.87,62.7,478.8,22.51,0,31.33,32.3,0.031
"2022-05-14 15:00:00",16850,14.05,101.1144,1.374,33.61,22.26,26.77,66.58,193.3,10.41,0,28.01,29.27,0.031
"2022-05-14 16:00:00",16851,13.96,101.1645,1.143,41.24,20.14,26.37,72.38,155.5,7.135,0,27.13,27.44,0.031
"2022-05-14 17:00:00",16852,13,101.2705,0.471,70.06,19.21,24.61,87.6,39.64,2.605,0,24.5,26.02,0.031
"2022-05-14 18:00:00",16853,12.96,101.3439,0.139,77.94,6.867,22.34,94.2,0.316,0.093,0,22.21,23.21,0.031
"2022-05-14 19:00:00",16854,12.95,101.4089,0,0,0,21.73,94.1,0,0,0,22.02,22.15,0.031
"2022-05-14 20:00:00",16855,12.94,101.4251,0.007,111.9,0.022,21.83,94.8,0,0,0,22.24,22.35,0.03
"2022-05-14 21:00:00",16856,12.93,101.5473,0.054,195.5,7.044,21.7,94.6,0,0,0,21.86,22.04,0.03
"2022-05-14 22:00:00",16857,12.92,101.4747,0.152,248.5,13.28,21.6,97.4,0,0,0,21.73,22.04,0.03
"2022-05-14 23:00:00",16858,12.9,101.521,0.232,227.7,17.51,20.7,99.1,0,0,0,20.92,21.22,0.031
"2022-05-15 00:00:00",16859,12.88,101.5291,0.491,210.9,14.78,20.66,99.4,0,0,0,20.68,20.88,0.03
"2022-05-15 01:00:00",16860,12.87,101.595,0.566,186.9,20.42,20.42,99.8,0,0,0,20.47,20.64,0.03
"2022-05-15 02:00:00",16861,12.86,101.6192,0.335,150.2,21.11,20.31,96.7,0,0,0,20.59,20.79,0.03
"2022-05-15 03:00:00",16862,12.85,101.653,0.087,183.6,7.602,19.46,97.9,0.016,0,0,19.82,20.22,0.03
"2022-05-15 04:00:00",16863,12.83,101.6854,0.518,178.2,21.3,19.68,99.4,0,0,4.826,19.89,20.2,0.03
"2022-05-15 05:00:00",16864,12.81,101.7017,0.363,184.1,14.54,18.93,100,0.01,0,3.302,19.52,19.63,0.031
"2022-05-15 06:00:00",16865,12.79,101.791,0.688,188.6,22.87,18.93,100,0.052,0,0,19.55,19.61,0.035
"2022-05-15 07:00:00",16866,12.77,101.8638,0.536,99.3,28.18,19.13,100,5.179,0.454,2.794,19.73,19.93,0.04
"2022-05-15 08:00:00",16867,12.77,102.0019,0.338,84,24.47,19.66,98.1,90.3,4.538,0.254,19.98,20.47,0.053
"2022-05-15 09:00:00",16868,13.7,102.0331,0.274,211.6,12.93,22.67,87.3,395.4,15.98,0,21.19,22.12,0.068
"2022-05-15 10:00:00",16869,13.88,102.0419,0.037,210.6,7.906,22.56,88.6,266,15.93,0,22.3,22.7,0.073
"2022-05-15 11:00:00",16870,13.96,102.0735,0.389,181,23.01,23.57,83.1,408.7,22.07,0,22.96,23.95,0.076
"2022-05-15 12:00:00",16871,13.63,102.0337,1.005,177.3,28.13,22.96,93.7,392.9,21.03,1.27,22.85,24.37,0.077
"2022-05-15 13:00:00",16872,14.13,101.9653,1.187,175.2,33.03,24.8,73.35,725.2,34.42,0,24.42,25.66,0.082
"2022-05-15 14:00:00",16873,14.05,101.9669,1.521,163.9,36.5,23.44,82.9,551.6,25.18,0,24.21,25.9,0.084
"2022-05-15 15:00:00",16874,14.08,101.9608,0.892,188.5,26.76,21.5,90.1,232.6,11.74,0,22.94,23.88,0.083
"2022-05-15 16:00:00",16875,13.68,101.9526,0.537,197.2,21.27,21.04,93.6,109.3,6.177,0,22.35,22.72,0.083
"2022-05-15 17:00:00",16876,13,101.9938,0.456,206,20.26,20.6,97.4,44.37,2.212,0,21.72,22.04,0.083
"2022-05-15 18:00:00",16877,12.96,102.0502,0.531,205.9,16.65,20.07,97.8,0.601,0.088,0,20.57,21.1,0.082
"2022-05-15 19:00:00",16878,12.95,102.1238,0.418,195.9,14.28,19.61,99.3,0,0,0,20.29,20.49,0.082
"2022-05-15 20:00:00",16879,12.94,102.1563,0.413,200.7,15.42,19.49,97.7,0,0,0,20.08,20.18,0.081
"2022-05-15 21:00:00",16880,12.92,102.1725,0.152,199,8.52,19.55,99.5,0,0,0.254,19.94,20.16,0.081
"2022-05-15 22:00:00",16881,12.92,102.205,0.091,216.4,7.355,19.57,98.8,0,0,0,19.93,20.09,0.081
"2022-05-15 23:00:00",16882,12.91,102.2131,0.053,216,6.487,19.74,99,0,0,0,20.26,20.39,0.081
"2022-05-16 00:00:00",16883,12.89,102.1968,0.035,212.8,4.805,19.58,98.6,0,0,0,20.15,20.21,0.081
"2022-05-16 01:00:00",16884,12.88,102.1798,0.203,219.3,9.5,19.61,98.6,0.036,0,1.778,19.84,20.22,0.081
"2022-05-16 02:00:00",16885,12.86,102.1563,0.396,202.3,16.72,19.05,99.5,0.038,0,0,19.25,19.55,0.084
"2022-05-16 03:00:00",16886,12.85,102.0832,0.43,204.5,10.99,19.01,100,0,0,0,19.2,19.42,0.086
"2022-05-16 04:00:00",16887,12.83,102.0913,0.279,196.2,11.97,18.69,100,0,0,0,18.98,19.18,0.086
"2022-05-16 05:00:00",16888,12.82,102.1238,0.121,208,10.18,18.21,100,0,0,0,18.86,19.04,0.086
"2022-05-16 06:00:00",16889,12.79,102.1806,0.043,187.6,7.217,17.84,100,0,0,0,18.75,19.06,0.086
"2022-05-16 07:00:00",16890,12.77,102.2374,0.076,202.4,7.876,17.9,100,12.23,0.438,0,18.84,19.07,0.086
"2022-05-16 08:00:00",16891,12.82,102.2943,0.444,207.4,15.43,18.76,98.5,96.9,4.868,0,19.23,19.56,0.085
"2022-05-16 09:00:00",16892,13.41,102.3269,0.286,201.5,12.14,20.58,94,187.3,11.07,0,20.15,21.1,0.085
"2022-05-16 10:00:00",16893,13.15,102.3341,0.193,191.8,12.69,20.9,94.4,87.5,6.264,0,20.82,21.31,0.085
"2022-05-16 11:00:00",16894,13.15,102.2854,0.147,205.6,8.09,21.47,90.5,211.9,13.23,0,21.18,21.83,0.084
"2022-05-16 12:00:00",16895,13.25,102.2367,0.279,174.1,25.99,21.95,93.1,197.9,12.53,0,21.83,22.73,0.084
"2022-05-16 13:00:00",16896,13.25,102.115,0.097,183.7,11.13,21.32,96.4,131.5,10.01,0,21.84,22.16,0.084
"2022-05-16 14:00:00",16897,13.16,102.0582,0.085,216.4,10.91,21.04,98.8,89.4,6.382,4.826,21.47,21.82,0.083
"2022-05-16 15:00:00",16898,13.73,102.0582,0,0,0,21.5,96.2,166.9,9.65,0,21.86,22.35,0.099
"2022-05-16 16:00:00",16899,13.73,102.0661,0.028,207.8,3.565,22.97,94.8,256.3,10.35,0,22.64,23.37,0.098
"2022-05-16 17:00:00",16900,13.05,102.0825,0.006,205.1,1.984,21.34,98.5,44.32,3.096,0,21.2,22.16,0.096
"2022-05-16 18:00:00",16901,12.98,102.1127,0.037,211.6,5.193,20.02,99.4,0.826,0.104,0,20.17,20.54,0.094
"2022-05-16 19:00:00",16902,12.96,102.1064,0.168,130,12.99,19.66,100,0,0,1.016,19.93,20.25,0.093
"2022-05-16 20:00:00",16903,12.94,102.1644,0.066,152.1,4.183,19.07,100,0,0,0,19.48,19.65,0.093
"2022-05-16 21:00:00",16904,12.92,102.1968,0.206,48.98,10.49,19.16,100,0,0,0.254,19.66,19.97,0.093
"2022-05-16 22:00:00",16905,12.91,102.1806,0,0,0,18.94,100,0,0,1.016,19.87,20.04,0.092
"2022-05-16 23:00:00",16906,12.89,102.1157,0,0,0,18.6,100,0,0,0,19.5,19.66,0.093
"2022-05-17 00:00:00",16907,12.87,102.0913,0,0,0,18.51,100,0,0,0,19.55,19.66,0.094
"2022-05-17 01:00:00",16908,12.86,102.0913,0.023,74.98,1.284,18.65,100,0,0,0,19.68,19.8,0.093
"2022-05-17 02:00:00",16909,12.84,101.9858,0.008,349.5,4.633,18.57,100,0,0,0,19.48,19.77,0.092
"2022-05-17 03:00:00",16910,12.82,101.9858,0.001,337.6,0,18.47,100,0,0,0,19.47,19.63,0.092
"2022-05-17 04:00:00",16911,12.8,101.929,0.045,346.5,3.898,18.55,100,0,0,0,19.73,19.84,0.091
"2022-05-17 05:00:00",16912,12.78,101.9208,0,0,0,18.41,100,0,0,0.254,19.55,19.72,0.09
"2022-05-17 06:00:00",16913,12.76,101.9777,0.011,302.2,0.9,18.41,100,0,0,0,19.48,19.73,0.089
"2022-05-17 07:00:00",16914,12.75,102.0183,0.002,295.6,0,18.53,100,1.164,0.177,0,19.56,19.77,0.089
"2022-05-17 08:00:00",16915,12.75,102.0426,0,0,0,18.78,100,20.12,1.36,1.016,19.64,19.89,0.089
"2022-05-17 09:00:00",16916,12.76,102.074,0.053,283.2,2.779,19.43,99.7,95.6,5.584,0.254,20.22,20.61,0.09
"2022-05-17 10:00:00",16917,13.34,102.0884,0.23,277.8,4.712,22.35,85.1,481.9,21.68,0,21.11,23.01,0.091
"2022-05-17 11:00:00",16918,13.94,102.0106,0.28,273.7,15.74,23.76,79.6,546.9,26.31,0,23.61,24.63,0.09
"2022-05-17 12:00:00",16919,14.05,101.908,0.026,278.6,6.225,24.27,72.54,420,23.14,0,24.05,25.04,0.09
"2022-05-17 13:00:00",16920,14.07,101.7829,0.012,302.8,1.729,25.73,65.24,558,27.73,0,25.8,27.04,0.089
"2022-05-17 14:00:00",16921,14,101.7167,0.392,24.59,21.27,26.91,65.48,612.2,28.1,0,27.52,29.39,0.088
"2022-05-17 15:00:00",16922,14.05,101.6887,0.928,28.87,18.33,25.55,68.82,291.7,16.14,0,26.18,27.9,0.088
"2022-05-17 16:00:00",16923,13.49,101.6562,1.268,44.88,24.75,25.21,71.5,236.6,10.95,0,24.81,26.32,0.087
"2022-05-17 17:00:00",16924,13.03,101.6442,0.371,35.62,9.76,23.14,90.1,40.49,3.264,0,22.51,23.49,0.086
"2022-05-17 18:00:00",16925,12.99,101.6682,0,0,0,19.66,98.5,0.27,0.099,0,20.47,21.38,0.085
"2022-05-17 19:00:00",16926,12.96,101.7017,0,0,0,18.42,100,0,0,0,19.66,19.95,0.085
"2022-05-17 20:00:00",16927,12.94,101.6935,0,0,0,18.12,100,0,0,0,19.26,19.5,0.084
"2022-05-17 21:00:00",16928,12.93,101.6692,0,0,0,18.31,100,0,0,0,19.07,19.17,0.084
"2022-05-17 22:00:00",16929,12.92,101.6611,0,0,0,17.84,100,0,0,0,18.58,19.06,0.083
"2022-05-17 23:00:00",16930,12.9,101.653,0,0,0,17.5,100,0,0,0,18.01,18.27,0.083
"2022-05-18 00:00:00",16931,12.9,101.6286,0.011,350.6,1.486,18.1,100,0,0,0,18.03,18.43,0.083
"2022-05-18 01:00:00",16932,12.88,101.6205,0.017,278.4,11.2,17.91,100,0,0,0,18.41,18.63,0.082
"2022-05-18 02:00:00",16933,12.87,101.5799,0.021,258.6,3.6,17.67,100,0,0,0,18.28,18.37,0.082
"2022-05-18 03:00:00",16934,12.85,101.5068,0.004,253.1,0.272,17.8,100,0,0,0,18.28,18.39,0.082
"2022-05-18 04:00:00",16935,12.83,101.4662,0,0,0,17.32,100,0,0,0,17.79,18.2,0.082
"2022-05-18 05:00:00",16936,12.82,101.4419,0,0,0,17.02,100,0,0,0,17.15,17.37,0.081
"2022-05-18 06:00:00",16937,12.81,101.45,0,0,0,17.28,100,0,0,0,17.24,17.47,0.081
"2022-05-18 07:00:00",16938,12.79,101.4906,0,0,0,17.36,100,11.86,0.767,0,17.48,17.74,0.081
"2022-05-18 08:00:00",16939,12.92,101.515,0.011,274.8,0.995,19.4,91.4,136,6.316,0,17.78,19.16,0.08
"2022-05-18 09:00:00",16940,13.66,101.5387,0.05,294.3,6.035,22.48,83,339.5,15.04,0,20.34,21.81,0.081
"2022-05-18 10:00:00",16941,14.2,101.5322,0.395,322.4,18.48,24.76,74.34,503.5,23.79,0,22.86,24.17,0.08
"2022-05-18 11:00:00",16942,14.19,101.4577,1.554,337.4,31.7,26.11,66.48,627.6,30.18,0,25.79,27.41,0.08
"2022-05-18 12:00:00",16943,13.94,101.3528,1.695,353.8,31.27,26.53,66.63,583.2,29.67,0,27.47,29,0.08
"2022-05-18 13:00:00",16944,14.19,101.2392,1.605,357.7,33.18,26.8,66.81,545.2,28.02,0,29.01,29.95,0.079
"2022-05-18 14:00:00",16945,13.65,101.1812,1.623,357.2,31.7,27.36,63.44,569.1,27.23,0,29.03,30.6,0.079
"2022-05-18 15:00:00",16946,14,101.1419,1.476,7.162,30.39,26.92,58.91,382.3,18.14,0,28.49,29.2,0.079
"2022-05-18 16:00:00",16947,13.81,101.1447,1.639,25.44,23.29,25.97,79.85,218.9,10.55,0,24.95,27.75,0.078
"2022-05-18 17:00:00",16948,13.03,101.1329,1.524,27.03,19.21,23.31,85.3,37.68,2.99,0,22.51,23.53,0.078
"2022-05-18 18:00:00",16949,12.98,101.1492,0.671,24.32,13.29,21.6,90.3,0.281,0.091,0,21.49,21.95,0.077
"2022-05-18 19:00:00",16950,12.96,101.1896,0.12,20.83,5.891,20.43,95.6,0,0,0,20.43,20.97,0.077
"2022-05-18 20:00:00",16951,12.94,101.2065,0,0,0,19.28,98.7,0,0,0,19.29,19.86,0.077
"2022-05-18 21:00:00",16952,12.93,101.2146,0,0,0,18.82,99.5,0,0,0,18.66,19,0.077
"2022-05-18 22:00:00",16953,12.91,101.1984,0,0,0,18.67,99.6,0,0,0,18.57,18.72,0.076
"2022-05-18 23:00:00",16954,12.9,101.1902,0,0,0,18.82,99.8,0,0,0,18.57,18.84,0.076
"2022-05-19 00:00:00",16955,12.89,101.1497,0.023,352.5,1.974,19.15,99.5,0,0,0,19.19,19.32,0.076
"2022-05-19 01:00:00",16956,12.88,101.1497,0.03,311.8,5.827,19.28,100,0,0,0,18.91,19.23,0.076
"2022-05-19 02:00:00",16957,12.86,101.1091,0.031,306.9,3.727,18.97,100,0,0,0,19.09,19.23,0.076
"2022-05-19 03:00:00",16958,12.85,101.0847,0,0,0,18.39,100,0,0,0,18.46,18.7,0.075
"2022-05-19 04:00:00",16959,12.83,101.0604,0,0,0,18.35,100,0,0,0,18.37,18.51,0.075
"2022-05-19 05:00:00",16960,12.81,101.0685,0,0,0,18.24,100,0,0,0,18.46,18.62,0.075
"2022-05-19 06:00:00",16961,12.8,101.0604,0,0,0,18.09,100,0,0,0,18.1,18.69,0.075
"2022-05-19 07:00:00",16962,12.79,101.101,0,0,0,18.4,100,12.89,0.695,0,17.96,18.37,0.075
"2022-05-19 08:00:00",16963,12.86,101.1253,0.226,332.9,11.93,19.84,94.9,113.7,5.911,0,18.92,19.75,0.075
"2022-05-19 09:00:00",16964,13.53,101.1167,0.985,346.4,26.69,22.56,79.7,334.1,14.81,0,20.81,22.04,0.075
"2022-05-19 10:00:00",16965,14.05,101.0566,1.656,347.1,31.42,24.6,70.92,462.3,22.23,0,22.99,24.19,0.075
"2022-05-19 11:00:00",16966,14.08,100.9792,2.142,354.5,32.57,26.08,65.8,569.1,27.67,0,26.6,27.63,0.075
"2022-05-19 12:00:00",16967,14.17,100.8827,1.987,351.9,34.22,26.34,69.91,448.4,24.62,0,27.48,28.09,0.074
"2022-05-19 13:00:00",16968,14.09,100.7775,1.922,0.247,35.47,27.82,59.76,644.1,30.82,0,27.53,30.29,0.074
"2022-05-19 14:00:00",16969,14.17,100.7287,2.085,2.219,38.15,28.44,58.31,569.4,26.59,0,30.3,31.17,0.073
"2022-05-19 15:00:00",16970,14.18,100.6861,2.28,6.612,34.44,28.02,63.32,444.2,19.6,0,29.44,30.37,0.073
"2022-05-19 16:00:00",16971,13.38,100.6803,1.784,3.03,32.69,27.25,68.01,248,10.49,0,25.68,28.01,0.073
"2022-05-19 17:00:00",16972,13.02,100.7025,0.785,358.4,23.33,24.79,82.8,39.89,2.932,0,23.1,24.19,0.073
"2022-05-19 18:00:00",16973,12.98,100.753,0.021,18.48,2.22,21.82,94.9,0.161,0.086,0,21.08,21.96,0.073
"2022-05-19 19:00:00",16974,12.96,100.7555,0.213,3.142,10.91,21.2,96.8,0,0,0,20.86,21.03,0.072
"2022-05-19 20:00:00",16975,12.94,100.7925,0.047,346.4,6.747,20.24,98.7,0,0,0,19.7,20.25,0.072
"2022-05-19 21:00:00",16976,12.93,100.8087,0.068,2.448,6.721,20.16,99.1,0,0,0,19.43,19.61,0.072
"2022-05-19 22:00:00",16977,12.92,100.8006,0.066,5.782,7.639,20.24,99.7,0,0,0,19.15,19.31,0.072
"2022-05-19 23:00:00",16978,12.9,100.7681,0.027,7.127,4.772,20.05,100,0,0,0,18.74,19.02,0.072
"2022-05-20 00:00:00",16979,12.89,100.76,0,0,0,19.5,100,0,0,0,18.17,18.46,0.072
"2022-05-20 01:00:00",16980,12.87,100.7357,0.002,0.667,0,19.22,100,0,0,0,17.97,18.09,0.072
"2022-05-20 02:00:00",16981,12.86,100.7032,0.097,329.4,10.04,19.29,100,0,0,0,18.12,18.4,0.071
"2022-05-20 03:00:00",16982,12.84,100.6788,0.176,320.1,5.924,19.16,100,0,0,0,18.84,19.04,0.071
"2022-05-20 04:00:00",16983,12.82,100.6626,0.342,317.6,9.64,19.07,100,0,0,0,18.84,19.25,0.071
"2022-05-20 05:00:00",16984,12.81,100.6301,0.475,325.9,14.4,19.18,98.6,0,0,0,19.55,19.58,0.071
"2022-05-20 06:00:00",16985,12.79,100.687,0.599,334.6,14.21,19.14,97.3,0,0,0,19.28,19.42,0.071
"2022-05-20 07:00:00",16986,12.78,100.7194,0.461,340.4,17.57,19.23,95.3,15.59,0.49,0,19.27,19.35,0.071
"2022-05-20 08:00:00",16987,12.91,100.751,0.747,351.3,22.91,20.02,89.9,111.6,4.76,0,19.55,19.84,0.071
"2022-05-20 09:00:00",16988,13.65,100.7596,1.023,357.3,27.36,22.37,80.2,299.4,11.86,0,20.74,21.66,0.071
"2022-05-20 10:00:00",16989,14.14,100.7416,1.483,346.9,32.59,24.56,69.41,476.4,20.24,0,22.79,24.19,0.071
"2022-05-20 11:00:00",16990,14.2,100.6555,1.491,355.4,33.18,26.55,60.53,590.4,26.42,0,25.5,27.62,0.071
"2022-05-20 12:00:00",16991,14.21,100.5977,1.693,348.7,34.4,27.78,56.57,642.5,29.41,0,29.26,29.94,0.071
"2022-05-20 13:00:00",16992,14.21,100.4914,1.631,346.4,34.77,28.72,55.58,625.5,28.93,0,30.8,31.36,0.07
"2022-05-20 14:00:00",16993,14.22,100.4427,1.674,10.24,30.43,29.3,50.46,554.6,25.82,0,31.59,31.92,0.07
"2022-05-20 15:00:00",16994,14.22,100.419,1.354,4.544,30.81,29.43,52.21,419.1,18.83,0,30.28,31.34,0.07
"2022-05-20 16:00:00",16995,13.39,100.4456,1.452,16.29,29.51,28.4,75.6,242.1,10.2,0,26.49,28.99,0.07
"2022-05-20 17:00:00",16996,13.01,100.4997,1.126,29.59,18.72,24.57,89.3,40.73,2.913,0,23.68,24.75,0.07
"2022-05-20 18:00:00",16997,12.98,100.5242,0.225,22.15,9.52,22.33,92.2,0.259,0.078,0,21.78,22.64,0.069
"2022-05-20 19:00:00",16998,12.96,100.6253,0.27,13.51,14.46,21.69,95.1,0,0,0,20.54,21.32,0.069
"2022-05-20 20:00:00",16999,12.94,100.6697,0.009,193.9,0.15,20.48,97.1,0,0,0,20.45,20.55,0.069
"2022-05-20 21:00:00",17000,12.93,100.7031,0.002,194.2,0,20.62,98.4,0,0,0,19.87,20.11,0.069
"2022-05-20 22:00:00",17001,12.92,100.6945,0,0,0,21.15,98.2,0,0,0,19.84,20.27,0.069
"2022-05-20 23:00:00",17002,12.9,100.7438,0.143,200.3,16.74,20.16,99.6,0,0,0,19.61,19.88,0.069
"2022-05-21 00:00:00",17003,12.89,100.7032,0.368,180.1,16.91,19.55,100,0,0,0,19.84,19.98,0.069
"2022-05-21 01:00:00",17004,12.87,100.6382,0.566,185,19.98,19.45,100,0,0,0,19.87,19.98,0.068
"2022-05-21 02:00:00",17005,12.86,100.6293,0.427,191.3,18.62,19.84,100,0,0,0,20.1,20.3,0.068
"2022-05-21 03:00:00",17006,12.85,100.6057,0.256,193.4,13.98,19.97,100,0,0,0,20.25,20.36,0.068
"2022-05-21 04:00:00",17007,12.83,100.5731,0.029,182.9,3.926,19.81,100,0,0,0,20.03,20.27,0.068
"2022-05-21 05:00:00",17008,12.82,100.5713,0.005,206.1,0.002,20.26,100,0.01,0,0,20.58,20.78,0.068
"2022-05-21 06:00:00",17009,12.79,100.7061,0.295,276.9,20.95,20.39,100,0.037,0,0,20.82,21,0.068
"2022-05-21 07:00:00",17010,12.78,100.8167,1.253,241.4,39.79,19.23,99.9,2.618,0.201,4.064,19.13,19.82,0.068
"2022-05-21 08:00:00",17011,12.77,100.8655,0.977,199.3,22.71,18.5,99,37.68,2.067,0,19.02,19.14,0.068
"2022-05-21 09:00:00",17012,12.77,100.9711,0.685,196.4,23.21,18.78,97.7,65.97,3.895,0,19.13,19.39,0.069
"2022-05-21 10:00:00",17013,13.04,101.0267,0.948,191.6,29.6,19.45,96.6,160.9,9.05,0,19.73,20.19,0.072
"2022-05-21 11:00:00",17014,13.09,100.9954,0.948,190.2,29.63,18.98,96,75.9,4.981,0,19.39,19.67,0.074
"2022-05-21 12:00:00",17015,12.96,101.0441,0.746,195.5,33.59,18.63,98.1,42.89,3.243,0.508,19.01,19.22,0.075
"2022-05-21 13:00:00",17016,13.01,100.9467,0.417,180.5,18.62,18.67,97.5,109.5,7.235,1.27,19.49,19.82,0.076
"2022-05-21 14:00:00",17017,13.41,100.9224,0.635,169.8,17.38,18.75,97.4,148.7,9.24,0.254,19.71,20.02,0.079
"2022-05-21 15:00:00",17018,13.25,100.8818,0.502,163.2,16.12,18.58,98,104.3,6.458,0,19.61,19.93,0.083
"2022-05-21 16:00:00",17019,13.18,100.9467,0.164,207.1,10.41,18.55,95.3,71.49,3.967,0,19.48,19.74,0.084
"2022-05-21 17:00:00",17020,13.01,101.0522,0.071,194.7,4.102,18.46,95.9,45.27,2.185,0,19.11,19.46,0.085
"2022-05-21 18:00:00",17021,12.91,101.0766,0.108,187.9,7.342,17.45,97,0.25,0.044,0,18.1,18.58,0.085
"2022-05-21 19:00:00",17022,12.83,101.0685,0.035,187.6,3.251,16.78,98.5,0,0,0,17.69,17.86,0.085
"2022-05-21 20:00:00",17023,12.77,100.9792,0.008,186,1.656,16.14,98.8,0,0,0,17.4,17.79,0.084
"2022-05-21 21:00:00",17024,12.74,101.0198,0.207,188.6,10.44,16.42,94.9,0,0,0,17,17.24,0.084
"2022-05-21 22:00:00",17025,12.73,101.0522,0.157,195.9,7.486,16.36,96.3,0,0,0,16.98,17.05,0.083
"2022-05-21 23:00:00",17026,12.72,101.0766,0.209,194.2,9.77,15.97,97.7,0,0,0,16.33,16.66,0.083
"2022-05-22 00:00:00",17027,12.71,101.0604,0.003,182.2,0.478,15.25,99.6,0,0,0,16.43,16.81,0.083
"2022-05-22 01:00:00",17028,12.71,101.1497,0.017,202.6,0.724,15.03,99.1,0,0,0,16.49,16.75,0.083
"2022-05-22 02:00:00",17029,12.71,101.0847,0.098,206.7,4.572,15.29,94,0,0,0,16.16,16.46,0.082
"2022-05-22 03:00:00",17030,12.71,101.1497,0.041,202.2,3.609,15.34,98.2,0,0,0,16.15,16.44,0.082
"2022-05-22 04:00:00",17031,12.7,101.0522,0.029,223,1.35,14.78,98.2,0,0,0,16.21,16.49,0.082
"2022-05-22 05:00:00",17032,12.7,101.0279,0.009,223.8,1.168,14.85,98.8,0,0,0,16.3,16.46,0.082
"2022-05-22 06:00:00",17033,12.7,101.0685,0.016,223.3,1.42,15.34,96.1,0,0,0,16.27,16.46,0.081
"2022-05-22 07:00:00",17034,12.7,101.1497,0.02,220.9,2.799,15.36,92.7,9.85,0.456,0,16.12,16.26,0.081
"2022-05-22 08:00:00",17035,12.7,101.2146,0.058,214.5,2.955,16.14,89.5,59.34,3.355,0,16.25,16.64,0.081
"2022-05-22 09:00:00",17036,13.08,101.3072,0.258,202.5,11.2,19.46,78.38,288.1,13.24,0,17.07,18.18,0.081
"2022-05-22 10:00:00",17037,13.66,101.3196,0.243,196.6,10.94,20.74,74.38,339.2,17.73,0,19.06,20.1,0.081
"2022-05-22 11:00:00",17038,13.8,101.279,0.519,201.2,15.68,21.02,77.76,275.2,16.14,0,20.67,21.12,0.081
"2022-05-22 12:00:00",17039,13.82,101.1816,0.735,200.5,19.87,21.45,71.59,358.5,19.25,0,21.03,21.8,0.08
"2022-05-22 13:00:00",17040,14.01,101.0398,1.19,186.4,35.5,23.65,70.61,580.9,28.55,0,23.57,24.65,0.08
"2022-05-22 14:00:00",17041,13.63,100.9948,0.517,193,21.42,22.36,74.24,222.1,13.18,0,22.86,23.16,0.08
"2022-05-22 15:00:00",17042,13.26,100.9462,0.321,167.3,14.28,21.43,82.1,108.2,6.87,0,21.18,22.24,0.08
"2022-05-22 16:00:00",17043,13.21,101.1251,0.251,163.6,17.3,20.69,83.9,94.2,5.706,0,21.05,21.22,0.079
"2022-05-22 17:00:00",17044,13.03,101.1276,0.057,201.1,4.616,19.85,87.4,28.68,1.711,0,20.12,20.72,0.079
"2022-05-22 18:00:00",17045,12.99,101.0602,0.24,219,17.83,18.7,85.5,0.021,0.027,0,18.64,19.41,0.079
"2022-05-22 19:00:00",17046,12.97,101.0198,0.462,192.9,24.63,18.53,86.2,0,0,0,18.26,18.43,0.078
"2022-05-22 20:00:00",17047,12.95,101.0847,0.354,205.7,22.9,18.25,87,0,0,0,18.21,18.26,0.078
"2022-05-22 21:00:00",17048,12.94,101.1415,0.007,189.6,1.343,17.72,92.9,0,0,0,18.3,18.58,0.078
"2022-05-22 22:00:00",17049,12.93,101.0847,0,0,0,17.52,96.3,0,0,0,18.68,18.79,0.078
"2022-05-22 23:00:00",17050,12.92,101.0685,0.002,202.7,0.007,17.35,94.3,0,0,0,18.62,18.7,0.078
"2022-05-23 00:00:00",17051,12.91,101.0766,0,0,0,17.46,95,0,0,0,18.66,18.76,0.077
"2022-05-23 01:00:00",17052,12.9,101.0604,0.004,224.2,1.308,17.47,97.2,0,0,0.254,18.39,18.62,0.077
"2022-05-23 02:00:00",17053,12.9,100.9142,0.038,204.8,4.518,17.44,98.2,0,0,0,18.32,18.75,0.077
"2022-05-23 03:00:00",17054,12.88,100.8412,0.67,201.8,21.16,17.09,98.3,0,0,0,17.4,17.66,0.077
"2022-05-23 04:00:00",17055,12.87,100.8412,0.85,191.6,26.44,17.18,97.7,0,0,0,17.44,17.49,0.077
"2022-05-23 05:00:00",17056,12.86,100.8574,0.679,182.4,24.15,17.26,97.5,0,0,0,17.32,17.4,0.077
"2022-05-23 06:00:00",17057,12.85,100.8737,0.788,189.4,23.51,17.14,98,0,0,0,16.91,17.18,0.077
"2022-05-23 07:00:00",17058,12.83,100.8899,0.724,188.5,22.76,16.91,96.8,3.646,0.348,0,16.83,17,0.077
"2022-05-23 08:00:00",17059,12.83,100.898,1.142,190.6,27.63,17.74,95.2,17.48,1.115,0,17.37,17.67,0.077
"2022-05-23 09:00:00",17060,12.82,100.8899,1.376,189.6,27,18.38,93.9,38.46,2.453,0,17.92,18.17,0.077
"2022-05-23 10:00:00",17061,12.82,100.9061,1.771,174.1,29.9,18.34,98.5,13.32,1.159,0.508,17.9,18.06,0.077
"2022-05-23 11:00:00",17062,12.81,100.8412,1.493,190.6,28.34,17.76,100,33.99,2.488,1.524,17.89,18.08,0.076
"2022-05-23 12:00:00",17063,12.8,100.7519,1.515,196.2,29.05,17.98,100,47.22,3.287,0.762,18.19,18.38,0.077
"2022-05-23 13:00:00",17064,12.79,100.7357,1.199,194.5,25.73,17.97,100,8.32,0.848,7.874,18.17,18.23,0.079
"2022-05-23 14:00:00",17065,12.79,100.6464,1.407,195.6,26.33,18.22,100,41.59,3.065,2.54,18.24,18.52,0.108
"2022-05-23 15:00:00",17066,12.87,100.7183,1.246,190.1,23.9,18.51,100,70.17,4.47,0.508,18.68,18.94,0.111
"2022-05-23 16:00:00",17067,12.8,100.7113,1.336,189.4,24.57,18.39,100,43.47,2.457,0.254,18.57,18.77,0.107
"2022-05-23 17:00:00",17068,12.76,100.7357,1.335,196.2,23.08,17.99,100,10.48,0.521,0.762,18.1,18.33,0.103
"2022-05-23 18:00:00",17069,12.75,100.8168,1.487,188.6,24.81,17.87,100,0.166,0.01,0.254,18.03,18.07,0.101
"2022-05-23 19:00:00",17070,12.74,100.8574,1.225,187.3,21.93,17.95,100,0,0,0,18.08,18.1,0.099
"2022-05-23 20:00:00",17071,12.72,100.8818,1.175,193.2,22.45,17.97,100,0,0,0,18.06,18.1,0.097
"2022-05-23 21:00:00",17072,12.72,100.9305,1.043,188.3,20.47,18.09,100,0,0,0,18.14,18.19,0.095
"2022-05-23 22:00:00",17073,12.71,100.8818,0.709,185.8,19.45,18.07,99.9,0,0,0,17.92,18.08,0.093
"2022-05-23 23:00:00",17074,12.71,100.8493,0.323,192.3,10.78,17.68,100,0,0,0,17.41,17.61,0.092
"2022-05-24 00:00:00",17075,12.71,100.8006,0.422,195.1,13.42,17.44,99.9,0,0,0,17.24,17.4,0.09
"2022-05-24 01:00:00",17076,12.7,100.8006,0.209,202,10.06,17.33,99.8,0,0,0,17.22,17.44,0.089
"2022-05-24 02:00:00",17077,12.7,100.7762,0.169,210.9,8.43,17.06,100,0,0,0,16.94,17.1,0.088
"2022-05-24 03:00:00",17078,12.7,100.7762,0.235,216.4,9.46,16.68,100,0,0,0,16.72,16.8,0.088
"2022-05-24 04:00:00",17079,12.69,100.7438,0.178,218.5,7.509,16.54,100,0,0,0,16.57,16.73,0.087
"2022-05-24 05:00:00",17080,12.69,100.7844,0.026,198,1.154,16.09,100,0,0,0,16.2,16.37,0.086
"2022-05-24 06:00:00",17081,12.69,100.8574,0.093,198,2.097,15.98,99.9,0,0,0,16.11,16.3,0.085
"2022-05-24 07:00:00",17082,12.69,100.9142,0.174,203.7,5.895,16.19,97.5,10.13,0.642,0,16.25,16.36,0.085
"2022-05-24 08:00:00",17083,12.73,100.9548,0.547,209.2,13.67,17.94,89.1,139.2,5.966,0,16.46,17.17,0.084
"2022-05-24 09:00:00",17084,13.41,101.0112,0.562,199.7,11.84,20.5,83.6,306.4,14.08,0,18.07,19.19,0.083
"2022-05-24 10:00:00",17085,13.47,100.9773,0.652,187.3,16.68,22.13,76.83,406,20.86,0,20.27,21.24,0.083
"2022-05-24 11:00:00",17086,13.88,100.9378,0.753,179.9,22.37,24.38,72.2,586.9,28.99,0,22.75,23.79,0.083
"2022-05-24 12:00:00",17087,13.98,100.8816,0.752,179.8,25.16,25.41,75.01,529.8,27.02,0,25.04,25.79,0.082
"2022-05-24 13:00:00",17088,13.88,100.8329,0.698,173.2,31.28,26.1,67.86,589.1,29.5,0,25.07,26.55,0.081
"2022-05-24 14:00:00",17089,14.13,100.7348,0.531,172.6,32.17,27.11,64.45,597.6,27.63,0,27.3,27.97,0.081
"2022-05-24 15:00:00",17090,14.15,100.7268,0.613,111.8,56.63,27.27,69.65,468.4,20.06,0,27.53,28.3,0.081
"2022-05-24 16:00:00",17091,13.38,100.7376,0.961,74.04,21.89,26.07,76.03,250.7,10.6,0,24.79,26.85,0.08
"2022-05-24 17:00:00",17092,13.05,100.7757,0.324,70.87,9.45,23.23,90.7,34.16,2.943,0,21.73,23.01,0.079
"2022-05-24 18:00:00",17093,13,100.8478,0,0,0,19.88,98.8,0.092,0.071,0,19.41,20.37,0.079
"2022-05-24 19:00:00",17094,12.97,100.898,0,0,0,18.52,100,0,0,0,18.41,18.84,0.079
"2022-05-24 20:00:00",17095,12.95,100.9142,0,0,0,17.41,100,0,0,0,17.46,17.99,0.078
"2022-05-24 21:00:00",17096,12.93,100.9142,0,0,0,17.6,100,0,0,0,17,17.21,0.078
"2022-05-24 22:00:00",17097,12.92,100.9711,0,0,0,17.05,100,0,0,0,16.59,16.81,0.078
"2022-05-24 23:00:00",17098,12.91,100.9548,0.036,293.8,10.01,17.26,100,0,0,0,16.27,16.58,0.077
"2022-05-25 00:00:00",17099,12.91,100.9305,0.009,279.1,1.324,17.52,100,0,0,0,16.17,16.76,0.077
"2022-05-25 01:00:00",17100,12.9,100.9142,0,0,0,16.86,100,0,0,0,15.69,16.09,0.077
"2022-05-25 02:00:00",17101,12.89,100.9142,0,0,0,15.23,100,0,0,0,15.8,16.29,0.076
"2022-05-25 03:00:00",17102,12.88,100.9061,0,0,0,14.24,100,0,0,0,15.79,15.99,0.076
"2022-05-25 04:00:00",17103,12.87,100.9386,0,0,0,14.84,100,0,0,0,14.92,15.38,0.076
"2022-05-25 05:00:00",17104,12.87,100.9549,0.003,321.2,0.293,15.6,100,0,0,0,14.81,14.95,0.076
"2022-05-25 06:00:00",17105,12.86,100.9876,0,0,0,14.17,100,0,0,0,14.5,14.82,0.076
"2022-05-25 07:00:00",17106,12.86,101.0547,0,0,0,13.29,100,16.24,0.608,0,14.36,14.46,0.075
"2022-05-25 08:00:00",17107,12.91,101.1091,0.062,322.3,5.175,16.9,100,126.9,5.949,0,14.4,16.05,0.075
"2022-05-25 09:00:00",17108,13.84,101.1413,0.307,0.019,12.1,20.28,91.1,285.3,14.28,0,18.95,20.73,0.075
"2022-05-25 10:00:00",17109,14.2,101.1302,0.86,357.8,26.94,23.45,77.95,492.3,22.61,0,21.75,23.11,0.075
"2022-05-25 11:00:00",17110,14.19,101.1012,1.055,349.4,31.48,25.82,66.94,604.5,28.51,0,23.36,25.16,0.075
"2022-05-25 12:00:00",17111,14.19,101.0125,1.283,1.802,30.35,26.73,64.2,654.5,31.28,0,27.43,28.6,0.075
"2022-05-25 13:00:00",17112,14.2,100.9053,1.24,8.78,27.78,27.75,54.74,639.2,30.6,0,29.6,30.27,0.074
"2022-05-25 14:00:00",17113,14.21,100.8646,1.356,352.7,32.56,28.14,55.15,559.8,26.31,0,30.24,30.59,0.074
"2022-05-25 15:00:00",17114,14.22,100.8248,1.276,12.7,30.88,28.06,69.89,422.5,19.12,0,29.51,30.26,0.073
"2022-05-25 16:00:00",17115,13.33,100.8279,1.594,30.06,20.93,26.15,79.03,247.1,10.52,0,25.15,27.61,0.073
"2022-05-25 17:00:00",17116,13.03,100.8407,0.894,25.78,14.1,23.45,90.5,32.89,2.88,0,22.12,23.31,0.073
"2022-05-25 18:00:00",17117,12.98,100.862,0.278,25.27,8.6,20.98,96,0.127,0.067,0,20.12,21.07,0.073
"2022-05-25 19:00:00",17118,12.96,100.9305,0.041,359.7,6.77,19.55,99.1,0,0,0,18.38,19.16,0.073
"2022-05-25 20:00:00",17119,12.93,100.9792,0,0,0,18.22,100,0,0,0,17.48,17.94,0.073
"2022-05-25 21:00:00",17120,12.91,100.9873,0,0,0,17.92,100,0,0,0,17.03,17.2,0.072
"2022-05-25 22:00:00",17121,12.9,100.963,0,0,0,18.07,100,0,0,0,16.59,16.85,0.072
"2022-05-25 23:00:00",17122,12.88,100.9386,0.074,314.3,2.646,17.91,100,0,0,0,16.37,16.6,0.072
"2022-05-26 00:00:00",17123,12.87,100.9305,0.33,313,9.32,18.3,100,0,0,0,17.22,17.68,0.072
"2022-05-26 01:00:00",17124,12.86,100.8899,0.259,316.4,5.677,18.18,100,0,0,0,17.6,17.81,0.072
"2022-05-26 02:00:00",17125,12.86,100.8574,0.28,9.82,15.02,19,100,0,0,0,18.3,18.99,0.072
"2022-05-26 03:00:00",17126,12.85,100.8493,0.01,31.38,0.156,17.95,100,0,0,0,16.35,17.69,0.071
"2022-05-26 04:00:00",17127,12.85,100.9061,0,0,0,16.59,100,0,0,0,15.28,15.73,0.071
"2022-05-26 05:00:00",17128,12.84,101.0035,0.652,196.6,18.07,16.69,100,0,0,0,15.24,16.59,0.071
"2022-05-26 06:00:00",17129,12.84,101.0928,0.62,190.5,19.54,17.26,100,0,0,0,17.02,17.55,0.071
"2022-05-26 07:00:00",17130,12.84,101.1659,0.665,190.1,19.88,17.95,100,4.585,0.274,0,18.03,18.31,0.071
"2022-05-26 08:00:00",17131,12.84,101.246,0.837,189.7,25.03,19.14,100,47.17,2.314,0,18.8,19.41,0.071
"2022-05-26 09:00:00",17132,13.01,101.3362,0.848,176.6,26.86,20.79,99.3,212.3,9.64,0,20.1,21.38,0.071
"2022-05-26 10:00:00",17133,13.46,101.3683,0.755,186.6,21.45,22.76,93,248.5,12.96,0,22.18,22.79,0.071
"2022-05-26 11:00:00",17134,13.84,101.322,1.299,166.5,31.36,25.12,83,467.2,22.11,0,23,24.57,0.071
"2022-05-26 12:00:00",17135,13.61,101.2972,1.492,162.2,34.95,25.66,81.3,378.6,18.86,0,24.61,26.01,0.071
"2022-05-26 13:00:00",17136,13.8,101.2586,1.784,152.5,35.7,25.11,77.66,426.2,20.67,0,25.03,25.98,0.071
"2022-05-26 14:00:00",17137,13.8,101.2836,1.606,146.3,32.16,24.63,76.39,298,15.6,0,24.5,25.44,0.071
"2022-05-26 15:00:00",17138,14.16,101.3105,1.176,150.8,28.69,24.37,73.15,269.9,12.8,0,24.53,25.06,0.07
"2022-05-26 16:00:00",17139,13.48,101.3143,1.086,146.6,30.68,24.71,79.02,242.2,9.41,0,23.48,25.22,0.07
"2022-05-26 17:00:00",17140,13.03,101.3439,0.407,154.2,15.97,22.64,88.5,38.26,2.774,0,21.25,22.33,0.07
"2022-05-26 18:00:00",17141,12.98,101.4066,0.001,146.5,0,20.25,95.2,0.155,0.063,0,19.61,20.41,0.07
"2022-05-26 19:00:00",17142,12.96,101.5312,0,0,0,19.28,96.8,0,0,0,19,19.33,0.07
"2022-05-26 20:00:00",17143,12.93,101.5961,0,0,0,18.94,97.5,0,0,0,18.37,18.78,0.07
"2022-05-26 21:00:00",17144,12.92,101.6692,0,0,0,19.18,96.6,0,0,0,18.39,18.68,0.07
"2022-05-26 22:00:00",17145,12.91,101.7017,0,0,0,19.59,96.6,0,0,0,18.89,19.34,0.07
"2022-05-26 23:00:00",17146,12.9,101.7098,0.107,211.3,14.78,19.34,97,0,0,0,18.77,19.17,0.07
"2022-05-27 00:00:00",17147,12.88,101.6692,0.388,199,16.01,18.98,99.4,0,0,0,18.89,18.96,0.069
"2022-05-27 01:00:00",17148,12.87,101.6448,0.362,194.9,15.66,18.72,100,0,0,0,18.61,18.81,0.069
"2022-05-27 02:00:00",17149,12.86,101.6286,0.53,195.8,18.71,18.4,100,0,0,0,18.39,18.51,0.069
"2022-05-27 03:00:00",17150,12.85,101.6124,0.452,196.3,19.39,18.5,100,0,0,0,18.39,18.64,0.069
"2022-05-27 04:00:00",17151,12.83,101.5961,0.232,191,13.57,18.35,100,0,0,0,18.3,18.49,0.069
"2022-05-27 05:00:00",17152,12.83,101.6286,0.445,189.3,16.9,18.45,100,0,0,0,18.57,18.75,0.069
"2022-05-27 06:00:00",17153,12.83,101.6935,0.2,188.8,11.38,18.41,100,0,0,0,18.68,18.93,0.069
"2022-05-27 07:00:00",17154,12.83,101.7179,0.026,174.4,3.464,18.1,100,7.664,0.527,0,18.45,18.55,0.069
"2022-05-27 08:00:00",17155,12.83,101.7828,0.264,200,13.18,18.86,100,96.2,4.808,0,18.68,19.36,0.069
"2022-05-27 09:00:00",17156,13.26,101.8088,0.289,174,17.67,20.16,98.3,196.3,9.36,0,20.22,20.99,0.068
"2022-05-27 10:00:00",17157,13.6,101.8309,0.201,163.2,25.99,22.06,87.4,292.2,14.55,0,21.62,22.77,0.068
"2022-05-27 11:00:00",17158,13.53,101.7817,0.551,135.9,40.6,23.17,96,379.6,16.74,0.508,22.39,24.28,0.069
"2022-05-27 12:00:00",17159,13.61,101.6928,0.465,113.3,26.08,22.75,78.75,315.2,18.41,0,22.43,23.43,0.068
"2022-05-27 13:00:00",17160,14.06,101.6095,1.046,82.9,27.09,23.69,79.21,341.5,19.47,0,23.43,24.06,0.068
"2022-05-27 14:00:00",17161,14.01,101.5464,1.435,64.52,23.37,23.12,80.9,223.2,12.1,0,23.51,24.54,0.068
"2022-05-27 15:00:00",17162,13.54,101.4979,1.074,78.14,19.09,22.43,81.7,131.4,9.24,0,22.62,23.13,0.068
"2022-05-27 16:00:00",17163,13.54,101.5057,1.357,61.22,23.18,23.19,78.97,209,8.55,0,22.84,23.73,0.068
"2022-05-27 17:00:00",17164,13.01,101.4981,0.432,40.44,14.78,21.44,91.8,31.01,2.762,0,20.81,21.68,0.068
"2022-05-27 18:00:00",17165,12.98,101.5229,0,0,0,19.04,97.8,0.084,0.06,0,18.93,19.76,0.068
"2022-05-27 19:00:00",17166,12.95,101.5555,0,0,0,18.32,99.8,0,0,0,18.21,18.51,0.068
"2022-05-27 20:00:00",17167,12.93,101.588,0,0,0,17.98,100,0,0,0,17.54,17.88,0.068
"2022-05-27 21:00:00",17168,12.92,101.6042,0,0,0,17.57,100,0,0,0,17.15,17.35,0.068
"2022-05-27 22:00:00",17169,12.9,101.588,0,0,0,17.85,100,0,0,0,17.03,17.55,0.068
"2022-05-27 23:00:00",17170,12.89,101.5799,0.005,308.8,1.562,17.89,100,0,0,0,17.82,17.98,0.068
"2022-05-28 00:00:00",17171,12.87,101.5474,0,0,0,17.39,100,0,0,0,17.28,17.61,0.068
"2022-05-28 01:00:00",17172,12.86,101.4987,0,0,0,17.39,100,0,0,0,17.31,17.56,0.067
"2022-05-28 02:00:00",17173,12.85,101.4257,0,0,0,16.87,100,0,0,0,16.76,17.3,0.067
"2022-05-28 03:00:00",17174,12.83,101.3932,0,0,0,17.07,100,0,0,0,16.74,17.28,0.067
"2022-05-28 04:00:00",17175,12.81,101.312,0,0,0,16.33,100,0,0,0,16.11,16.65,0.067
"2022-05-28 05:00:00",17176,12.81,101.3364,0,0,0,16.41,100,0.006,0,0,15.93,16.28,0.067
"2022-05-28 06:00:00",17177,12.81,101.3526,0.407,336.3,13.17,17.48,100,0.046,0,0,16.81,17.83,0.067
"2022-05-28 07:00:00",17178,12.81,101.3607,0.091,333.7,6.78,16.95,100,8.16,0.5,0,17,17.41,0.067
"2022-05-28 08:00:00",17179,12.82,101.3932,0.137,358.9,7.527,17.93,100,120,4.905,0,16.97,17.98,0.067
"2022-05-28 09:00:00",17180,13.7,101.3928,1.233,343.5,24.94,20.89,89.2,291.6,12.54,0,19.67,20.81,0.067
"2022-05-28 10:00:00",17181,14.24,101.3635,1.757,346.4,35.39,22.96,80,455.5,20.24,0,21.53,22.65,0.067
"2022-05-28 11:00:00",17182,14.03,101.2726,2.268,350.4,34.7,24.41,77.6,550.2,25.47,0,24.08,25.62,0.067
"2022-05-28 12:00:00",17183,14.09,101.1668,2.305,0.177,33.67,24.83,71.91,547,25.84,0,25.62,26.73,0.067
"2022-05-28 13:00:00",17184,14.11,101.0438,2.368,357.8,34.17,25.66,70.01,616.9,28.31,0,27.58,28.38,0.067
"2022-05-28 14:00:00",17185,14.15,100.9384,2.307,0.889,35.13,25.89,68.99,531.2,24.18,0,28.15,28.55,0.066
"2022-05-28 15:00:00",17186,14.05,100.8913,2.045,1.634,33.34,25.89,71.43,398.2,17.33,0,27.03,27.95,0.066
"2022-05-28 16:00:00",17187,13.42,100.8772,1.96,3.394,33.81,25.04,76.22,224,9.39,0,23.89,25.79,0.066
"2022-05-28 17:00:00",17188,13.02,100.8894,1.164,4.294,23.29,23.13,88.2,34.77,2.567,0,21.63,22.57,0.066
"2022-05-28 18:00:00",17189,12.98,100.9152,1.162,2.413,30.41,21.69,89,0.111,0.054,0,20.53,20.97,0.066
"2022-05-28 19:00:00",17190,12.96,100.9848,0.772,2.629,22.12,21.01,92.8,0,0,0,19.97,20.22,0.066
"2022-05-28 20:00:00",17191,12.94,101.0032,0.784,354.5,24.17,20.83,93.7,0,0,0,19.75,19.86,0.066
"2022-05-28 21:00:00",17192,12.93,101.0116,0.67,340.9,22.99,20.52,93.3,0,0,0,19.5,19.6,0.066
"2022-05-28 22:00:00",17193,12.91,101.0198,0.619,356.8,23.96,20.5,95.2,0,0,0,19.29,19.42,0.066
"2022-05-28 23:00:00",17194,12.9,100.9872,0.752,9.39,19.81,20.36,95.1,0,0,0,19.16,19.25,0.066
"2022-05-29 00:00:00",17195,12.89,100.9386,1.601,12.76,21.94,20.46,92.8,0,0,0,19.23,19.32,0.066
"2022-05-29 01:00:00",17196,12.87,100.9142,1.04,4.279,25.4,20.37,86,0,0,0,18.5,18.85,0.066
"2022-05-29 02:00:00",17197,12.86,100.8655,0.826,337,20.92,20.11,88.1,0,0,0,18.13,18.4,0.066
"2022-05-29 03:00:00",17198,12.85,100.825,0.843,343.9,24.11,19.53,87.5,0,0,0,17.97,18.04,0.065
"2022-05-29 04:00:00",17199,12.83,100.7681,0.872,341,21.76,19.45,87.6,0,0,0,17.71,17.92,0.065
"2022-05-29 05:00:00",17200,12.82,100.8087,0.787,339,20.39,19.13,89.7,0,0,0,17.54,17.7,0.065
"2022-05-29 06:00:00",17201,12.81,100.8168,0.519,341.7,18.58,18.43,90.6,0,0,0,17.12,17.31,0.065
"2022-05-29 07:00:00",17202,12.81,100.8412,0.553,333.7,19.03,18.42,88.2,9.38,0.497,0,17.04,17.16,0.065
"2022-05-29 08:00:00",17203,12.82,100.9038,0.593,344.1,21.19,20.45,79.77,124.3,4.916,0,17.28,18.33,0.065
"2022-05-29 09:00:00",17204,13.73,100.9136,1.577,339.9,28.79,22.48,73.82,305.9,12.58,0,19.65,21.01,0.065
"2022-05-29 10:00:00",17205,14.24,100.8671,2.083,334.8,28.27,24.27,64.69,466.8,20.25,0,22.46,24.06,0.065
"2022-05-29 11:00:00",17206,14.23,100.7923,1.884,343.9,35.18,26.39,56.45,578.5,26,0,25.39,27.08,0.065
"2022-05-29 12:00:00",17207,14.24,100.678,2.248,332.8,30.63,27.53,53.93,632.9,28.88,0,28.37,29.21,0.065
"2022-05-29 13:00:00",17208,14.24,100.5727,1.982,341.3,32.31,28.64,50.67,620.5,28.42,0,29.67,30.62,0.065
"2022-05-29 14:00:00",17209,14.22,100.5239,1.773,348.9,34.59,29.37,53.46,541.2,24.46,0,31,31.3,0.065
"2022-05-29 15:00:00",17210,14.24,100.4832,1.797,6.875,31.64,28.6,57.71,392.2,16.07,0,28.67,29.95,0.064
"2022-05-29 16:00:00",17211,13.37,100.5015,1.01,350.9,29.46,27.82,62.71,219.3,8.67,0,25.65,27.6,0.064
"2022-05-29 17:00:00",17212,13.02,100.516,0.162,354.9,16.61,24.75,80.2,30.57,2.533,0,22.02,23.59,0.064
"2022-05-29 18:00:00",17213,12.98,100.5412,0.087,355.7,8.9,21.58,89,0.038,0.052,0,19.8,20.54,0.064
"2022-05-29 19:00:00",17214,12.95,100.63,0.029,2.925,5.452,20.53,93.2,0,0,0,18.44,19.15,0.064
"2022-05-29 20:00:00",17215,12.93,100.6301,0.042,0.906,4.711,19.41,93.1,0,0,0,17.69,17.98,0.064
"2022-05-29 21:00:00",17216,12.91,100.6626,0.03,338.1,6.455,19.05,88.9,0,0,0,17.18,17.58,0.064
"2022-05-29 22:00:00",17217,12.9,100.6707,0.663,330.4,19.64,20.2,83.9,0,0,0,17.15,17.87,0.063
"2022-05-29 23:00:00",17218,12.89,100.6545,0.657,337,22.57,20.48,79.53,0,0,0,17.93,18.15,0.064
"2022-05-30 00:00:00",17219,12.88,100.6788,0.623,322.7,18.34,20.4,80.9,0,0,0,17.61,17.86,0.064
"2022-05-30 01:00:00",17220,12.87,100.8899,0.702,203,37.89,19.71,88.3,0,0,0,17.56,17.76,0.063
"2022-05-30 02:00:00",17221,12.85,100.9548,0.13,191.3,14.98,19.37,98.4,0,0,0,17.76,18.25,0.063
"2022-05-30 03:00:00",17222,12.84,101.0759,1.07,172.1,31.76,20.37,90.7,0,0,0,17.77,19.3,0.063
"2022-05-30 04:00:00",17223,12.83,101.1192,1.864,153,36.44,21.45,83.5,0,0,0,19.57,20.03,0.063
"2022-05-30 05:00:00",17224,12.82,101.2643,1.971,159.7,36.74,21.57,89.3,0,0,0,19.95,20.38,0.063
"2022-05-30 06:00:00",17225,12.82,101.3814,1.224,171.2,40.83,20.11,91.4,0,0,0,19.45,19.68,0.063
"2022-05-30 07:00:00",17226,12.81,101.5142,1.84,170.4,44.92,19.88,78.23,2.277,0.222,0,18.93,19.17,0.063
"2022-05-30 08:00:00",17227,12.81,101.6773,1.615,165.4,38.66,19.18,88.6,21.18,1.566,0,18.3,18.78,0.063
"2022-05-30 09:00:00",17228,12.85,101.8072,1.675,172.4,42.4,19,88.2,54.77,3.65,0,18.26,18.41,0.063
"2022-05-30 10:00:00",17229,12.9,101.8796,1.67,173.1,41.51,19.5,73.38,156.4,8.99,0,18.36,19.03,0.063
"2022-05-30 11:00:00",17230,13.5,101.8472,2.135,165.6,44.89,20.55,60.53,285,15.64,0,20.13,20.69,0.063
"2022-05-30 12:00:00",17231,13.98,101.8309,2.776,157,43.49,21.9,55.77,513.7,25.77,0,21.67,22.73,0.063
"2022-05-30 13:00:00",17232,14.07,101.766,2.731,158.5,47.82,22.23,59.67,536.8,26.41,0,23.05,23.72,0.063
"2022-05-30 14:00:00",17233,14.07,101.766,2.395,157.2,43.69,21.22,60.66,270.3,16.62,0,21.03,22.03,0.063
"2022-05-30 15:00:00",17234,14.23,101.7579,2.118,151.5,42.91,21.05,64.84,250.4,13.05,0,21.16,21.76,0.063
"2022-05-30 16:00:00",17235,13.76,101.7903,1.917,153.9,40.36,20.75,69.79,194.4,8.07,0,20.44,21.5,0.063
"2022-05-30 17:00:00",17236,13.03,101.8035,0.94,165.1,36.97,19.41,76.16,38.91,1.954,0,19.11,19.82,0.062
"2022-05-30 18:00:00",17237,12.98,101.8559,0.491,200,24.68,17.88,79.15,0.136,0.039,0,17.72,18.29,0.062
"2022-05-30 19:00:00",17238,12.96,101.8884,0.577,201.7,22.31,17.04,81.1,0,0,0,17.11,17.36,0.062
"2022-05-30 20:00:00",17239,12.94,101.8884,0.574,207.7,23.18,16.44,81.6,0,0,0,16.67,16.85,0.062
"2022-05-30 21:00:00",17240,12.92,101.9046,0.427,210.6,16.59,16.13,82.2,0,0,0,16.55,16.65,0.062
"2022-05-30 22:00:00",17241,12.91,101.8315,0.393,202.7,22.2,15.58,82.9,0,0,0,16.14,16.37,0.062
"2022-05-30 23:00:00",17242,12.9,101.8315,0.37,226.3,18.04,15.62,82,0,0,0,16.14,16.33,0.062
"2022-05-31 00:00:00",17243,12.88,101.7504,0.265,228.5,17.14,15.47,82.2,0,0,0,15.97,16.28,0.062
"2022-05-31 01:00:00",17244,12.87,101.6692,0.336,229.3,17.32,15.54,81.4,0,0,0,16,16.11,0.062
"2022-05-31 02:00:00",17245,12.85,101.6042,0.3,219.4,17.92,15.42,82.9,0,0,0,15.87,16,0.062
"2022-05-31 03:00:00",17246,12.83,101.5637,0.225,228.4,17.61,15.53,82.5,0,0,0,16.05,16.16,0.062
"2022-05-31 04:00:00",17247,12.82,101.4825,0.016,244.8,3.419,15.34,90,0,0,0,16.26,16.63,0.062
"2022-05-31 05:00:00",17248,12.8,101.4662,0.033,249.4,8.56,15.21,88.1,0,0,0,16.35,16.5,0.062
"2022-05-31 06:00:00",17249,12.79,101.4987,0.013,279.9,4.513,15.56,91,0,0,0,16.51,16.69,0.062
"2022-05-31 07:00:00",17250,12.77,101.5312,0.001,293.4,0,15.31,90.3,1.586,0.097,0,16.63,16.79,0.062
"2022-05-31 08:00:00",17251,12.77,101.515,0.448,319.8,15.67,16.71,75.19,107.6,4.073,0,16.72,17.28,0.062
"2022-05-31 09:00:00",17252,13.4,101.5061,1.085,313.9,26.38,18.88,68.44,197.2,9.33,0,18.26,18.94,0.061
"2022-05-31 10:00:00",17253,14.16,101.4008,1.954,332.5,35.07,21.42,66.34,456.8,20.4,0,20.26,22.4,0.062
"2022-05-31 11:00:00",17254,14.26,101.4291,2.177,321.9,36.48,23.44,57.99,580.8,26.73,0,24.22,25.33,0.062
"2022-05-31 12:00:00",17255,13.93,101.3709,1.709,256.6,63.47,24.45,45.75,628.3,28.84,0,25.61,26.34,0.061
"2022-05-31 13:00:00",17256,14.26,101.3906,2.06,187.8,46.47,23.86,32.21,629.8,29.18,0,24.46,25.29,0.061
"2022-05-31 14:00:00",17257,14.32,101.3895,1.978,176,46.37,23.51,36.95,557.1,25.04,0,24.39,24.95,0.061
"2022-05-31 15:00:00",17258,14.35,101.4325,1.891,161.4,44.46,22.84,38.67,417.9,18.11,0,23.23,23.8,0.061
"2022-05-31 16:00:00",17259,13.37,101.4977,1.458,166.4,48.62,21.86,39.39,242.3,9.9,0,19.61,21.85,0.061
"2022-05-31 17:00:00",17260,13.01,101.5709,0.864,169.2,36.31,18.99,49.07,25.37,2.644,0,16.6,17.96,0.06
"2022-05-31 18:00:00",17261,12.96,101.653,0.569,175.2,36.64,16.85,57.61,0,0.05,0,15.2,15.59,0.06
"2022-05-31 19:00:00",17262,12.93,101.7504,0.433,197.2,24.15,15.97,64.82,0,0,0,14.19,14.85,0.06
"2022-05-31 20:00:00",17263,12.91,101.8072,0.498,194.7,27.53,15.04,70.63,0,0,0,13.81,14.14,0.06
"2022-05-31 21:00:00",17264,12.9,101.8538,0.148,202.8,11.76,13.95,77.69,0,0,0,12.67,13.29,0.06
"2022-05-31 22:00:00",17265,12.88,101.8491,0.18,186.1,15.04,13.31,73.75,0,0,0,12.24,12.46,0.06
"2022-05-31 23:00:00",17266,12.87,101.8485,0.291,205.2,23.11,13.23,73.64,0,0,0,12.02,12.28,0.06
"2022-06-01 00:00:00",17267,12.86,101.8238,0.452,191.2,28.5,13.28,71.94,0,0,0,12.39,12.6,0.06
"2022-06-01 01:00:00",17268,12.84,101.8462,0.34,204.4,22.31,13.69,69.31,0,0,0,12.28,12.67,0.06
"2022-06-01 02:00:00",17269,12.83,101.8316,0.317,211.3,22.09,13.47,71.12,0,0,0,12.27,12.65,0.06
"2022-06-01 03:00:00",17270,12.81,101.792,0.302,209.4,22.54,13.37,74.77,0,0,0,12.15,12.45,0.06
"2022-06-01 04:00:00",17271,12.79,101.8004,0.281,205.9,19.66,12.47,76.13,0,0,0,11.58,11.89,0.06
"2022-06-01 05:00:00",17272,12.77,101.8166,0.414,213.7,25.77,12.81,74.04,0,0,0,11.66,11.9,0.059
"2022-06-01 06:00:00",17273,12.76,101.8653,0.33,195.9,21.26,12.47,76.23,0,0,0,11.66,11.94,0.059
"2022-06-01 07:00:00",17274,12.75,101.8978,0.248,214.6,18.56,12.11,72.03,7.589,0.487,0,11.33,11.53,0.059
"2022-06-01 08:00:00",17275,12.78,101.9875,0.433,224.5,26.84,14.82,58.23,127.6,5.105,0,11.54,13.06,0.059
"2022-06-01 09:00:00",17276,13.93,102.0158,0.656,220.4,28.42,18.54,51.34,308.8,12.97,0,14.91,16.86,0.059
"2022-06-01 10:00:00",17277,14.27,102.0501,1.099,199.8,38.91,20.81,48.44,471.2,21.17,0,18.71,20.25,0.059
"2022-06-01 11:00:00",17278,14.26,102.0241,1.367,193.9,43.09,22.21,46.08,585.1,27.15,0,21.74,22.69,0.059
"2022-06-01 12:00:00",17279,14.27,101.931,1.482,173,46.04,23.36,49.75,639.8,30.06,0,23.54,24.53,0.059
"2022-06-01 13:00:00",17280,14.28,101.8748,1.607,170.1,47.26,23.95,36.11,629.7,29.51,0,25.05,25.3,0.059
"2022-06-01 14:00:00",17281,14.3,101.8105,1.616,168.9,42.22,24,23.56,558.2,25.32,0,24.58,25.17,0.059
"2022-06-01 15:00:00",17282,14.32,101.8119,1.361,173.7,40.33,23.63,29.54,417.5,17.7,0,23.49,24.44,0.059
"2022-06-01 16:00:00",17283,13.36,101.8545,0.767,187.7,34.03,22.33,38.76,236,9.68,0,20.17,22.31,0.059
"2022-06-01 17:00:00",17284,13.01,101.8712,0.03,212.5,4.567,17.78,63.5,25.33,2.522,0,15.35,17.68,0.059
"2022-06-01 18:00:00",17285,12.96,101.8965,0.002,216.3,1.132,13.87,69.81,0.02,0.048,0,12.56,13.73,0.058
"2022-06-01 19:00:00",17286,12.93,101.9616,0.002,217.6,0.55,13.6,68.62,0,0,0,11.79,12.13,0.058
"2022-06-01 20:00:00",17287,12.91,101.97,0.138,208.8,14.62,14.09,46.75,0,0,0,11.06,11.35,0.058
"2022-06-01 21:00:00",17288,12.89,102.0127,0.444,220.5,22.22,15.26,42.1,0,0,0,11.18,11.69,0.058
"2022-06-01 22:00:00",17289,12.89,102.0182,0.452,222,23.5,14.67,47.44,0,0,0,12.16,12.4,0.058
"2022-06-01 23:00:00",17290,12.88,102.0597,0.455,232.6,18.62,13.69,50.58,0,0,0,11.61,11.91,0.058
"2022-06-02 00:00:00",17291,12.86,102.0439,0.316,236.2,17.55,13.15,55.12,0,0,0,11.58,11.86,0.058
"2022-06-02 01:00:00",17292,12.85,102.0115,0.434,235.4,23.1,12.54,59.67,0,0,0,11.65,11.71,0.058
"2022-06-02 02:00:00",17293,12.83,102.0277,0.457,227.4,23.72,12.68,56.8,0,0,0,11.57,11.68,0.058
"2022-06-02 03:00:00",17294,12.82,102.0034,0.535,225.9,26.53,13.01,52.66,0,0,0,11.65,11.77,0.058
"2022-06-02 04:00:00",17295,12.8,101.9499,0.718,223.6,26.76,14.52,60,0,0,0,11.73,12.61,0.058
"2022-06-02 05:00:00",17296,12.78,101.9719,0.646,223.5,23.61,14.13,62.1,0,0,0,12.38,12.5,0.058
"2022-06-02 06:00:00",17297,12.76,102.0102,0.379,228.7,22.38,13.11,68.93,0,0,0,11.67,12.18,0.058
"2022-06-02 07:00:00",17298,12.75,102.0521,0.479,231.5,25.85,12.28,67.08,6.814,0.44,0,11.52,11.62,0.057
"2022-06-02 08:00:00",17299,12.77,102.1079,0.693,239.3,29.9,14.46,60.95,128.4,4.952,0,11.9,13.16,0.057
"2022-06-02 09:00:00",17300,13.92,102.1861,0.895,230.9,30.73,18.31,57.38,309.4,12.91,0,14.93,16.98,0.058
"2022-06-02 10:00:00",17301,14.23,102.2042,0.765,211.9,30.18,21.77,49.61,468.6,20.92,0,19.09,20.9,0.057
"2022-06-02 11:00:00",17302,14.2,102.1578,0.711,172.8,43.77,24.14,47.5,578.4,26.72,0,22.58,23.78,0.057
"2022-06-02 12:00:00",17303,14.2,102.0983,0.845,172.2,43.82,24.96,42.85,629.4,29.57,0,24.73,25.68,0.057
"2022-06-02 13:00:00",17304,14.01,102.0423,0.881,176,46.73,25.12,47.92,597,27.87,0,26.38,26.72,0.057
"2022-06-02 14:00:00",17305,13.96,101.9942,0.595,135.2,36.46,24.73,47.52,445.3,22.07,0,24.51,25.74,0.057
"2022-06-02 15:00:00",17306,14.26,101.9617,0.537,121.1,41.13,25.44,48.63,401.4,17.94,0,25.48,26,0.056
"2022-06-02 16:00:00",17307,13.32,101.9868,0.281,140.5,29.21,24.96,49.24,227.4,9.77,0,22.4,24.32,0.056
"2022-06-02 17:00:00",17308,13.01,101.9533,0.019,75.31,3.003,20.92,78.41,24.58,2.588,0,17.05,19.5,0.056
"2022-06-02 18:00:00",17309,12.97,102.0183,0,0,0,16.93,88.6,0.011,0.049,0,14.52,15.53,0.056
"2022-06-02 19:00:00",17310,12.93,102.0507,0.006,114.4,0.008,14.92,95.7,0,0,0,13.7,14.07,0.056
"2022-06-02 20:00:00",17311,12.91,102.0764,0,0,0,13.4,97.3,0,0,0,13.07,13.44,0.056
"2022-06-02 21:00:00",17312,12.89,102.0843,0,0,0,12.73,99.2,0,0,0,12.59,12.83,0.056
"2022-06-02 22:00:00",17313,12.87,102.0846,0,0,0,12.52,99.7,0,0,0,12.13,12.39,0.056
"2022-06-02 23:00:00",17314,12.86,102.0927,0,0,0,11.99,100,0,0,0,11.9,12.03,0.056
"2022-06-03 00:00:00",17315,12.85,102.0846,0,0,0,12.4,100,0,0,0,11.7,11.79,0.056
"2022-06-03 01:00:00",17316,12.84,102.0683,0.188,248.7,14.25,12.92,97.4,0,0,0,11.49,12.19,0.056
"2022-06-03 02:00:00",17317,12.83,102.0592,0.219,242.3,11.85,13.37,90.7,0,0,0,12.81,12.88,0.056
"2022-06-03 03:00:00",17318,12.81,102.0273,0.164,243.6,12.83,13.64,88.4,0,0,0,12.5,12.77,0.056
"2022-06-03 04:00:00",17319,12.79,101.9952,0.072,232.9,10.31,13.17,91.5,0,0,0,11.94,12.35,0.055
"2022-06-03 05:00:00",17320,12.77,102.0034,0.006,258.3,2.105,10.17,97.9,0.003,0,0,10.46,11.25,0.055
"2022-06-03 06:00:00",17321,12.75,102.0683,0.084,238.5,11.58,12.79,91.6,0,0,0,10.46,11.32,0.056
"2022-06-03 07:00:00",17322,12.74,102.1252,0.167,232.8,15.17,12.82,89.8,6.312,0.445,0,11.05,11.84,0.055
"2022-06-03 08:00:00",17323,12.76,102.1727,0.426,238.6,24.61,15.81,77.6,128.8,5.034,0,12.74,13.82,0.055
"2022-06-03 09:00:00",17324,13.93,102.2032,0.717,242.3,26.8,18.96,70.65,310.3,13.01,0,14.91,16.57,0.055
"2022-06-03 10:00:00",17325,14.23,102.1794,0.557,237,32.81,22.3,60.62,470.1,21.23,0,18.74,20.66,0.055
"2022-06-03 11:00:00",17326,14.21,102.0927,0.718,357.5,55,24.17,53.86,581,26.97,0,22.54,24.9,0.055
"2022-06-03 12:00:00",17327,14.22,102.013,1.278,33.89,30.45,24.88,46.57,637,29.9,0,26.97,28.18,0.055
"2022-06-03 13:00:00",17328,14.24,101.9319,1.463,26.52,36.35,25.36,48.3,624.6,29.21,0,28.71,29.22,0.055
"2022-06-03 14:00:00",17329,14.26,101.8886,1.731,55.36,32.85,25.19,54.58,546.6,25.06,0,28.26,28.91,0.055
"2022-06-03 15:00:00",17330,14.29,101.8584,1.93,58.89,29.61,24.51,58.86,409.4,18.07,0,26.61,27.34,0.055
"2022-06-03 16:00:00",17331,13.33,101.854,1.572,42.17,27.84,23.47,67.23,233.6,9.91,0,23.23,25.32,0.055
"2022-06-03 17:00:00",17332,13.01,101.8715,0.65,45.33,16.66,20.89,82.8,26.46,2.59,0,18.93,20.89,0.055
"2022-06-03 18:00:00",17333,12.97,101.8965,0,0,0,17.77,92.8,0.015,0.05,0,15.7,17.09,0.054
"2022-06-03 19:00:00",17334,12.94,101.9208,0,0,0,16.66,93.9,0,0,0,14.67,15.13,0.054
"2022-06-03 20:00:00",17335,12.91,101.9132,0,0,0,15.65,98,0,0,0,13.78,14.14,0.054
"2022-06-03 21:00:00",17336,12.9,101.8884,0,0,0,15.2,99.6,0,0,0,13.33,13.66,0.054
"2022-06-03 22:00:00",17337,12.88,101.8894,0,0,0,14.94,100,0,0,0,13.26,13.39,0.054
"2022-06-03 23:00:00",17338,12.87,101.8895,0.002,275.2,0,14.76,100,0,0,0,13.2,13.31,0.054
"2022-06-04 00:00:00",17339,12.86,101.8559,0.13,251.8,14.64,14.7,100,0,0,0,13.16,14.07,0.054
"2022-06-04 01:00:00",17340,12.85,101.8072,0.306,246.7,17.69,14.72,100,0,0,0,14.55,14.8,0.054
"2022-06-04 02:00:00",17341,12.84,101.791,0.127,254.5,10.4,15.03,100,0,0,0,14.92,14.97,0.054
"2022-06-04 03:00:00",17342,12.83,101.7666,0.102,256.7,12.16,15.11,100,0,0,0,14.69,14.91,0.054
"2022-06-04 04:00:00",17343,12.81,101.7342,0.005,288.1,4.888,14.76,100,0,0,0,12.92,13.87,0.054
"2022-06-04 05:00:00",17344,12.79,101.7353,0,0,0,14.06,100,0,0,0,12.35,12.55,0.054
"2022-06-04 06:00:00",17345,12.77,101.7383,0,0,0,13.89,100,0,0,0,11.79,12.13,0.054
"2022-06-04 07:00:00",17346,12.76,101.7446,0,0,0,13.88,100,6.456,0.407,0,11.63,12.17,0.054
"2022-06-04 08:00:00",17347,12.77,101.7829,0.031,356.1,3.355,15.63,98.6,93.6,4.956,0,13.24,14.71,0.054
"2022-06-04 09:00:00",17348,13.84,101.7997,0.856,343.5,29.21,19.98,85.1,285.7,12.88,0,17.41,19.51,0.054
"2022-06-04 10:00:00",17349,13.94,101.7979,1.58,336.6,32.12,22.4,76.54,458.2,20.8,0,20.62,21.86,0.054
"2022-06-04 11:00:00",17350,13.93,101.713,1.862,348.2,34.03,24.18,66.87,559.6,26.2,0,23.85,25.7,0.054
"2022-06-04 12:00:00",17351,14.27,101.6059,2.034,359.1,34.96,25.25,64.51,638.7,29.61,0,27.17,28.17,0.053
"2022-06-04 13:00:00",17352,13.96,101.532,1.924,2.195,34.89,25.73,62.7,563.7,26.96,0,28.32,28.87,0.053
"2022-06-04 14:00:00",17353,14.28,101.4757,1.823,4.573,34.85,26.27,56.08,532.8,24.02,0,28.84,29.26,0.053
"2022-06-04 15:00:00",17354,14.28,101.4656,1.632,13.24,29.89,26.36,55.49,397.2,17.2,0,27.59,28.57,0.053
"2022-06-04 16:00:00",17355,13.37,101.4541,1.465,19.02,29.13,25.12,74.97,221.5,8.88,0,24.12,26.39,0.053
"2022-06-04 17:00:00",17356,13.01,101.4981,1.18,24.82,20.21,22.17,84.9,29.31,2.262,0,20.55,22.08,0.053
"2022-06-04 18:00:00",17357,12.97,101.5795,0.08,29.47,7.258,19.38,95.7,0.031,0.045,0,16.99,18.74,0.053
"2022-06-04 19:00:00",17358,12.94,101.5961,0,0,0,17.95,98.6,0,0,0,15.58,16.2,0.053
"2022-06-04 20:00:00",17359,12.92,101.6367,0,0,0,17.29,99.5,0,0,0,14.8,15.14,0.052
"2022-06-04 21:00:00",17360,12.9,101.6367,0,0,0,16.57,100,0,0,0,14.14,14.52,0.053
"2022-06-04 22:00:00",17361,12.89,101.6854,0.001,261.9,0,16.36,100,0,0,0,13.68,14.02,0.052
"2022-06-04 23:00:00",17362,12.88,101.7341,0.172,247.8,13.51,16.05,100,0,0,0,13.67,15.06,0.052
"2022-06-05 00:00:00",17363,12.87,101.6854,0.032,248.9,3.65,15.55,100,0,0,0,14.18,15.04,0.052
"2022-06-05 01:00:00",17364,12.85,101.6692,0.008,225.3,1.581,15.19,100,0,0,0,13.4,14.09,0.052
"2022-06-05 02:00:00",17365,12.84,101.6692,0,0,0,15.16,100,0,0,0,13.31,13.81,0.052
"2022-06-05 03:00:00",17366,12.83,101.6948,0,0,0,13.32,100,0.022,0,0,12.31,12.77,0.052
"2022-06-05 04:00:00",17367,12.81,101.726,0,0,0,15.7,100,0,0,0,12.41,12.96,0.052
"2022-06-05 05:00:00",17368,12.79,101.7829,0.06,178.5,8.17,14.54,100,0,0,0,12.43,13.61,0.052
"2022-06-05 06:00:00",17369,12.77,101.9127,0.599,195.1,24.19,14.71,100,0,0,0,13.45,14.43,0.052
"2022-06-05 07:00:00",17370,12.76,102.0264,0.788,190.6,27.74,13.84,99.5,5.884,0.396,0,13.75,14.37,0.052
"2022-06-05 08:00:00",17371,12.77,102.0995,0.946,192.7,29.37,14.56,90.7,113.6,4.37,0,13.71,14.26,0.052
"2022-06-05 09:00:00",17372,13.8,102.1644,1.239,192.9,36.87,17.58,85.2,288.7,11.66,0,15.27,16.55,0.052
"2022-06-05 10:00:00",17373,14.28,102.2036,1.509,175,40.78,21.32,76.16,443.8,19.57,0,18.09,20.33,0.052
"2022-06-05 11:00:00",17374,13.89,102.1839,1.94,161.8,40.35,24.12,70.96,522.1,24.46,0,22.74,24.17,0.052
"2022-06-05 12:00:00",17375,13.99,102.1189,2.282,157.6,44.89,24.68,61.43,577,27.57,0,24.39,25.41,0.051
"2022-06-05 13:00:00",17376,14.08,102.1014,2.173,151,42.1,25.1,63.22,613.2,28.77,0,25.84,26.47,0.051
"2022-06-05 14:00:00",17377,14.04,102.0938,2.168,154.3,40.31,24.62,63.74,499.6,23.5,0,25.29,25.84,0.051
"2022-06-05 15:00:00",17378,14.02,102.0953,2.027,151.9,41.31,24.1,68.61,385.6,17.41,0,24.38,25.04,0.051
"2022-06-05 16:00:00",17379,13.85,102.1147,1.733,152.1,38.62,23.29,72.65,207.6,8.88,0,21.99,23.44,0.051
"2022-06-05 17:00:00",17380,13.01,102.1555,1.246,174.1,43.26,20.69,85.6,33.56,2.471,0,19.07,20.44,0.051
"2022-06-05 18:00:00",17381,12.97,102.2293,0.887,188.9,40,18.47,86.9,0.073,0.046,0,17.79,18.22,0.051
"2022-06-05 19:00:00",17382,12.94,102.2699,0.971,193.1,38.98,17.94,90,0,0,0,17.13,17.63,0.05
"2022-06-05 20:00:00",17383,12.92,102.3024,0.76,194.7,34.9,17.24,93.4,0,0,0,16.87,16.95,0.051
"2022-06-05 21:00:00",17384,12.91,102.3511,0.755,200.3,29.92,17.4,95.6,0,0,0,16.9,17.1,0.051
"2022-06-05 22:00:00",17385,12.9,102.3836,0.873,190.9,37.42,17.31,96.9,0,0,0,16.82,17.17,0.05
"2022-06-05 23:00:00",17386,12.89,102.3754,0.679,196.1,28.52,16.7,99.2,0,0,0,16.5,16.66,0.05
"2022-06-06 00:00:00",17387,12.87,102.3673,0.72,200.3,27.94,16.72,99.7,0,0,0,16.65,16.78,0.05
"2022-06-06 01:00:00",17388,12.86,102.3917,0.692,202.7,27.89,16.64,99.5,0,0,0,16.87,16.92,0.05
"2022-06-06 02:00:00",17389,12.85,102.3998,0.607,201.1,24.44,16.47,99.4,0,0,0,16.72,16.79,0.05
"2022-06-06 03:00:00",17390,12.84,102.3673,0.449,216.5,19.6,16.11,99.8,0,0,0,16,16.37,0.05
"2022-06-06 04:00:00",17391,12.82,102.3511,0.51,212.4,23.35,15.89,99.7,0,0,0,15.81,16.16,0.05
"2022-06-06 05:00:00",17392,12.8,102.3836,0.613,206.5,23.48,15.83,99.4,0,0,0,15.74,15.91,0.05
"2022-06-06 06:00:00",17393,12.79,102.4241,0.476,213.3,21.18,15.8,98.9,0,0,0,15.43,15.86,0.05
"2022-06-06 07:00:00",17394,12.76,102.4566,0.486,205.4,19.23,15.33,99.4,4.153,0.423,0,15.14,15.24,0.05
"2022-06-06 08:00:00",17395,12.76,102.4891,0.584,206.2,20.54,16.52,90.2,110.1,4.815,0,15.27,16.04,0.05
"2022-06-06 09:00:00",17396,13.58,102.5509,0.65,195.3,25.16,18.96,89.8,187.1,8.61,0,17.87,18.62,0.05
"2022-06-06 10:00:00",17397,13.67,102.5533,0.611,179.9,28.75,21.04,76.64,363.5,17.8,0,18.9,20.49,0.05
"2022-06-06 11:00:00",17398,13.94,102.4995,0.958,170.7,37.43,22.81,60.46,523.8,25.32,0,21.59,23.07,0.05
"2022-06-06 12:00:00",17399,13.98,102.3786,0.98,135.6,43.1,23.71,58.45,547.8,26.68,0,24.08,24.98,0.05
"2022-06-06 13:00:00",17400,14.07,102.2982,0.932,155.7,36.37,23.25,58.45,405.4,21.51,0,24.02,24.7,0.05
"2022-06-06 14:00:00",17401,14.09,102.2484,0.886,141.5,32.15,23.39,67.04,376.4,19.34,0,23.83,24.74,0.05
"2022-06-06 15:00:00",17402,14.13,102.2319,0.791,131.8,36.93,23.2,65.76,329.1,15.83,0,23.55,24.64,0.049
"2022-06-06 16:00:00",17403,13.45,102.2692,0.424,97.2,27.63,21.96,67.05,161.2,8.05,0,21.84,23.13,0.049
"2022-06-06 17:00:00",17404,13.01,102.2448,0.117,96.8,19.75,20.59,86.6,43.4,2.033,0,18.89,21.03,0.049
"2022-06-06 18:00:00",17405,12.96,102.2537,0,0,0,15.95,95.8,0.027,0.047,0,15.87,17.15,0.049
"2022-06-06 19:00:00",17406,12.93,102.2699,0,0,0,14.34,97.4,0,0,0,14.22,15.02,0.049
"2022-06-06 20:00:00",17407,12.91,102.2733,0,0,0,14.55,93.6,0,0,0,13.16,13.6,0.049
"2022-06-06 21:00:00",17408,12.89,102.2747,0,0,0,13.9,93,0,0,0,12.51,12.87,0.049
"2022-06-06 22:00:00",17409,12.88,102.2551,0,0,0,12.65,99.1,0,0,0,12.06,12.42,0.049
"2022-06-06 23:00:00",17410,12.86,102.247,0,0,0,11.77,100,0,0,0,11.6,11.91,0.049
"2022-06-07 00:00:00",17411,12.84,102.1901,0,0,0,11.32,100,0,0,0,10.68,11.21,0.049
"2022-06-07 01:00:00",17412,12.83,102.1414,0.006,228.5,2.302,11.51,99.8,0,0,0,10.58,10.76,0.049
"2022-06-07 02:00:00",17413,12.82,102.1252,0.121,244.2,11.7,12.68,97.4,0,0,0,10.83,11.72,0.048
"2022-06-07 03:00:00",17414,12.81,102.1162,0.161,241.5,11.72,13.09,96.3,0,0,0,12.1,12.4,0.048
"2022-06-07 04:00:00",17415,12.79,102.0114,0.101,245.3,9.31,12.63,97.6,0,0,0,12.34,12.54,0.048
"2022-06-07 05:00:00",17416,12.77,102.0196,0.036,259.6,5.907,11.93,98.6,0,0,0,11.31,11.89,0.048
"2022-06-07 06:00:00",17417,12.75,102.044,0.003,273.3,1.511,11.27,99.1,0,0,0,10.11,10.56,0.048
"2022-06-07 07:00:00",17418,12.73,102.0927,0,0,0,10.05,100,5.917,0.404,0,9.47,9.8,0.048
"2022-06-07 08:00:00",17419,12.75,102.1276,0.094,306,7.384,13.24,86.3,124.5,4.868,0,9.64,11.78,0.048
"2022-06-07 09:00:00",17420,13.97,102.1482,0.749,320.8,20.8,17.76,77.24,321.2,12.72,0,14.51,16.53,0.048
"2022-06-07 10:00:00",17421,14.29,102.115,1.237,337,31.32,21.14,60.97,467.8,20.82,0,18.11,20.64,0.048
"2022-06-07 11:00:00",17422,14.27,102.072,1.479,352.1,34.67,22.95,56.47,579.9,26.74,0,23.17,24.86,0.048
"2022-06-07 12:00:00",17423,14.26,102.0061,1.231,2.729,37.51,24.14,49.78,629.7,29.54,0,26.29,27.41,0.048
"2022-06-07 13:00:00",17424,14.26,101.9207,1.118,20.13,33.68,24.84,51.08,609.8,28.8,0,28.14,28.88,0.048
"2022-06-07 14:00:00",17425,14.26,101.8793,0.899,23.86,38.98,25.47,48.23,529.3,24.5,0,27.76,28.67,0.048
"2022-06-07 15:00:00",17426,14.24,101.8808,1.069,34.15,48.62,25.49,57.63,400.3,17.59,0,26.79,28.05,0.048
"2022-06-07 16:00:00",17427,13.32,101.8695,1.423,37.88,26.29,23.63,64.59,229.1,9.71,0,23.06,25.38,0.047
"2022-06-07 17:00:00",17428,13,101.8634,0.392,23.51,15.12,20.47,80.6,26.71,2.55,0,18.17,20.55,0.047
"2022-06-07 18:00:00",17429,12.96,101.9127,0,0,0,17.05,90.2,0.007,0.046,0,14.63,16.12,0.047
"2022-06-07 19:00:00",17430,12.93,101.929,0.001,276.1,0.001,15.16,93.6,0,0,0,13.05,13.81,0.047
"2022-06-07 20:00:00",17431,12.91,101.9716,0.01,275.8,2.487,15.08,94.5,0,0,0,12.48,12.85,0.047
"2022-06-07 21:00:00",17432,12.89,101.9794,0.003,277,0.852,14.29,94.9,0,0,0,11.76,12.07,0.047
"2022-06-07 22:00:00",17433,12.88,101.9623,0.006,283.7,0.704,13.65,96.1,0,0,0,11.16,11.45,0.047
"2022-06-07 23:00:00",17434,12.87,101.9627,0.013,285.9,4.8,13.46,95,0,0,0,11.17,11.37,0.047
"2022-06-08 00:00:00",17435,12.86,101.9546,0.004,254,3.654,12.87,97.5,0,0,0,10.54,10.83,0.046
"2022-06-08 01:00:00",17436,12.84,101.9222,0.01,275.1,3.674,12.4,98.9,0,0,0,9.99,10.24,0.046
"2022-06-08 02:00:00",17437,12.82,101.9465,0.001,244.5,0,12.82,99.4,0,0,0,9.73,10.04,0.047
"2022-06-08 03:00:00",17438,12.81,101.9303,0.001,278.4,0.001,12.88,97.9,0,0,0,9.7,9.77,0.046
"2022-06-08 04:00:00",17439,12.79,101.9465,0,0,0,11.51,100,0,0,0,9.38,9.59,0.046
"2022-06-08 05:00:00",17440,12.76,101.9628,0.018,228.7,4.346,12.25,98.9,0,0,0,9.16,9.42,0.046
"2022-06-08 06:00:00",17441,12.74,101.9709,0.037,239.6,6.392,12.79,97.8,0,0,0,10.04,10.41,0.046
"2022-06-08 07:00:00",17442,12.73,102.0196,0,0,0,11,98.6,5.048,0.383,0,9.68,10.03,0.046
"2022-06-08 08:00:00",17443,12.75,102.0675,0,0,0,12.21,89.3,112.3,4.685,0,9.69,10.81,0.046
"2022-06-08 09:00:00",17444,13.93,102.1157,0.185,258.7,22.16,18.43,80.1,307.7,12.56,0,13.36,16.08,0.046
"2022-06-08 10:00:00",17445,14.25,102.1313,0.449,288,49.67,21.07,67.24,459,20.67,0,17.2,19.31,0.046
"2022-06-08 11:00:00",17446,14.23,102.08,0.753,18.15,33.14,23.45,63.07,572.7,26.69,0,22.06,24.33,0.046
"2022-06-08 12:00:00",17447,13.99,101.9895,1.055,36.39,41.4,24.35,59.82,643,29.77,0,25.79,27.35,0.046
"2022-06-08 13:00:00",17448,13.98,101.9068,0.847,31.91,43.15,24.22,57.03,493.1,24.5,0,26.11,27.42,0.046
"2022-06-08 14:00:00",17449,14.09,101.8737,1.465,59.85,33.95,24.66,64.44,533.5,23.47,0,27.67,28.19,0.046
"2022-06-08 15:00:00",17450,14.26,101.8985,1.811,56.43,28.54,23.76,68.01,398.7,17.45,0,26.38,27.39,0.046
"2022-06-08 16:00:00",17451,13.34,101.9185,1.601,55.45,24.74,22.78,71.35,225.7,9.42,0,22.6,24.88,0.046
"2022-06-08 17:00:00",17452,13,101.9464,0.72,65.18,16.07,20.26,86.4,27.58,2.554,0,18.42,20.3,0.045
"2022-06-08 18:00:00",17453,12.96,101.9533,0,0,0,17.2,94.9,0.003,0.046,0,15.03,16.42,0.045
"2022-06-08 19:00:00",17454,12.93,101.9695,0,0,0,15.95,97.8,0,0,0,13.77,14.34,0.045
"2022-06-08 20:00:00",17455,12.91,101.986,0,0,0,14.78,98.9,0,0,0,13.03,13.36,0.045
"2022-06-08 21:00:00",17456,12.89,101.9977,0,0,0,13.98,99.9,0,0,0,12.44,12.76,0.045
"2022-06-08 22:00:00",17457,12.88,102.007,0,0,0,13.57,100,0,0,0,11.84,12.14,0.045
"2022-06-08 23:00:00",17458,12.87,101.9601,0.092,246.3,11.83,13.46,100,0,0,0,11.46,11.85,0.045
"2022-06-09 00:00:00",17459,12.85,101.9473,0.126,241,13.09,13.53,100,0,0,0,12.84,13.13,0.045
"2022-06-09 01:00:00",17460,12.85,101.8874,0.059,241.7,8.36,13.58,100,0,0,0,12.87,13.13,0.045
"2022-06-09 02:00:00",17461,12.83,101.8677,0.01,276.9,4.793,13.17,99.8,0,0,0,11.89,12.24,0.045
"2022-06-09 03:00:00",17462,12.81,101.8328,0,0,0,10.85,100,0,0,0,10.41,10.98,0.045
"2022-06-09 04:00:00",17463,12.79,101.8085,0,0,0,10.78,100,0,0,0,10.31,10.49,0.045
"2022-06-09 05:00:00",17464,12.77,101.8085,0,0,0,11.32,100,0,0,0,10.03,10.34,0.045
"2022-06-09 06:00:00",17465,12.74,101.8085,0,0,0,10.79,100,0,0,0,9.83,10.33,0.045
"2022-06-09 07:00:00",17466,12.72,101.8328,0.004,263.1,0.638,10.42,100,5.042,0.379,0,9.25,9.43,0.044
"2022-06-09 08:00:00",17467,12.73,101.8499,0.16,305.5,15.89,14.22,91.1,104.3,4.754,0,9.8,12.68,0.044
"2022-06-09 09:00:00",17468,13.94,101.8884,0.806,321,21.78,18.21,79.43,299.2,12.58,0,15.47,17.26,0.045
"2022-06-09 10:00:00",17469,14.28,101.8553,1.343,336.2,31.74,21.34,62.4,470.9,20.86,0,18.59,20.74,0.044
"2022-06-09 11:00:00",17470,14.28,101.7879,1.869,339.8,39.16,23.07,56.71,582.3,26.78,0,23.31,24.85,0.044
"2022-06-09 12:00:00",17471,14.28,101.7063,1.88,358,34.62,23.79,54.16,635.2,29.64,0,26.13,27.07,0.044
"2022-06-09 13:00:00",17472,14.29,101.6074,1.832,6.665,35.91,24.35,50.12,614.7,28.22,0,27.75,28.18,0.044
"2022-06-09 14:00:00",17473,14.29,101.5328,1.578,6.703,36.32,24.73,47.18,512,20.68,0,27.65,28.25,0.044
"2022-06-09 15:00:00",17474,14.31,101.5322,1.338,354.8,35.45,24.96,46.29,399.3,16.67,0,27.09,27.65,0.044
"2022-06-09 16:00:00",17475,13.33,101.4926,1.027,14.53,26.53,24.57,61.84,231.2,9.43,0,23.03,25.54,0.044
"2022-06-09 17:00:00",17476,13,101.5392,0.359,30.48,13.19,20.66,78.92,27.87,2.419,0,17.83,20.55,0.044
"2022-06-09 18:00:00",17477,12.96,101.5799,0.02,22.97,2.165,17.13,86.5,0.012,0.044,0,14.33,15.76,0.044
"2022-06-09 19:00:00",17478,12.93,101.653,0,0,0,14.5,93.2,0,0,0,13,13.61,0.043
"2022-06-09 20:00:00",17479,12.9,101.7031,0.003,289.8,0.002,14.1,92.8,0,0,0,12.24,12.54,0.043
"2022-06-09 21:00:00",17480,12.89,101.7352,0,0,0,12.95,92.9,0,0,0,11.8,12.11,0.043
"2022-06-09 22:00:00",17481,12.88,101.7679,0.003,267.7,0.001,12.45,94.8,0,0,0,11.29,11.58,0.043
"2022-06-09 23:00:00",17482,12.86,101.7841,0.023,226.3,7.774,13.3,89.6,0,0,0,11,11.14,0.043
"2022-06-10 00:00:00",17483,12.86,101.8084,0.344,225.9,21.58,14.14,87.8,0,0,0,11.06,11.53,0.043
"2022-06-10 01:00:00",17484,12.84,101.7879,0.392,227,25.17,14,88,0,0,0,12.5,12.69,0.043
"2022-06-10 02:00:00",17485,12.84,101.7708,0.518,215.2,24.47,14.41,93.9,0,0,0,12.38,13,0.043
"2022-06-10 03:00:00",17486,12.82,101.752,0.712,202.3,30.34,14.4,97,0,0,0,13.59,13.77,0.043
"2022-06-10 04:00:00",17487,12.81,101.767,0.541,197.2,25.78,14.51,97.3,0,0,0,13.76,14.1,0.043
"2022-06-10 05:00:00",17488,12.79,101.7991,0.366,213.8,21.98,14.66,97.9,0,0,0,13.98,14.33,0.043
"2022-06-10 06:00:00",17489,12.76,101.8398,0.299,217.1,20.72,14.14,99.2,0,0,0,13.74,13.86,0.043
"2022-06-10 07:00:00",17490,12.75,101.9047,0.854,207.5,31.12,14.37,99.5,5.387,0.336,0,13.81,14.14,0.043
"2022-06-10 08:00:00",17491,12.77,101.9858,0.878,201,29.04,16.28,93.1,107.2,3.926,0,14.56,15.71,0.043
"2022-06-10 09:00:00",17492,13.47,102.0576,0.709,193.2,32.72,18.83,89.9,202.9,9.37,0,16.88,17.93,0.043
"2022-06-10 10:00:00",17493,13.66,102.0745,1.157,190.7,38.78,20.43,81.4,272.1,13.03,0,18.9,20.22,0.043
"2022-06-10 11:00:00",17494,14.09,102.0571,1.279,175.6,44.57,22.52,77.96,466.3,22.12,0,21.5,23.14,0.043
"2022-06-10 12:00:00",17495,14.06,101.9661,1.041,184.3,43.79,23.43,72.65,491.5,23.75,0,24.29,24.94,0.043
"2022-06-10 13:00:00",17496,14,101.874,0.746,172.9,41.25,24.47,71.5,428.9,21.54,0,25,25.95,0.043
"2022-06-10 14:00:00",17497,13.98,101.825,0.819,151.8,35.51,24.36,70.25,371.1,18.13,0,23.82,25.44,0.043
"2022-06-10 15:00:00",17498,14.02,101.8442,1.147,152.9,38.48,23.25,76.94,218.1,11.19,0,23.5,24.46,0.042
"2022-06-10 16:00:00",17499,13.94,101.8938,1.274,152.7,37.72,23.04,87.9,236.4,8.38,0,22.55,23.94,0.043
"2022-06-10 17:00:00",17500,13,101.8887,0.185,158.6,16.06,19.77,96.4,17,0.842,0.254,20.12,20.85,0.042
"2022-06-10 18:00:00",17501,12.97,101.9607,0.255,200.2,21.28,19.04,98.5,0.095,0.023,1.778,19.2,19.72,0.042
"2022-06-10 19:00:00",17502,12.94,102.0183,0.235,216.5,13.94,18.73,99,0,0,0.254,19.07,19.16,0.043
"2022-06-10 20:00:00",17503,12.93,102.0588,0.144,199.3,18.23,18.38,99.3,0,0,0,18.35,18.87,0.043
"2022-06-10 21:00:00",17504,12.92,102.0832,0.144,195.6,15.33,17.66,99.5,0,0,0,17.91,18.01,0.042
"2022-06-10 22:00:00",17505,12.9,102.067,0.289,204.9,18.57,17.31,99.8,0,0,0,17.15,17.58,0.042
"2022-06-10 23:00:00",17506,12.89,102.0588,0.392,204.8,24.43,16.68,100,0,0,0,16.68,16.94,0.042
"2022-06-11 00:00:00",17507,12.87,102.002,0.124,209.4,27.24,16.07,100,0,0,0,16.2,16.45,0.042
"2022-06-11 01:00:00",17508,12.86,101.9858,0.113,182.5,27.23,15.51,100,0,0,0,15.52,15.88,0.042
"2022-06-11 02:00:00",17509,12.84,101.9533,0.322,215.3,17.69,15.04,100,0,0,0,14.85,15.28,0.042
"2022-06-11 03:00:00",17510,12.83,101.929,0.593,212.8,22.51,15.6,99.9,0,0,0,15.59,15.63,0.042
"2022-06-11 04:00:00",17511,12.81,101.9452,0.246,205.1,17.8,15.25,100,0,0,0,15.04,15.36,0.042
"2022-06-11 05:00:00",17512,12.79,101.9533,0.283,186.5,21.54,15,99.6,0,0,0.254,14.79,14.99,0.042
"2022-06-11 06:00:00",17513,12.77,101.9777,0.146,195.8,15.49,15.18,99.3,0,0,0,14.64,15.06,0.042
"2022-06-11 07:00:00",17514,12.75,102.0345,0.063,204.7,9.46,15.12,99.3,5.225,0.355,0,14.45,14.64,0.042
"2022-06-11 08:00:00",17515,12.77,102.067,0.024,197.2,5.074,16.76,90,110,4.509,0,14.79,15.6,0.042
"2022-06-11 09:00:00",17516,13.77,102.0992,0.099,166.4,14.79,20.39,83.9,284.5,12.09,0,17.07,18.38,0.042
"2022-06-11 10:00:00",17517,14.22,102.1099,0.137,103.9,27.07,22.9,74.1,442.3,20.38,0,19.41,20.58,0.042
"2022-06-11 11:00:00",17518,13.98,102.035,0.723,61.3,31.84,24.14,68.57,541,25.47,0,21.95,23.17,0.042
"2022-06-11 12:00:00",17519,14.01,101.9374,1.081,18.15,47.19,25.06,61.88,626.2,28.95,0,24.91,26.15,0.042
"2022-06-11 13:00:00",17520,14.01,101.8385,1.158,46.72,33.83,25.39,65.84,604.7,28.16,0,26.37,27.87,0.042
"2022-06-11 14:00:00",17521,14.05,101.7582,1.693,44.88,31.9,25.15,67.37,544.4,24.55,0,26.92,28.39,0.042
"2022-06-11 15:00:00",17522,14.3,101.7112,1.766,43.71,27.98,24.69,68.78,383.4,17.44,0,26.57,27.56,0.042
"2022-06-11 16:00:00",17523,13.47,101.7149,1.469,38.5,23.09,23.82,72.97,214,9.42,0,23.41,25.26,0.042
"2022-06-11 17:00:00",17524,13,101.7254,0.595,24.29,14.36,21.4,86.6,31.47,2.488,0,20.22,21.63,0.041
"2022-06-11 18:00:00",17525,12.96,101.7097,0,0,0,18.41,94.7,0.017,0.046,0,17.48,18.71,0.041
"2022-06-11 19:00:00",17526,12.94,101.7341,0,0,0,17.4,97.6,0,0,0,16.2,16.83,0.041
"2022-06-11 20:00:00",17527,12.92,101.7504,0,0,0,16.89,98.8,0,0,0,15.33,15.79,0.041
"2022-06-11 21:00:00",17528,12.91,101.7422,0,0,0,15.82,100,0,0,0,14.79,15.1,0.041
"2022-06-11 22:00:00",17529,12.89,101.7341,0.001,345.9,0,15.6,100,0,0,0,14.2,14.45,0.041
"2022-06-11 23:00:00",17530,12.88,101.726,0.039,301.8,5.857,15.58,100,0,0,0,14.06,14.19,0.041
"2022-06-12 00:00:00",17531,12.87,101.7098,0.12,288.6,13.66,15.29,100,0,0,0,14.35,14.95,0.041
"2022-06-12 01:00:00",17532,12.85,101.6704,0.002,327.7,0,14.48,100,0,0,0,13.38,14.1,0.041
"2022-06-12 02:00:00",17533,12.84,101.6344,0.017,312.1,2.336,13.56,100,0,0,0,13.13,13.37,0.041
"2022-06-12 03:00:00",17534,12.82,101.6124,0.047,311.9,4.771,14.18,100,0,0,0,14.19,14.72,0.041
"2022-06-12 04:00:00",17535,12.81,101.5649,0,0,0,13.84,100,0,0,0,12.97,13.85,0.041
"2022-06-12 05:00:00",17536,12.79,101.5673,0,0,0,13.4,100,0,0,0,12.16,12.49,0.041
"2022-06-12 06:00:00",17537,12.76,101.611,0.003,320.8,1.124,13.41,100,0,0,0,11.94,12.1,0.041
"2022-06-12 07:00:00",17538,12.75,101.6146,0.11,329.4,5.702,14.44,100,3.72,0.323,0,12.04,12.76,0.041
"2022-06-12 08:00:00",17539,12.75,101.653,0.679,336.3,20.14,16.22,95.9,77.63,4.29,0,13.79,15.49,0.041
"2022-06-12 09:00:00",17540,13.81,101.6912,1.258,347.4,28.68,19.49,84,267.7,11.63,0,17.47,18.73,0.041
"2022-06-12 10:00:00",17541,14.28,101.6686,1.995,353.2,35.74,21.44,75.9,447.4,19.22,0,19.56,20.5,0.041
"2022-06-12 11:00:00",17542,14.3,101.586,2.434,348,39.02,23.05,66.7,557.3,24.32,0,22.34,23.87,0.041
"2022-06-12 12:00:00",17543,14.3,101.4771,2.254,352.4,38.34,24.31,60.05,603.1,26.35,0,25.21,26.29,0.041
"2022-06-12 13:00:00",17544,14.31,101.3452,2.167,353.1,35.41,25,56.22,595,26.15,0,27.03,27.56,0.041
"2022-06-12 14:00:00",17545,14.31,101.2648,2.313,2.988,35.75,25.3,56.7,523,22.58,0,27.46,27.85,0.041
"2022-06-12 15:00:00",17546,14.31,101.224,1.83,6.464,32.84,25.35,58.84,390,16.04,0,26.6,27.11,0.041
"2022-06-12 16:00:00",17547,13.39,101.2353,1.501,359.6,34.22,24.57,64.03,223,8.82,0,23.14,25.12,0.04
"2022-06-12 17:00:00",17548,13,101.2465,0.908,7.983,28.73,21.77,78.31,27.84,2.376,0,19.47,20.89,0.04
"2022-06-12 18:00:00",17549,12.97,101.2794,0.543,14.55,16.28,18.96,87.5,0.005,0.045,0,16.94,18.17,0.04
"2022-06-12 19:00:00",17550,12.94,101.3039,0.504,5.241,20.48,17.93,91,0,0,0,16.48,16.86,0.04
"2022-06-12 20:00:00",17551,12.92,101.312,0.302,352.7,17.22,17.09,92.2,0,0,0,15.6,15.89,0.04
"2022-06-12 21:00:00",17552,12.91,101.3282,0.11,345.9,13.68,16.54,93.6,0,0,0,14.52,15.04,0.04
"2022-06-12 22:00:00",17553,12.9,101.3364,0.042,328.5,6.571,16.26,95.4,0,0,0,14.2,14.42,0.04
"2022-06-12 23:00:00",17554,12.88,101.3208,0.012,330.1,2.326,15.85,96.8,0,0,0,13.32,13.66,0.04
"2022-06-13 00:00:00",17555,12.87,101.2877,0.402,318.6,14.2,15.56,95.7,0,0,0,13.29,13.87,0.04
"2022-06-13 01:00:00",17556,12.85,101.2309,0.946,323.8,17.72,15.5,96.5,0,0,0,14.56,14.74,0.04
"2022-06-13 02:00:00",17557,12.84,101.2065,0.499,324.2,15.47,15.28,98.9,0,0,0,14.21,14.42,0.04
"2022-06-13 03:00:00",17558,12.83,101.174,0.937,324.4,19.34,15.17,93.1,0,0,0,14.28,14.63,0.04
"2022-06-13 04:00:00",17559,12.81,101.1745,0.865,324.6,17.2,14.53,94.8,0,0,0,13.53,13.99,0.04
"2022-06-13 05:00:00",17560,12.78,101.2072,0.353,318.1,12.53,13.78,93.4,0,0,0,13,13.29,0.04
"2022-06-13 06:00:00",17561,12.76,101.2252,0.721,340.4,21.67,14.8,91.5,0,0,0,13.01,13.34,0.04
"2022-06-13 07:00:00",17562,12.75,101.239,0.841,350.7,25.65,15.8,91,3.319,0.305,0,13.81,14.06,0.04
"2022-06-13 08:00:00",17563,12.75,101.2552,1.313,2.892,26.9,17.41,85.9,106.1,3.969,0,14.39,15.44,0.04
"2022-06-13 09:00:00",17564,13.82,101.2439,1.913,357.3,34.72,19.98,75.71,289.1,11.09,0,17.01,18.19,0.04
"2022-06-13 10:00:00",17565,14.27,101.206,2.455,353.4,36.87,21.88,64.71,454.1,18.92,0,19.47,21.34,0.04
"2022-06-13 11:00:00",17566,14.28,101.1458,2.474,347.7,35.53,23.91,52.92,567.8,24.75,0,23.01,24.66,0.04
"2022-06-13 12:00:00",17567,14.28,101.0297,2.415,345,38.11,25.27,47.06,623.3,27.76,0,26.07,27.08,0.04
"2022-06-13 13:00:00",17568,14.28,100.9066,2.093,0.07,33.85,26.13,46.61,610.4,27.16,0,27.98,28.63,0.04
