"TOA5","Science Centre AWS","CR1000","88296","CR1000.Std.31.08","CPU:Vasi_Science Centre AWS.CR1","64103","Hourly"
"TIMESTAMP","RECORD","BattV_Min","BP_kPa","WS_ms_S_WVT","WindDir_D1_WVT","WindDir_SD1_WVT","AirTC_Avg","RH","SlrW_Avg","CUV5_W_Avg","Rain_mm_Tot","T107_C_Min","T107_C_Avg","VW_Avg"
"TS","RN","Volts","kPa","meters/second","Deg","Deg","Deg C","%","W/m^2","W/m^2","mm","Deg C","Deg C",""
"","","Min","Smp","WVc","WVc","WVc","Avg","Smp","Avg","Avg","Tot","Min","Avg","Avg"
"2022-01-12 12:00:00",13919,14.04,100.8727,1.456,167.9,24.17,28.37,80.7,624.5,35.47,0,30.35,30.99,0.051
"2022-01-12 13:00:00",13920,13.98,100.8403,1.528,175.3,25.63,28.04,81.8,451.6,26.78,0,29.85,30.76,0.051
"2022-01-12 14:00:00",13921,13.97,100.8403,1.619,155.7,27.38,28.47,75.7,574.3,31.03,0,29.68,30.9,0.051
"2022-01-12 15:00:00",13922,14.12,100.7834,1.97,149.1,25.79,29.16,77.99,790.5,39.86,0,31.07,33.17,0.051
"2022-01-12 16:00:00",13923,14.04,100.7348,1.835,161.1,22.39,28.11,78.94,444.8,25.32,0,29.88,30.85,0.051
"2022-01-12 17:00:00",13924,14.03,100.751,1.625,157.4,24.56,28.26,81.3,395.9,19.1,0,30.19,30.74,0.051
"2022-01-12 18:00:00",13925,13.25,100.8078,1.402,156.9,20.12,27.39,88.1,200.6,9.38,0,27.06,28.32,0.051
"2022-01-12 19:00:00",13926,12.95,100.8978,0.748,159.4,12.14,25.68,91.2,15.34,1.438,0,25.83,26.4,0.051
"2022-01-12 20:00:00",13927,12.94,100.9488,0.477,170.4,11.82,25.13,89,0,0.004,0,25.39,25.57,0.051
"2022-01-12 21:00:00",13928,12.93,101.008,0.616,186,10.6,24.58,92.9,0,0,0,24.48,24.95,0.052
"2022-01-12 22:00:00",13929,12.91,101.0427,0.386,191.7,9.41,23.83,95.2,0,0,0,24.18,24.3,0.052
"2022-01-12 23:00:00",13930,12.88,101.001,0.185,199.2,6.137,23.51,95.6,0,0,0,23.88,24.04,0.051
"2022-01-13 00:00:00",13931,12.89,101.007,0.117,197.9,5.972,23.62,95.7,0,0,0,23.86,24.06,0.052
"2022-01-13 01:00:00",13932,12.88,100.9372,0.052,201.7,3.792,23.29,97.7,0,0,0,23.5,23.79,0.052
"2022-01-13 02:00:00",13933,12.87,100.8806,0.019,200.6,1.999,22.81,99.1,0,0,0,23.27,23.42,0.052
"2022-01-13 03:00:00",13934,12.85,100.832,0.061,197.9,3.038,22.52,99.6,0,0,0,22.97,23.14,0.052
"2022-01-13 04:00:00",13935,12.83,100.8481,0.265,201,6.121,22.19,99.8,0,0,0,22.67,22.82,0.052
"2022-01-13 05:00:00",13936,12.81,100.8404,0.337,200.6,7.612,22.07,99.5,0.003,0.008,0,22.58,22.64,0.052
"2022-01-13 06:00:00",13937,12.79,100.8884,0.267,200.1,7.192,22.29,98.2,21.97,1.743,0,22.65,22.82,0.052
"2022-01-13 07:00:00",13938,12.8,100.9394,0.332,197.4,7.334,24.09,90.9,185.7,8.57,0,23.15,24.56,0.052
"2022-01-13 08:00:00",13939,13.42,100.9782,0.791,187.8,16.43,25.83,86.8,270.8,15.22,0,26.11,26.78,0.052
"2022-01-13 09:00:00",13940,13.54,100.9701,0.838,181,20.35,27.35,81.5,449.2,25.05,0,27.59,29.12,0.052
"2022-01-13 10:00:00",13941,14.15,100.9863,0.458,148.6,21.66,28.61,76.93,402.8,23.26,0,30.45,31.12,0.052
"2022-01-13 11:00:00",13942,14.03,100.9539,1.321,78.69,14.13,29.21,75.33,644.1,32.93,0,31.5,33.83,0.052
"2022-01-13 12:00:00",13943,14.04,100.8889,1.49,84.5,18.3,30.11,71.14,868,45.86,0,33.31,34.92,0.052
"2022-01-13 13:00:00",13944,13.99,100.8484,1.562,91,26.54,30.74,69.68,1039,53.82,0,36.74,37.58,0.051
"2022-01-13 14:00:00",13945,13.99,100.8077,1.928,84.7,23.25,30.37,73.51,946,48.72,0,37.13,37.98,0.051
"2022-01-13 15:00:00",13946,14.03,100.7915,2.038,76.5,22.49,30.24,72.37,864,43.35,0,37.39,37.97,0.051
"2022-01-13 16:00:00",13947,14.09,100.7347,2.136,73.36,19.52,30,69.26,686.5,33.18,0,36.07,37.09,0.051
"2022-01-13 17:00:00",13948,14.08,100.7104,2.275,77.04,19.93,29.25,77.8,456.3,20.83,0,33.25,34.36,0.05
"2022-01-13 18:00:00",13949,13.03,100.7672,2.184,71.8,15.59,28.06,83.4,176.2,8.73,0,28.79,30.17,0.05
"2022-01-13 19:00:00",13950,12.92,100.8326,1.48,69.96,11.31,26.61,87.5,13.96,1.421,0,27.44,28.03,0.05
"2022-01-13 20:00:00",13951,12.94,100.9312,0.192,69.21,3.654,25.69,91.3,0,0.004,0,26.86,27.15,0.05
"2022-01-13 21:00:00",13952,12.92,100.9985,0.024,68.91,1.375,25.21,93.6,0,0,0,26.26,26.6,0.05
"2022-01-13 22:00:00",13953,12.91,101.0383,0.001,73.99,0,25.01,94.4,0,0,0,25.73,26.02,0.05
"2022-01-13 23:00:00",13954,12.9,101.0649,0,0,0,24.55,96.8,0,0,0,25.24,25.52,0.05
"2022-01-14 00:00:00",13955,12.89,101.0823,0,0,0,23.61,99,0,0,0,24.88,25.02,0.049
"2022-01-14 01:00:00",13956,12.88,100.9705,0,0,0,23.2,99.8,0,0,0,24.42,24.79,0.05
"2022-01-14 02:00:00",13957,12.86,100.93,0,0,0,22.58,100,0,0,0,24.13,24.23,0.05
"2022-01-14 03:00:00",13958,12.84,100.9372,0,0,0,22.66,100,0,0,0,23.7,23.94,0.05
"2022-01-14 04:00:00",13959,12.79,100.9131,0,0,0,22.91,100,0,0,0,23.67,23.79,0.05
"2022-01-14 05:00:00",13960,12.8,100.9051,0.002,77.52,0,23.07,99.9,0.006,0,0,23.9,24.28,0.05
"2022-01-14 06:00:00",13961,12.78,100.9519,0,0,0,23.07,99.4,19.51,1.622,0,24.4,24.58,0.049
"2022-01-14 07:00:00",13962,12.78,100.9718,0.007,77.48,0.007,24.41,94.6,143.5,8.3,0,24.76,25.54,0.049
"2022-01-14 08:00:00",13963,13.28,100.9945,0.005,77.48,0.001,25.66,90,166.6,9.03,0.254,26.28,26.85,0.049
"2022-01-14 09:00:00",13964,13.49,101.0026,0.024,77.45,0.008,27.08,89.3,325.1,19.76,0,27.62,28.51,0.05
"2022-01-14 10:00:00",13965,13.95,100.9944,0.624,69.02,13.08,27.9,77.32,415.1,24.56,0,29.01,29.59,0.05
"2022-01-14 11:00:00",13966,14.08,100.9863,2.163,70,19.32,29.29,72.15,871,45.72,0,31.09,33.41,0.05
"2022-01-14 12:00:00",13967,14.11,100.962,2.052,81.1,18.06,29.54,71.73,763.6,42.6,0,33.66,34.99,0.049
"2022-01-14 13:00:00",13968,14.16,100.9376,2.171,76.21,19.75,28.85,77.07,594.2,34.04,0,32.89,34.13,0.049
"2022-01-14 14:00:00",13969,14.19,100.9214,1.905,69.94,15.86,28.34,78.42,400.6,24.32,0,31.8,32.52,0.049
"2022-01-14 15:00:00",13970,13.98,100.8565,1.75,73.83,17.25,27.84,93.1,337.1,19.77,0.254,30.26,31.86,0.048
"2022-01-14 16:00:00",13971,13.52,100.8322,1.18,91.8,19.1,26.14,85.6,198.3,13.67,1.016,28.33,28.73,0.048
"2022-01-14 17:00:00",13972,13.95,100.8085,1.204,78.07,12.22,26.47,83.1,164.6,11.04,0,27.7,28.08,0.048
"2022-01-14 18:00:00",13973,13.18,100.8484,0.836,83.6,9.72,26.24,81.8,96.3,5.599,0,26.91,27.34,0.048
"2022-01-14 19:00:00",13974,12.94,100.8975,0.078,90.7,3.432,25.21,90.4,17.25,1.18,0,25.76,26.39,0.048
"2022-01-14 20:00:00",13975,12.92,100.952,0,0,0,23.93,93.5,0,0.001,0,25.13,25.34,0.048
"2022-01-14 21:00:00",13976,12.88,101.0073,0.02,94.6,1.742,24.04,89.4,0,0,0,24.72,24.97,0.048
"2022-01-14 22:00:00",13977,12.91,101.0399,0.001,100.5,0,24.32,90.5,0,0,0,24.67,24.85,0.048
"2022-01-14 23:00:00",13978,12.91,101.0397,0,0,0,24.04,92.9,0,0,0,24.29,24.52,0.048
"2022-01-15 00:00:00",13979,12.89,100.9918,0.003,100.8,0.005,23.72,94.2,0,0,0,24.1,24.23,0.048
"2022-01-15 01:00:00",13980,12.88,100.9539,0,0,0,23.03,96.3,0,0,0,23.5,23.82,0.048
"2022-01-15 02:00:00",13981,12.86,100.9219,0,0,0,22.45,96.6,0,0,0,22.85,23.13,0.048
"2022-01-15 03:00:00",13982,12.85,100.8732,0,0,0,22.06,97.2,0,0,0,22.36,22.62,0.048
"2022-01-15 04:00:00",13983,12.83,100.8975,0,0,0,22.01,97.3,0,0,0,21.99,22.18,0.047
"2022-01-15 05:00:00",13984,12.8,100.9137,0.009,81.7,0.017,21.67,98.5,0,0.005,0,21.99,22.06,0.047
"2022-01-15 06:00:00",13985,12.78,100.9543,0,0,0,21.07,96.6,36.75,1.883,0,21.97,22.17,0.047
"2022-01-15 07:00:00",13986,12.84,100.9621,0.036,100.1,0.021,24.69,83.5,196,9.51,0,23.04,24.51,0.047
"2022-01-15 08:00:00",13987,13.12,100.9701,0.134,90.5,2.983,26.58,83,230.9,14.42,0,25.99,26.81,0.047
"2022-01-15 09:00:00",13988,13.51,100.962,1.172,69.1,13.24,27.63,72.32,508.3,25.37,0,26.64,28.47,0.047
"2022-01-15 10:00:00",13989,13.83,100.9376,1.823,67.78,21.17,28.79,69.21,816,41.47,0,30.51,31.47,0.047
"2022-01-15 11:00:00",13990,13.89,100.9052,1.818,78.2,19.97,29.32,62.87,952,49.46,0,32.55,34.39,0.047
"2022-01-15 12:00:00",13991,13.94,100.8321,2.083,73.92,20.06,29.59,62.93,1071,55.5,0,35.41,36.09,0.047
"2022-01-15 13:00:00",13992,14.17,100.7834,2.192,77.4,20.79,29.74,62.2,1094,56.36,0,36.29,36.86,0.046
"2022-01-15 14:00:00",13993,14.23,100.7347,2.153,77.28,18.89,29.62,64.7,1024,51.58,0,37.28,38.17,0.046
"2022-01-15 15:00:00",13994,14.09,100.6617,2.287,77.15,19.72,29.27,66.61,888,44.05,0,36.67,37.72,0.046
"2022-01-15 16:00:00",13995,14.13,100.6292,2.323,76.72,22.15,28.9,65.72,702.9,33.67,0,35.3,36,0.045
"2022-01-15 17:00:00",13996,14.14,100.6211,2.08,78.08,20.84,28.42,68.44,480.1,21.24,0,32.61,34.01,0.044
"2022-01-15 18:00:00",13997,13.19,100.6626,1.699,79.33,15.3,26.86,76.58,169.8,8.42,0,27.7,29.31,0.044
"2022-01-15 19:00:00",13998,12.94,100.6477,0.676,80.6,9.76,25.08,84,25.97,1.53,0,26.18,27.02,0.044
"2022-01-15 20:00:00",13999,12.93,100.645,0.001,79.8,0,23.1,87.5,0,0,0,24,24.99,0.044
"2022-01-15 21:00:00",14000,12.92,100.792,0,0,0,22.41,90.9,0,0,0,23.27,23.56,0.043
"2022-01-15 22:00:00",14001,12.9,100.817,0,0,0,21.53,94.8,0,0,0,22.46,22.84,0.043
"2022-01-15 23:00:00",14002,12.89,100.802,0,0,0,20.43,97.3,0,0,0,21.85,22.2,0.043
"2022-01-16 00:00:00",14003,12.88,100.7812,0,0,0,19.79,99.2,0,0,0,21.74,21.85,0.043
"2022-01-16 01:00:00",14004,12.86,100.7307,0,0,0,19.88,98.7,0,0,0,21.49,21.59,0.043
"2022-01-16 02:00:00",14005,12.85,100.6995,0,0,0,19.73,99.6,0,0,0,21.54,21.73,0.043
"2022-01-16 03:00:00",14006,12.83,100.6973,0,0,0,20.07,98.5,0,0,0,21.73,21.93,0.043
"2022-01-16 04:00:00",14007,12.81,100.7147,0,0,0,19.72,99.5,0,0,0,20.79,21.37,0.043
"2022-01-16 05:00:00",14008,12.79,100.7438,0,0,0,18.9,100,0,0,0,19.98,20.37,0.043
"2022-01-16 06:00:00",14009,12.76,100.6951,0,0,0,18.98,99.7,28.79,1.769,0,19.8,20.03,0.043
"2022-01-16 07:00:00",14010,12.79,100.792,0.005,100.5,0.023,21.73,91.4,131.9,7.823,0,20.97,22.36,0.043
"2022-01-16 08:00:00",14011,13.32,100.7761,0.252,102.1,0.965,24.18,84.3,246.8,13.96,0,23.3,24.62,0.043
"2022-01-16 09:00:00",14012,13.59,100.8403,0.245,93.4,7.326,25.93,72.47,256.2,14.34,0,25.75,26.9,0.043
"2022-01-16 10:00:00",14013,13.89,100.8159,0.67,31.76,19.41,25.91,74.9,469.3,25.71,0,27.9,28.8,0.043
"2022-01-16 11:00:00",14014,14.16,100.7591,0.94,9.07,30.14,28.44,65.54,811,43.83,0,30.6,33.34,0.042
"2022-01-16 12:00:00",14015,14.02,100.7266,1.848,54.24,19.68,29.13,70.06,631.8,34.22,0,32.68,34.32,0.042
"2022-01-16 13:00:00",14016,14.12,100.6536,2.383,56.93,23.05,29.6,67.24,872,47.01,0,32.94,35.26,0.042
"2022-01-16 14:00:00",14017,14.15,100.6374,2.6,57.64,21.14,29.44,70.96,721.4,38.87,0,34.32,35.94,0.041
"2022-01-16 15:00:00",14018,14.17,100.6049,2.428,52.73,20.66,28.53,67.95,466.7,26.06,0,31.85,33.41,0.041
"2022-01-16 16:00:00",14019,14.14,100.5725,2.499,59.09,18.37,27.96,78.64,344.5,19.09,0,30.88,32.01,0.041
"2022-01-16 17:00:00",14020,13.78,100.5644,1.703,45.68,16.04,27.26,77.86,162.7,9.77,0,29.06,29.91,0.04
"2022-01-16 18:00:00",14021,12.99,100.613,1.53,61.78,11.63,26.69,79.43,52.26,3.151,0,27.57,28.32,0.04
"2022-01-16 19:00:00",14022,12.95,100.6712,1.208,61.87,10.44,26.14,82.1,10.49,0.721,0,26.53,27.08,0.04
"2022-01-16 20:00:00",14023,12.94,100.7533,0.387,63.11,6.527,25.54,82.8,0,0,0,26.06,26.26,0.04
"2022-01-16 21:00:00",14024,12.93,100.7545,0.282,64.96,4.106,25.29,85.1,0,0,0,25.84,26.05,0.039
"2022-01-16 22:00:00",14025,12.9,100.8105,0.06,63.34,2.196,24.89,86.4,0,0,0,25.44,25.67,0.039
"2022-01-16 23:00:00",14026,12.87,100.8209,0.006,61.49,0.004,24.35,86.9,0,0,0,25.04,25.18,0.039
"2022-01-17 00:00:00",14027,12.89,100.804,0,0,0,24.26,90.2,0,0,0,24.86,24.97,0.039
"2022-01-17 01:00:00",14028,12.88,100.7878,0,0,0,23.96,88.2,0,0,0,24.72,24.89,0.039
"2022-01-17 02:00:00",14029,12.87,100.7799,0.066,72.96,1.795,24.58,85.3,0,0,0,24.67,24.74,0.039
"2022-01-17 03:00:00",14030,12.85,100.7404,0.003,71.23,0.064,24.27,93,0,0,0.254,24.41,24.74,0.039
"2022-01-17 04:00:00",14031,12.82,100.7583,0,0,0,22.93,99.1,0,0,0,24.1,24.22,0.039
"2022-01-17 05:00:00",14032,12.79,100.742,0,0,0,22.57,99.4,0,0,0,24,24.05,0.039
"2022-01-17 06:00:00",14033,12.77,100.8242,0,0,0,22.64,98.6,5.973,0.481,0,23.88,23.99,0.039
"2022-01-17 07:00:00",14034,12.77,100.892,0,0,0,23.39,97.6,50.16,3.337,0,24.23,24.62,0.039
"2022-01-17 08:00:00",14035,12.93,100.9222,0.003,76.41,0.439,25.14,86.7,193.1,11.09,0,25.14,26.02,0.039
"2022-01-17 09:00:00",14036,13.59,100.8971,0.287,78.61,26.18,27.21,77.79,435.7,22.9,0,27.15,28.49,0.039
"2022-01-17 10:00:00",14037,13.92,100.8971,1.185,62.04,76.16,29.63,64.31,861,41.92,0,30.33,32.28,0.039
"2022-01-17 11:00:00",14038,13.88,100.8808,1.677,71.66,27.11,30.58,61.16,1033,52.11,0,34.32,36.63,0.039
"2022-01-17 12:00:00",14039,14.07,100.8808,1.931,74.62,21.67,30.41,60.14,1014,52.42,0,36.45,37.37,0.039
"2022-01-17 13:00:00",14040,14.14,100.8646,2.005,78.62,22.41,30.89,60.49,1085,55.38,0,37.77,38.83,0.038
"2022-01-17 14:00:00",14041,14.05,100.8402,2.221,78.05,23.1,30.65,62,1033,51.71,0,38.74,39.48,0.038
"2022-01-17 15:00:00",14042,14.1,100.7996,2.241,86.8,27.72,29.64,70.12,717.7,36.98,0,35.41,37.27,0.037
"2022-01-17 16:00:00",14043,14.05,100.824,1.805,85.9,22.7,28.31,75.69,401.3,21.38,0,31.16,34.19,0.037
"2022-01-17 17:00:00",14044,13.95,100.8408,1.646,86.5,14.49,27,75.3,146.5,8.53,0,29.57,30.07,0.037
"2022-01-17 18:00:00",14045,13.27,100.8814,1.59,83.9,13.94,27.05,75.24,128.4,6.506,0,28.55,29.33,0.037
"2022-01-17 19:00:00",14046,12.95,100.9226,0.973,88.2,11.01,26.08,78.34,16.67,1.014,0,26.69,27.68,0.036
"2022-01-17 20:00:00",14047,12.94,100.9644,0.718,86.2,10.53,25.26,82.9,0,0,0,25.69,26.09,0.036
"2022-01-17 21:00:00",14048,12.93,101.0176,0.033,84.3,2.163,24.49,87,0,0,0,25.19,25.43,0.036
"2022-01-17 22:00:00",14049,12.92,101.0504,0,0,0,23.72,92.3,0,0,0,24.02,24.6,0.036
"2022-01-17 23:00:00",14050,12.9,101.0274,0,0,0,22.72,94.5,0,0,0,23.17,23.55,0.036
"2022-01-18 00:00:00",14051,12.89,100.9949,0,0,0,22.39,92.3,0,0,0,22.47,22.85,0.036
"2022-01-18 01:00:00",14052,12.88,100.9787,0,0,0,21.63,96.6,0,0,0,22.19,22.32,0.036
"2022-01-18 02:00:00",14053,12.86,100.9476,0,0,0,20.63,99.3,0,0,0,21.83,21.99,0.036
"2022-01-18 03:00:00",14054,12.84,100.9138,0,0,0,21.44,95.5,0,0,0,21.8,21.86,0.035
"2022-01-18 04:00:00",14055,12.83,100.8894,0.165,109.3,0.229,21.71,95.9,0,0,0,21.8,21.92,0.036
"2022-01-18 05:00:00",14056,12.81,100.9463,0.031,109.5,0.039,21.54,97.4,0,0,0,21.8,22.3,0.036
"2022-01-18 06:00:00",14057,12.78,100.9868,0.084,108.9,0.926,21.18,97.1,12.81,0.758,0,22.16,22.36,0.035
"2022-01-18 07:00:00",14058,12.79,101.0054,0.304,119.2,10.41,23.3,86.5,182.6,7.146,0,22.59,23.92,0.035
"2022-01-18 08:00:00",14059,13.36,101.0431,0.355,172.4,16.76,25.63,77.39,308.7,16.46,0,25.8,26.76,0.035
"2022-01-18 09:00:00",14060,13.54,101.0188,0.75,159.4,18.04,25.45,85.3,251.3,15.97,0,27.45,27.94,0.035
"2022-01-18 10:00:00",14061,14.17,100.9944,0.827,141.1,4.915,26.5,66.52,479.7,26.48,0,28.38,30.06,0.035
"2022-01-18 11:00:00",14062,14.15,100.9214,0.854,72.82,15.7,28.96,58.62,720.1,39.71,0,32.61,34.59,0.035
"2022-01-18 12:00:00",14063,14.04,100.8565,1.16,59.29,14.63,29.06,66.68,543.2,32.12,0,32.32,34.8,0.035
"2022-01-18 13:00:00",14064,14.11,100.8078,1.721,72.28,17.64,28.47,65.95,431,26.38,0,31.56,32.38,0.035
"2022-01-18 14:00:00",14065,14.04,100.7185,2.207,62.11,23.39,29.06,64.73,804,41.89,0,32.94,35.12,0.035
"2022-01-18 15:00:00",14066,14.02,100.6861,2.415,72.06,22.19,29.42,61.05,852,42.52,0,36.23,37.21,0.035
"2022-01-18 16:00:00",14067,14.06,100.6374,2.448,58.01,22.62,29.4,65.05,690.7,33.05,0,35.43,36.57,0.035
"2022-01-18 17:00:00",14068,14.05,100.613,2.56,59.15,19.6,28.62,67.65,467.8,20.96,0,32.64,34.17,0.035
"2022-01-18 18:00:00",14069,13.01,100.6211,2.257,57.61,17.54,27.24,72.36,192,8.98,0,27.1,29.04,0.034
"2022-01-18 19:00:00",14070,12.95,100.6088,1.323,52.82,11.36,25.47,80.7,14.85,1.563,0,25.59,26.43,0.034
"2022-01-18 20:00:00",14071,12.94,100.6616,0.248,53.32,5.794,23.78,86.9,0,0,0,24.44,24.98,0.034
"2022-01-18 21:00:00",14072,12.92,100.6946,0,0,0,22.37,91.9,0,0,0,23.1,23.72,0.034
"2022-01-18 22:00:00",14073,12.9,100.7433,0,0,0,22.03,91.7,0,0,0,22.43,22.76,0.034
"2022-01-18 23:00:00",14074,12.89,100.7846,0,0,0,21.58,95.8,0,0,0,21.67,22.07,0.034
"2022-01-19 00:00:00",14075,12.88,100.7685,0,0,0,20.94,95.6,0,0,0,21.44,21.57,0.034
"2022-01-19 01:00:00",14076,12.87,100.7523,0.001,74.09,0,21.22,96.2,0,0,0,21.71,21.96,0.034
"2022-01-19 02:00:00",14077,12.85,100.7118,0.001,71.8,0,20.68,97.3,0,0,0,21.27,21.51,0.034
"2022-01-19 03:00:00",14078,12.83,100.688,0.001,52.21,0.001,20.5,97.8,0,0,0,21.08,21.19,0.033
"2022-01-19 04:00:00",14079,12.81,100.7373,0,0,0,20.03,99.6,0,0,0,20.85,21.43,0.033
"2022-01-19 05:00:00",14080,12.77,100.8064,0,0,0,19.49,100,0,0,0,20.43,20.65,0.034
"2022-01-19 06:00:00",14081,12.76,100.8503,0,0,0,20.18,99.4,15.22,1.585,0,20.27,20.54,0.034
"2022-01-19 07:00:00",14082,12.75,100.8958,0.178,47.14,4.627,22.44,86.6,174.2,8.78,0,20.97,22.65,0.033
"2022-01-19 08:00:00",14083,13.42,100.9376,0.571,337.8,34.16,26.22,78.41,331.2,16.64,0,24.76,26.74,0.033
"2022-01-19 09:00:00",14084,13.57,100.9052,0.643,306.7,8.99,27.34,71.25,397.8,21.08,0,27.76,29.18,0.034
"2022-01-19 10:00:00",14085,13.88,100.8971,0.831,315.6,26.65,29.07,62.89,732.8,37.67,0,30.48,32.5,0.034
"2022-01-19 11:00:00",14086,14.01,100.8646,0.969,8.24,12.45,29.46,66.51,463.8,25.55,0,32.81,34.41,0.033
"2022-01-19 12:00:00",14087,14.07,100.8808,0.574,16.76,29.76,29.61,59.04,532.3,31.48,0,32,32.79,0.034
"2022-01-19 13:00:00",14088,13.85,100.9306,0.381,148.1,6.765,27.68,91.3,268.7,16.9,3.556,28.59,31.32,0.033
"2022-01-19 14:00:00",14089,14.06,100.9133,1.145,96.8,26.17,27.81,80.5,574.5,31.52,0,28.55,30.43,0.034
"2022-01-19 15:00:00",14090,14.06,100.8889,0.82,154.8,47.01,27.76,71.46,490,25.71,0,28.55,30.16,0.034
"2022-01-19 16:00:00",14091,14.04,100.8808,1.062,84.6,25.31,28.83,71.59,462.2,25.08,0,32.1,32.8,0.033
"2022-01-19 17:00:00",14092,13.57,100.8808,0.985,127.1,31.18,29.26,70.46,443.8,20.5,0,31.56,32.51,0.034
"2022-01-19 18:00:00",14093,13.01,100.9295,0.543,136.5,18.3,27.35,84.6,154,8.21,0,27.21,28.84,0.033
"2022-01-19 19:00:00",14094,12.95,100.9785,0.032,144,3.267,25.33,92.3,7.691,0.972,0,26.34,26.88,0.033
"2022-01-19 20:00:00",14095,12.94,101.0227,0.003,145.6,1.176,24.36,90.4,0,0,0,25.5,25.86,0.033
"2022-01-19 21:00:00",14096,12.93,101.0723,0.041,131.6,2.562,24.64,86.6,0,0,0,25.13,25.37,0.033
"2022-01-19 22:00:00",14097,12.92,101.107,0.106,141.3,6.76,24.58,85.6,0,0,0,24.05,24.71,0.033
"2022-01-19 23:00:00",14098,12.91,101.0841,0.058,134.4,5.293,24.08,85.9,0,0,0,23.52,23.71,0.033
"2022-01-20 00:00:00",14099,12.89,101.0842,0.04,142.1,3.441,23.5,85.3,0,0,0,23.06,23.4,0.033
"2022-01-20 01:00:00",14100,12.88,101.0842,0.179,152.5,3.033,23.27,86.3,0,0,0,22.57,22.72,0.033
"2022-01-20 02:00:00",14101,12.86,101.0436,0.011,158.3,0.066,22.05,88.3,0,0,0,21.39,22.06,0.033
"2022-01-20 03:00:00",14102,12.84,101.0437,0,0,0,21.07,93.4,0,0,0,21.16,21.26,0.033
"2022-01-20 04:00:00",14103,12.8,101.0357,0,0,0,21.24,93.9,0,0,0,21.23,21.31,0.033
"2022-01-20 05:00:00",14104,12.78,101.1086,0.011,158.8,0.201,21.36,94.5,0.029,0,0,21.25,21.56,0.033
"2022-01-20 06:00:00",14105,12.78,101.1167,0.063,160.5,0.346,21.33,96.8,31.73,1.374,1.016,21.73,21.92,0.033
"2022-01-20 07:00:00",14106,12.77,101.1324,0.203,163.3,1.145,21.19,98.1,94.1,7.003,0,21.3,21.85,0.033
"2022-01-20 08:00:00",14107,13.05,101.1345,0.123,167.6,3.547,23.34,91.8,265,12.56,0,22.53,24.15,0.033
"2022-01-20 09:00:00",14108,13.57,101.1243,0.206,191.4,6.395,25.44,74.7,381.3,19.08,0,25.56,26.38,0.033
"2022-01-20 10:00:00",14109,13.85,101.1162,0.753,220.1,26.64,25.73,85.6,467.6,24.1,0,26.02,27.61,0.033
"2022-01-20 11:00:00",14110,13.98,101.108,0.771,185.9,14.52,26.73,83.2,467.8,25.9,0,27.87,28.84,0.033
"2022-01-20 12:00:00",14111,13.97,101.0756,1.509,109.9,39.7,28.34,60.01,936,48.68,0,27.87,31.33,0.033
"2022-01-20 13:00:00",14112,14.07,101.0675,1.734,106.6,34.77,29.4,62.01,1139,57.07,0,34.2,35.5,0.034
"2022-01-20 14:00:00",14113,13.99,101.0107,1.828,90.6,27.32,29.32,60.09,1014,50.48,0,35.94,36.55,0.034
"2022-01-20 15:00:00",14114,14,100.9944,1.706,95.7,31.15,29.39,59.28,889,43.65,0,35.94,36.54,0.034
"2022-01-20 16:00:00",14115,14.1,100.9457,1.996,75.16,21.32,29,61.7,702.4,33.36,0,34.39,35.69,0.034
"2022-01-20 17:00:00",14116,13.94,100.9539,1.792,68.45,15.94,28.38,67.03,434.6,20.05,0,31.71,33.79,0.034
"2022-01-20 18:00:00",14117,13.01,100.9782,1.51,80.4,11.94,26.91,73.73,170.7,8.34,0,26.83,28.61,0.034
"2022-01-20 19:00:00",14118,12.95,100.9758,0.384,87,7.446,24.61,83,19.61,1.396,0,25.39,26.13,0.034
"2022-01-20 20:00:00",14119,12.94,101.0354,0,0,0,23.15,86.9,0,0,0,23.88,24.49,0.033
"2022-01-20 21:00:00",14120,12.9,101.0923,0,0,0,22.58,87.3,0,0,0,22.97,23.45,0.033
"2022-01-20 22:00:00",14121,12.92,101.1248,0,0,0,22.21,89.1,0,0,0,22.24,22.66,0.033
"2022-01-20 23:00:00",14122,12.9,101.1248,0,0,0,21.95,89.8,0,0,0,22.16,22.25,0.033
"2022-01-21 00:00:00",14123,12.89,101.1085,0,0,0,21.64,90.8,0,0,0,21.73,22.16,0.033
"2022-01-21 01:00:00",14124,12.87,101.0878,0,0,0,20.67,95.1,0,0,0,21.01,21.33,0.033
"2022-01-21 02:00:00",14125,12.85,101.0838,0,0,0,19.53,98.4,0,0,0,20.44,20.66,0.033
"2022-01-21 03:00:00",14126,12.83,101.0335,0.012,113.4,0.229,19.67,95.5,0,0,0,20.17,20.36,0.033
"2022-01-21 04:00:00",14127,12.79,101.0321,0.004,114.8,0.009,20.01,98.5,0,0,0,20.43,20.6,0.033
"2022-01-21 05:00:00",14128,12.79,101.0474,0,0,0,19.52,98.2,0,0,0,20.45,20.71,0.033
"2022-01-21 06:00:00",14129,12.77,101.0722,0.005,115,0.025,20.47,95.7,18.89,1.388,0,20.4,20.63,0.033
"2022-01-21 07:00:00",14130,12.8,101.1404,0.067,115.2,0.058,21.45,92.8,111.1,6.872,0,21.06,21.76,0.033
"2022-01-21 08:00:00",14131,13.38,101.1407,0.237,133.8,3.81,24.37,77.88,391,18.08,0,22.36,24.9,0.033
"2022-01-21 09:00:00",14132,13.6,101.1892,0.527,159.4,7.206,26.03,74.44,341.5,20.22,0,26.33,27.03,0.033
"2022-01-21 10:00:00",14133,14.01,101.2379,1.563,105.2,37.1,27.92,63.44,695.5,33.67,0,27.91,30.44,0.033
"2022-01-21 11:00:00",14134,13.97,101.2703,1.721,99.5,37.99,28.84,55.47,969,48.16,0,30.85,33.62,0.033
"2022-01-21 12:00:00",14135,13.93,101.2621,1.76,92.5,31.7,29.59,52.94,1078,53.58,0,34.73,35.87,0.033
"2022-01-21 13:00:00",14136,13.91,101.2703,1.821,106.6,37.13,29.35,53.24,992,50.75,0,34.45,35.95,0.033
"2022-01-21 14:00:00",14137,13.95,101.2703,1.91,123.9,38.73,29.55,51.95,1024,50.33,0,36.21,36.69,0.034
"2022-01-21 15:00:00",14138,14.11,101.2784,1.939,104.6,37.42,29.3,51.77,909,43.78,0,35.94,36.7,0.034
"2022-01-21 16:00:00",14139,14.1,101.2541,1.882,97.5,33.41,28.89,54.85,715.6,33.33,0,34.97,35.82,0.034
"2022-01-21 17:00:00",14140,13.9,101.2784,1.633,108.7,35.99,28.41,62.12,487.3,21.03,0,32.39,33.44,0.033
"2022-01-21 18:00:00",14141,13.11,101.3028,1.161,131.8,25.97,26.7,67.67,168,8.45,0,26.5,28.48,0.033
"2022-01-21 19:00:00",14142,12.95,101.3646,0.531,149.1,10.59,24.86,74.82,20.79,1.472,0,24.72,25.77,0.033
"2022-01-21 20:00:00",14143,12.91,101.4075,0.077,162,3.092,23.18,80.6,0,0,0,23.85,24.32,0.033
"2022-01-21 21:00:00",14144,12.92,101.4328,0.196,156,5.412,23.32,75.45,0,0,0,23.65,23.92,0.033
"2022-01-21 22:00:00",14145,12.92,101.4568,0.48,160.1,7.91,23.97,76.55,0,0,0,23.47,23.75,0.033
"2022-01-21 23:00:00",14146,12.91,101.4737,0.418,155,9.37,23.61,88.6,0,0,0,23.35,23.72,0.033
"2022-01-22 00:00:00",14147,12.89,101.4413,0.02,150.4,2.613,21.69,96.2,0,0,0.254,22.95,23.17,0.033
"2022-01-22 01:00:00",14148,12.87,101.4251,0.028,173.2,1.209,21.49,97.6,0,0,0,22.37,22.71,0.033
"2022-01-22 02:00:00",14149,12.86,101.4251,0.407,180.3,2.999,21.14,96.8,0,0,0,21.57,21.99,0.033
"2022-01-22 03:00:00",14150,12.85,101.4333,0.578,190.2,5.547,20.66,98.7,0,0,0,21.32,21.52,0.032
"2022-01-22 04:00:00",14151,12.83,101.4738,0.292,200,5.882,20.75,99.5,0,0,2.286,21.25,21.56,0.032
"2022-01-22 05:00:00",14152,12.79,101.4738,0.037,204.6,3.548,20.9,99,0.013,0,1.524,21.8,21.84,0.032
"2022-01-22 06:00:00",14153,12.77,101.5387,0.16,214.7,4.288,20.88,99.7,14.82,0.835,0,21.73,21.84,0.032
"2022-01-22 07:00:00",14154,12.79,101.57,0.116,188.5,7.286,22.01,88.3,136.4,7.002,0,21.99,22.84,0.032
"2022-01-22 08:00:00",14155,13.24,101.6032,0.575,121.5,21.43,24.67,74.97,340,16.91,0.254,23.54,24.55,0.032
"2022-01-22 09:00:00",14156,13.43,101.6274,1.297,136,28.63,27.12,63.61,650.9,31.19,0,25.58,26.63,0.032
"2022-01-22 10:00:00",14157,13.7,101.6599,1.586,129.1,35.85,27.74,62.97,672.8,34.43,0,27.58,29.15,0.033
"2022-01-22 11:00:00",14158,13.93,101.6761,2.003,119,35.43,27.71,65.4,717.2,37.77,0,29,30.21,0.033
"2022-01-22 12:00:00",14159,14.05,101.6842,2.148,115.9,36.04,28.37,57.34,925,48,0,30.53,32.02,0.033
"2022-01-22 13:00:00",14160,14.03,101.6518,1.979,114.6,36.28,28.86,59.12,972,49.84,0,31.96,33.52,0.033
"2022-01-22 14:00:00",14161,14.01,101.6355,1.914,119.5,36.14,28.85,62.6,837,42.59,0,32.24,33.76,0.033
"2022-01-22 15:00:00",14162,14.1,101.6112,1.643,115.6,33.45,28.01,64.95,602.2,32.01,0,30.85,32.21,0.033
"2022-01-22 16:00:00",14163,14.03,101.6518,1.611,123.5,29.3,27.26,82.2,454.3,22.79,0.508,28.8,30.29,0.033
"2022-01-22 17:00:00",14164,13.95,101.6288,0.46,122.6,20.47,23.71,75.87,245.6,12.67,1.524,25.88,26.97,0.033
"2022-01-22 18:00:00",14165,13.32,101.6536,0.833,151.8,17.3,24.92,76.34,152.1,8.04,0,23.68,24.94,0.033
"2022-01-22 19:00:00",14166,12.94,101.6917,0.666,162.9,8.44,23.96,78.21,24.53,1.467,0,22.87,23.27,0.033
"2022-01-22 20:00:00",14167,12.91,101.7335,0.778,158.2,10.69,23.68,81.7,0,0,0,22.8,22.94,0.033
"2022-01-22 21:00:00",14168,12.92,101.7579,0.834,164.3,9.69,23.4,76.65,0,0,0,22.21,22.37,0.033
"2022-01-22 22:00:00",14169,12.9,101.7822,0.903,152.8,11.36,23.81,74.82,0,0,0,22.24,22.46,0.033
"2022-01-22 23:00:00",14170,12.91,101.7812,0.628,162.4,9.24,23.52,75.37,0,0,0,21.91,22.25,0.033
"2022-01-23 00:00:00",14171,12.89,101.7173,0.565,160.5,8.76,22.88,75.1,0,0,0,21.56,21.7,0.033
"2022-01-23 01:00:00",14172,12.87,101.6848,0.715,160.6,9.36,23.1,77.02,0,0,0,21.59,21.66,0.033
"2022-01-23 02:00:00",14173,12.79,101.6681,1.008,153.9,13.75,23.21,81.3,0,0,0,21.77,22.01,0.032
"2022-01-23 03:00:00",14174,12.84,101.6605,0.714,156.9,13.89,22.33,95.3,0,0,2.032,21.68,22.06,0.032
"2022-01-23 04:00:00",14175,12.83,101.6442,0.194,176,7.382,21.01,90.9,0.101,0,1.016,21.2,21.33,0.032
"2022-01-23 05:00:00",14176,12.8,101.6605,0.103,164.5,4.76,21.63,86.3,0.196,0,0,20.79,21.12,0.033
"2022-01-23 06:00:00",14177,12.78,101.7011,0.088,165.9,4.186,21.97,83.2,19.83,1.227,0,20.79,20.96,0.033
"2022-01-23 07:00:00",14178,12.79,101.7497,0.031,177.6,1.61,22.3,87.2,114.9,7.211,0,21.11,21.79,0.033
"2022-01-23 08:00:00",14179,13.2,101.7502,0.67,133.5,24.93,24.61,72.12,263.3,13.6,0,22.85,23.94,0.033
"2022-01-23 09:00:00",14180,13.55,101.7572,1.478,135.4,30.9,26.46,63.58,552.1,27.56,0,24.75,25.97,0.034
"2022-01-23 10:00:00",14181,13.87,101.7248,1.724,113.1,32.59,28.17,61.56,889,43.49,0,27.49,29.4,0.034
"2022-01-23 11:00:00",14182,13.82,101.7167,1.9,126,33.66,28.23,60.49,897,46.07,0,29.91,31.26,0.034
"2022-01-23 12:00:00",14183,13.94,101.668,1.826,114.3,33.93,28.58,60.61,893,47.36,0,31.56,32.45,0.035
"2022-01-23 13:00:00",14184,14.12,101.6274,1.977,118.3,34.37,28.28,60.74,815,43.47,0,30.47,32.05,0.035
"2022-01-23 14:00:00",14185,14.17,101.5625,1.912,111.9,38.41,28.22,65.59,677.9,36.16,0,31.59,32.56,0.035
"2022-01-23 15:00:00",14186,14.13,101.5868,1.619,113.9,31.47,28.41,66.7,719.2,36.28,0,30.85,32.69,0.036
"2022-01-23 16:00:00",14187,14.08,101.4408,1.431,103.2,25.19,26.43,64.75,346.5,18.56,0,28.14,29.45,0.036
"2022-01-23 17:00:00",14188,14.03,101.4408,1.331,130.5,31.49,26.77,67.46,306.1,16.05,0,28.24,29.11,0.036
"2022-01-23 18:00:00",14189,13.09,101.4327,1.086,136.9,23.13,26.03,72.39,152.6,6.736,0,26.22,27.3,0.036
"2022-01-23 19:00:00",14190,12.86,101.4528,0.264,157.4,6.077,24.62,77.49,14.29,1.185,0,24.65,25.3,0.036
"2022-01-23 20:00:00",14191,12.87,101.4545,0.235,159.3,6.262,24.08,77.63,0,0,0,24.18,24.38,0.036
"2022-01-23 21:00:00",14192,12.89,101.4965,0.196,166,4.425,23.96,80.1,0,0,0,24.17,24.27,0.036
"2022-01-23 22:00:00",14193,12.86,101.5005,0.143,158.1,4.801,24.19,77.8,0,0,0,23.94,24.25,0.036
"2022-01-23 23:00:00",14194,12.9,101.4708,0.032,169,1.555,23.57,83.4,0,0,0,23.47,23.75,0.035
"2022-01-24 00:00:00",14195,12.89,101.4155,0.199,164.8,4.92,23.4,81.8,0,0,0,23.37,23.47,0.035
"2022-01-24 01:00:00",14196,12.87,101.3515,0.006,172.6,0.502,23.03,89.3,0,0,0,22.31,23.26,0.035
"2022-01-24 02:00:00",14197,12.85,101.279,0.013,179.8,0.152,21.58,93.5,0,0,0,21.59,22.02,0.035
"2022-01-24 03:00:00",14198,12.83,101.2634,0.008,180.5,0.044,21.26,93.4,0,0,0,21.18,21.29,0.035
"2022-01-24 04:00:00",14199,12.72,101.2466,0.05,182.7,1.693,20.9,94.7,0,0,0,21.06,21.22,0.035
"2022-01-24 05:00:00",14200,12.77,101.2305,0.225,194.5,5.436,20.81,94.1,0,0,0,20.88,21.05,0.036
"2022-01-24 06:00:00",14201,12.74,101.2711,0.17,199.1,5.746,20.4,94.8,12.29,1.315,0,20.66,20.74,0.036
"2022-01-24 07:00:00",14202,12.69,101.2952,0.031,204.3,2.958,21.31,93.5,95.2,4.595,0,20.84,21.84,0.035
"2022-01-24 08:00:00",14203,13.39,101.2623,0.525,232.8,15.59,24.4,82.8,415.7,19.66,0,23.27,24.87,0.035
"2022-01-24 09:00:00",14204,13.45,101.2546,0.276,252.6,2.516,24.79,92.7,231.5,13.31,1.524,24.91,25.55,0.036
"2022-01-24 10:00:00",14205,13.88,101.2311,0.013,252.9,0.24,26.02,79.99,384,22.19,0,25.69,26.87,0.036
"2022-01-24 11:00:00",14206,14.12,101.1973,0.883,11.97,42.95,27.06,73.72,399,23.11,0,27,27.68,0.036
"2022-01-24 12:00:00",14207,14.15,101.1811,1.671,43.05,23.5,27.9,66.19,529.8,29.91,0,28.25,29.08,0.036
"2022-01-24 13:00:00",14208,14.15,101.0756,2.054,65.88,26.13,29.23,61.13,931,49.15,0,29.87,33.13,0.036
"2022-01-24 14:00:00",14209,14.12,101.0026,2.195,63.59,27.52,28.97,64.3,797.7,41.99,0,32.69,33.98,0.036
"2022-01-24 15:00:00",14210,14.16,100.9457,2.025,71.28,20.06,28.59,62.36,578,32.47,0,32.53,33.31,0.036
"2022-01-24 16:00:00",14211,13.98,100.9052,2.156,71.79,23.21,28.61,66.96,621,31.1,0,32.48,33.65,0.036
"2022-01-24 17:00:00",14212,13.97,100.9052,2.111,63.03,23.7,28.24,66.69,441,20.45,0,31.25,32.2,0.037
"2022-01-24 18:00:00",14213,13.08,100.9052,1.814,58.49,14.42,27.12,72.86,167.8,8.85,0,26.62,28.13,0.036
"2022-01-24 19:00:00",14214,12.93,100.9641,1.237,66.43,8.46,25.37,82.5,16.72,1.526,0,25.28,25.95,0.036
"2022-01-24 20:00:00",14215,12.91,100.9849,0.112,63.62,2.123,23.8,87.9,0,0,0,24.39,24.82,0.036
"2022-01-24 21:00:00",14216,12.9,100.9868,0,0,0,22.87,88.6,0,0,0,22.9,23.58,0.036
"2022-01-24 22:00:00",14217,12.88,100.9868,0,0,0,22.45,92.9,0,0,0,22.7,22.89,0.036
"2022-01-24 23:00:00",14218,12.87,100.9462,0,0,0,21.91,96.1,0,0,0,22.13,22.31,0.036
"2022-01-25 00:00:00",14219,12.88,100.93,0,0,0,21.82,93.6,0,0,0,21.67,22.01,0.036
"2022-01-25 01:00:00",14220,12.85,100.8813,0,0,0,21.95,96.9,0,0,0,22.24,22.62,0.036
"2022-01-25 02:00:00",14221,12.85,100.8245,0.006,74.36,1.383,21.38,95.6,0.031,0,0,21.79,22.09,0.036
"2022-01-25 03:00:00",14222,12.8,100.7839,0.001,85,0,21.5,96,0,0,0,21.87,22.17,0.036
"2022-01-25 04:00:00",14223,12.8,100.7677,0,0,0,21.22,97.8,0,0,0,21.42,21.89,0.036
"2022-01-25 05:00:00",14224,12.77,100.788,0,0,0,19.91,99.7,0,0,0,20.54,20.95,0.036
"2022-01-25 06:00:00",14225,12.73,100.8656,0,0,0,20.48,98.5,9.05,1.147,0,20.43,20.94,0.036
"2022-01-25 07:00:00",14226,12.77,100.9052,0.004,89.1,0.032,22.52,89.8,107.7,6.479,0,21.53,22.63,0.036
"2022-01-25 08:00:00",14227,13.13,100.8808,0.444,176.8,21.23,26.1,77.91,392.6,19.15,0,23.6,25.78,0.036
"2022-01-25 09:00:00",14228,13.57,100.9133,0.385,113.2,1.253,26.88,90.3,288.1,17.01,0,27.41,28.1,0.036
"2022-01-25 10:00:00",14229,14.1,100.8889,1.319,83.7,20.55,26.86,77.05,662.9,35.2,0,27.92,30,0.036
"2022-01-25 11:00:00",14230,14.12,100.848,0.664,34.44,36.98,29.84,65.81,765.2,40.15,0,32.6,33.87,0.036
"2022-01-25 12:00:00",14231,14.09,100.8078,1.345,73.2,23.85,29.64,68.48,485.4,27.84,0,32.19,33.5,0.036
"2022-01-25 13:00:00",14232,14.11,100.824,2.013,69.42,23.3,29.46,75.86,591.7,33.24,0,32.55,33.12,0.036
"2022-01-25 14:00:00",14233,14.2,100.8402,2.229,74.78,21.62,27.29,84.5,463,26.96,0,31.1,32.24,0.036
"2022-01-25 15:00:00",14234,14.23,100.7753,1.866,73.03,17.38,26.51,79.48,469.4,25.94,0,30.07,30.79,0.036
"2022-01-25 16:00:00",14235,14.1,100.7429,2.077,65.91,23.61,28.43,81.3,630.3,30.71,0,31.86,33.7,0.036
"2022-01-25 17:00:00",14236,14.1,100.7266,2.087,63.75,20.32,28.05,79.89,377.1,18.57,0,30.59,32.15,0.036
"2022-01-25 18:00:00",14237,13.33,100.7591,1.893,71.7,14.24,27.15,83.2,162.7,7.757,0,28.15,29.34,0.036
"2022-01-25 19:00:00",14238,12.96,100.8412,0.593,66.99,5.96,26.2,88,18.77,0.99,0,26.93,27.49,0.036
"2022-01-25 20:00:00",14239,12.95,100.8986,0,0,0,25.77,88.8,0.142,0,0,26.59,26.74,0.036
"2022-01-25 21:00:00",14240,12.94,100.9247,0,0,0,25.38,93.9,0,0,0,25.96,26.43,0.036
"2022-01-25 22:00:00",14241,12.93,100.9653,0,0,0,24.57,93.2,0,0,0,25.1,25.36,0.036
"2022-01-25 23:00:00",14242,12.92,100.9291,0,0,0,24.21,95.5,0,0,0,23.95,24.63,0.036
"2022-01-26 00:00:00",14243,12.9,100.9298,0,0,0,23.33,96.4,0,0,0,23.36,23.57,0.036
"2022-01-26 01:00:00",14244,12.89,100.9204,0,0,0,23.26,96.8,0,0,0,23.37,23.66,0.036
"2022-01-26 02:00:00",14245,12.87,100.8569,0,0,0,22.92,97.8,0,0,0,22.94,23.6,0.036
"2022-01-26 03:00:00",14246,12.85,100.8486,0,0,0,22.56,98.6,0,0,0,22.74,22.83,0.036
"2022-01-26 04:00:00",14247,12.84,100.8569,0,0,0,22.41,98.7,0,0,0,22.65,22.79,0.036
"2022-01-26 05:00:00",14248,12.82,100.8732,0,0,0,22.39,99.3,0.035,0,0,22.65,22.86,0.036
"2022-01-26 06:00:00",14249,12.8,100.9137,0,0,0,22.41,98.2,28.98,1.294,0,22.65,22.89,0.036
"2022-01-26 07:00:00",14250,12.85,100.9895,0,0,0,24.09,90.3,134.5,7.498,0,23.42,24.29,0.036
"2022-01-26 08:00:00",14251,13.38,101.0026,0.277,91.7,15.21,26.83,73.2,315,16.42,0,25.41,26.67,0.036
"2022-01-26 09:00:00",14252,13.67,100.9863,1.056,101.8,27.99,28.51,74.8,465.4,24.79,0,28.54,29.41,0.036
"2022-01-26 10:00:00",14253,13.9,100.9376,1.168,115.9,34.75,28.92,71.85,528.8,28.46,0,30.06,31.18,0.036
"2022-01-26 11:00:00",14254,14.07,100.8889,1.48,98.5,29.5,29.9,70,764.9,40.51,0,33.07,34.11,0.036
"2022-01-26 12:00:00",14255,14.09,100.8563,1.593,98.4,33.79,30.77,67.42,968,50.1,0,34.17,36.27,0.036
"2022-01-26 13:00:00",14256,14.11,100.7997,1.425,95.7,34.06,31.04,67.55,829,44.7,0,34.75,36.17,0.036
"2022-01-26 14:00:00",14257,14.1,100.7347,1.89,89.8,33.12,30.94,70.75,956,48.7,0,36.52,37.63,0.036
"2022-01-26 15:00:00",14258,14.11,100.7266,1.598,98.3,29.11,30.4,68.8,696.3,36.18,0,34.78,36.36,0.036
"2022-01-26 16:00:00",14259,14.04,100.6698,1.809,87,25.71,29.39,75.96,492.5,25.01,0,33.3,34.35,0.036
"2022-01-26 17:00:00",14260,13.78,100.6218,1.74,79.7,16.65,28.74,79.59,334.5,16.69,0,31.68,32.93,0.036
"2022-01-26 18:00:00",14261,13.09,100.6455,1.788,84.3,16.53,27.69,85.8,150.5,7.871,0,28.11,29.51,0.036
"2022-01-26 19:00:00",14262,12.95,100.7448,1.092,77.53,10.33,26.32,89.9,14.86,1.107,0,26.94,27.42,0.035
"2022-01-26 20:00:00",14263,12.94,100.8011,0.811,75.23,8.99,26.24,92.5,0,0,0,26.99,27.24,0.035
"2022-01-26 21:00:00",14264,12.94,100.8252,0.167,71.58,3.077,26.01,95.7,0,0,0,27,27.16,0.035
"2022-01-26 22:00:00",14265,12.92,100.8534,0.003,67.58,0.115,25.48,97.8,0,0,0,25.87,26.44,0.035
"2022-01-26 23:00:00",14266,12.91,100.8291,0,0,0,24.9,98.9,0,0,0,25.66,25.83,0.035
"2022-01-27 00:00:00",14267,12.9,100.789,0,0,0,24.59,99.6,0,0,0,25,25.38,0.035
"2022-01-27 01:00:00",14268,12.89,100.7503,0,0,0,24.35,100,0,0,0,25.1,25.23,0.035
"2022-01-27 02:00:00",14269,12.87,100.6975,0,0,0,24.65,100,0,0,0,25.29,25.69,0.035
"2022-01-27 03:00:00",14270,12.86,100.6589,0,0,0,24.86,100,0,0,0,25.44,25.89,0.035
"2022-01-27 04:00:00",14271,12.84,100.6693,0,0,0,24.66,100,0,0,0,25.27,25.37,0.035
"2022-01-27 05:00:00",14272,12.82,100.6829,0,0,0,24.6,100,0,0,0,25.45,25.55,0.035
"2022-01-27 06:00:00",14273,12.8,100.7457,0,0,0,24.8,100,20.4,1.055,0,25.37,25.57,0.034
"2022-01-27 07:00:00",14274,12.82,100.8011,0.016,65.19,0.096,25.66,97.2,117.6,6.164,0,25.76,26.45,0.034
"2022-01-27 08:00:00",14275,13.29,100.7997,0.42,0.432,17.48,26.82,92.8,217.4,12.45,0,27.01,27.52,0.035
"2022-01-27 09:00:00",14276,13.55,100.8078,1.05,344.2,19.51,28.2,84.4,319.2,19.09,0,28.49,29.28,0.035
"2022-01-27 10:00:00",14277,13.88,100.7916,1.187,5.713,22.47,29.3,79.77,391.9,23.62,0,29.89,31.07,0.034
"2022-01-27 11:00:00",14278,14.01,100.7591,1.517,11.34,22.65,30.16,82.6,520.8,30.33,0,30.76,32.52,0.035
"2022-01-27 12:00:00",14279,14.1,100.678,1.515,34.61,24.02,27.49,84,607.3,35.7,2.794,28.24,29.98,0.034
"2022-01-27 13:00:00",14280,13.72,100.6617,1.992,7.091,36.39,28.79,82.4,547.9,32.64,0,27.64,29.8,0.035
"2022-01-27 14:00:00",14281,14.13,100.54,1.767,18.41,25.3,29.61,76.43,812,43.3,0,27.81,32.27,0.035
"2022-01-27 15:00:00",14282,14.1,100.467,2.331,28.14,20.84,30.47,72.25,729.8,37.57,0,32.23,34.26,0.035
"2022-01-27 16:00:00",14283,14.1,100.4264,2.576,33.18,20.9,30.31,74.5,583.1,29.56,0,32.19,33.93,0.035
"2022-01-27 17:00:00",14284,13.93,100.3615,2.741,26.89,20.73,29.53,78.2,430.1,19.8,0,31.11,32.01,0.035
"2022-01-27 18:00:00",14285,13.02,100.3538,2.374,24.88,18.34,28.47,85.9,162,8.61,0,27.77,28.94,0.035
"2022-01-27 19:00:00",14286,12.91,100.4359,1.013,31.03,10.88,26.76,91.8,14.02,1.406,0,26.48,27.16,0.034
"2022-01-27 20:00:00",14287,12.94,100.5114,0.42,28.62,8.39,25.64,96.1,0,0,0,25.84,26.1,0.034
"2022-01-27 21:00:00",14288,12.93,100.5467,0.048,25.31,3.635,25.24,97.3,0,0,0,25.54,25.69,0.034
"2022-01-27 22:00:00",14289,12.89,100.5872,0.012,29.89,1.939,24.91,99,0,0,0,25.28,25.5,0.034
"2022-01-27 23:00:00",14290,12.89,100.5544,0,0,0,24.52,99.7,0,0,0,24.93,25.08,0.034
"2022-01-28 00:00:00",14291,12.89,100.4985,0.003,19.17,1.084,24.32,100,0,0,0,24.8,24.9,0.034
"2022-01-28 01:00:00",14292,12.87,100.4656,0.006,8.57,0.216,24.39,100,0,0,0,24.81,24.89,0.034
"2022-01-28 02:00:00",14293,12.84,100.4336,0,0,0,24.32,100,0,0,0,24.82,24.9,0.034
"2022-01-28 03:00:00",14294,12.83,100.3821,0.004,7.928,0.062,24.49,100,0,0,0,25.06,25.18,0.034
"2022-01-28 04:00:00",14295,12.81,100.3664,0.006,6.709,0.057,24.44,100,0,0,0,24.81,25.1,0.034
"2022-01-28 05:00:00",14296,12.78,100.365,0.008,6.598,0.156,24.27,100,0,0,0,24.69,24.85,0.034
"2022-01-28 06:00:00",14297,12.76,100.3916,0.028,7.4,0.338,24.29,100,27.18,1.171,0,24.67,24.81,0.034
"2022-01-28 07:00:00",14298,12.84,100.427,0.569,8.57,7.099,25.51,95.3,126.6,5.324,0,25.19,25.89,0.034
"2022-01-28 08:00:00",14299,13.2,100.4266,1.52,13.27,14.68,26.57,89.7,171.1,12.78,0,26.03,26.39,0.034
"2022-01-28 09:00:00",14300,13.54,100.402,1.885,7.996,22.79,28.53,79.91,453.6,23.65,0,27.25,29.08,0.034
"2022-01-28 10:00:00",14301,13.81,100.3696,1.96,346.8,32.57,30.12,74.25,520.8,28.45,0,30.47,31.61,0.034
"2022-01-28 11:00:00",14302,13.88,100.3128,2.311,351.9,29.18,32.06,59.94,890,45.63,0,30.85,34.42,0.034
"2022-01-28 12:00:00",14303,13.86,100.2478,2.178,348.2,30.31,33.73,55.84,924,48.68,0,35.87,36.63,0.034
"2022-01-28 13:00:00",14304,13.85,100.1586,2.186,6.473,29.18,34.21,65.68,925,48.02,0,36.38,38.26,0.034
"2022-01-28 14:00:00",14305,13.87,100.078,2.994,34.98,25.83,33.48,67.24,959,47.48,0,38.17,38.68,0.034
"2022-01-28 15:00:00",14306,13.94,99.98006,3.269,32.01,22.5,32.69,67.39,847,40.76,0,36.43,37.67,0.034
"2022-01-28 16:00:00",14307,13.99,99.98837,3.339,30.74,22.16,31.54,71.34,551.6,27.24,0,33.95,35.14,0.034
"2022-01-28 17:00:00",14308,13.93,100.0128,2.769,34.53,20.84,29.95,76.13,259.6,14.26,0,31.01,32.12,0.034
"2022-01-28 18:00:00",14309,13.06,100.0775,2.516,28.95,18.16,28.56,83.2,103.4,6.082,0,28.66,29.65,0.034
"2022-01-28 19:00:00",14310,12.95,100.2015,0.708,29.02,9.58,27.43,87.8,7.536,0.687,0,27.8,28.26,0.034
"2022-01-28 20:00:00",14311,12.94,100.4461,0.596,168.1,53.77,26.95,87.8,0,0,0,26.48,27.54,0.034
"2022-01-28 21:00:00",14312,12.93,100.6294,1.426,161.5,24.97,23.88,97.5,0.04,0,4.572,23.5,24.62,0.034
"2022-01-28 22:00:00",14313,12.91,100.7839,0.73,193.3,35.45,22.01,100,0.005,0,74.42,21.57,22.32,0.034
"2022-01-28 23:00:00",14314,12.89,100.7514,0.378,193.9,17.7,21.92,100,0.13,0,11.94,21.67,21.83,0.157
"2022-01-29 00:00:00",14315,12.88,100.5729,2.412,166.4,30.61,22.33,99.4,0.129,0,7.62,21.87,22.11,0.116
"2022-01-29 01:00:00",14316,12.88,100.6703,0.433,180.3,15.82,22.5,100,0.001,0,0.254,21.99,22.26,0.107
"2022-01-29 02:00:00",14317,12.87,100.6459,0.377,205,11.01,22.42,100,0,0,0.508,22.24,22.32,0.096
"2022-01-29 03:00:00",14318,12.85,100.6784,0.466,191.6,11.5,22.11,100,0,0,0.254,21.99,22.08,0.091
"2022-01-29 04:00:00",14319,12.84,100.7108,0.292,191.9,11.14,21.97,100,0,0,0.254,21.97,21.99,0.089
"2022-01-29 05:00:00",14320,12.82,100.7271,0.259,203.9,8.95,21.99,100,0,0,0,21.97,22.01,0.087
"2022-01-29 06:00:00",14321,12.8,100.7514,0.369,195,13.19,22.09,100,9.74,0.735,0,22.03,22.13,0.085
"2022-01-29 07:00:00",14322,12.8,100.807,0.417,183.3,13.47,22.64,99.4,87.5,5.126,0,22.34,22.8,0.084
"2022-01-29 08:00:00",14323,12.98,100.8552,0.427,173.2,12.64,23.3,98.3,104.7,7.04,1.016,22.97,23.45,0.083
"2022-01-29 09:00:00",14324,13.4,100.884,0.364,178.3,12.13,24.25,89.3,210.8,13.51,0,23.7,24.31,0.083
"2022-01-29 10:00:00",14325,13.6,100.9308,0.907,156.3,24.7,25.34,85.7,223.6,15.91,0.254,24.59,24.81,0.084
"2022-01-29 11:00:00",14326,13.72,100.9555,1.131,142.9,25.98,25.22,95.8,226.6,14.8,0,24.56,25.05,0.083
"2022-01-29 12:00:00",14327,14.2,100.8971,1.528,155.3,26.68,26.69,76.41,627.1,36.6,0,24.69,26.97,0.082
"2022-01-29 13:00:00",14328,14.14,100.8403,2.128,156,29.55,28.4,68.86,805,44.21,0,27.93,29.38,0.082
"2022-01-29 14:00:00",14329,14.06,100.8403,2.104,147.8,26.74,27.68,80.3,509.3,29.39,0,27.64,29.05,0.081
"2022-01-29 15:00:00",14330,14.16,100.824,1.83,151.8,26.78,27.38,79.67,458.7,26.52,0,27.87,28.71,0.079
"2022-01-29 16:00:00",14331,13.54,100.8255,0.978,141,21.96,25.63,93.6,215.8,13.44,0.254,25.54,26.8,0.079
"2022-01-29 17:00:00",14332,13.69,100.8259,0.329,144,10.62,25.35,88.8,152.1,9.13,0,25.45,25.76,0.078
"2022-01-29 18:00:00",14333,13.24,100.8671,0.653,158.3,15.86,25.54,87.1,97.6,5.294,0,25.46,25.59,0.077
"2022-01-29 19:00:00",14334,12.94,100.9002,0.704,152.7,13.43,25.06,84.9,20.27,0.962,0,24.36,24.89,0.077
"2022-01-29 20:00:00",14335,12.93,100.9286,0.36,158.8,7.1,24.52,89.4,0,0,0,24.05,24.16,0.076
"2022-01-29 21:00:00",14336,12.93,101.0102,0,0,0,24.02,93.4,0,0,0,23.95,24.19,0.075
"2022-01-29 22:00:00",14337,12.92,101.0589,0,0,0,23.25,95.6,0,0,0,23.57,23.69,0.075
"2022-01-29 23:00:00",14338,12.91,101.0597,0,0,0,23.27,98.4,0,0,0,23.65,23.77,0.075
"2022-01-30 00:00:00",14339,12.9,101.0506,0,0,0,23.23,98.6,0,0,0,23.61,23.68,0.075
"2022-01-30 01:00:00",14340,12.82,101.0023,0.055,185.8,8.1,23.13,100,0,0,10.67,23.27,23.62,0.074
"2022-01-30 02:00:00",14341,12.87,100.9049,0.067,168.6,3.069,22.71,100,0,0,0.762,22.97,23.16,0.115
"2022-01-30 03:00:00",14342,12.84,100.8971,0.105,163.2,4.208,22.39,100,0,0,1.016,22.67,22.84,0.11
"2022-01-30 04:00:00",14343,12.82,100.8812,0.076,193,1.559,22.44,100,0,0,0,22.8,22.92,0.107
"2022-01-30 05:00:00",14344,12.8,100.9137,0.226,216.3,5.897,22.23,100,0,0,0,22.56,22.66,0.102
"2022-01-30 06:00:00",14345,12.77,100.9537,0.11,209.2,4.916,22.02,100,9.88,0.622,0,22.41,22.5,0.099
"2022-01-30 07:00:00",14346,12.77,100.9613,0.219,193.1,5.963,22.41,100,80.7,5.166,0,22.58,22.9,0.096
"2022-01-30 08:00:00",14347,13.05,100.9885,0.339,188.4,10.05,23.8,95.1,231.3,13.58,0,23.49,24.23,0.093
"2022-01-30 09:00:00",14348,13.45,101.0269,0.53,179.6,26.71,26.23,80.4,517.3,25.48,0,25.01,26.41,0.092
"2022-01-30 10:00:00",14349,13.88,101.0026,1.124,124.5,32.11,28.01,69.77,801,40.27,0,27.55,28.79,0.09
"2022-01-30 11:00:00",14350,13.96,100.962,1.052,133.7,32.41,29.12,66.47,920,48.05,0,31.13,31.76,0.088
"2022-01-30 12:00:00",14351,13.97,100.9052,1.213,120.7,35.6,29.27,67.69,1023,53.65,0,31.48,32.5,0.086
"2022-01-30 13:00:00",14352,14.07,100.8889,1.179,108.8,30.85,29.28,68.34,893,48.27,0,32.74,33.27,0.084
"2022-01-30 14:00:00",14353,14.16,100.8322,0.797,129.9,26.83,28.93,69.64,739.3,40.76,0,31.66,32.43,0.083
"2022-01-30 15:00:00",14354,14.17,100.7753,1.038,109.2,33.54,28.98,71.47,730.3,38.68,0,32.1,33.17,0.081
"2022-01-30 16:00:00",14355,14.17,100.7591,0.57,130.6,22.35,27.98,74.31,408,23.36,0,30.29,31.06,0.08
"2022-01-30 17:00:00",14356,13.95,100.7429,0.424,117.5,17.82,28.07,77.68,371.5,18.22,0,30.16,30.79,0.079
"2022-01-30 18:00:00",14357,13.13,100.7433,0.074,132.6,4.229,26.64,83.8,102.5,5.97,0,27.69,28.66,0.078
"2022-01-30 19:00:00",14358,12.95,100.7933,0,0,0,25.48,90.2,13.06,0.904,0,26.1,26.93,0.077
"2022-01-30 20:00:00",14359,12.85,100.8614,0,0,0,24.72,93.5,0,0,0,25.85,25.94,0.077
"2022-01-30 21:00:00",14360,12.93,100.8868,0.072,121.8,1.7,24.08,98.9,0,0,1.016,25.37,25.74,0.076
"2022-01-30 22:00:00",14361,12.92,100.913,0,0,0,23.72,99.7,0,0,0,25.03,25.21,0.076
"2022-01-30 23:00:00",14362,12.9,100.9128,0,0,0,23.66,100,0,0,0,25.03,25.19,0.075
"2022-01-31 00:00:00",14363,12.9,100.8804,0,0,0,23.61,100,0,0,0,25.03,25.13,0.075
"2022-01-31 01:00:00",14364,12.9,100.8531,0,0,0,23.59,100,0,0,0,25.02,25.1,0.075
"2022-01-31 02:00:00",14365,12.89,100.823,0,0,0,23.49,100,0,0,0,24.62,24.87,0.075
"2022-01-31 03:00:00",14366,12.87,100.7917,0,0,0,23.52,100,0,0,0,24.76,24.91,0.074
"2022-01-31 04:00:00",14367,12.86,100.7734,0,0,0,23.39,100,0,0,0,24.12,24.66,0.075
"2022-01-31 05:00:00",14368,12.84,100.7752,0,0,0,23.06,100,0,0,0,23.95,24.2,0.074
"2022-01-31 06:00:00",14369,12.81,100.822,0,0,0,23.29,100,7.084,0.718,0,24.31,24.41,0.074
"2022-01-31 07:00:00",14370,12.81,100.8613,0,0,0,23.84,100,79.61,5.77,0,24.4,24.96,0.074
"2022-01-31 08:00:00",14371,13.06,100.8808,0.11,328.8,22.01,26.11,85.6,434.4,19.88,0,25.66,26.57,0.074
"2022-01-31 09:00:00",14372,13.49,100.8889,0.587,353.6,30.65,28.24,73.82,615,30.45,0,26.63,27.37,0.074
"2022-01-31 10:00:00",14373,13.81,100.8727,0.733,333.7,15.05,28.23,76.44,344,21.93,0,28.23,28.52,0.073
"2022-01-31 11:00:00",14374,13.99,100.8668,0.457,332.4,1.172,26.32,96.6,204,12.8,7.874,26.68,27.91,0.073
"2022-01-31 12:00:00",14375,14.03,100.8099,0.829,41.67,34.04,25.39,84,332.6,19.92,4.318,26.28,27.26,0.098
"2022-01-31 13:00:00",14376,14.12,100.7602,0.801,14.02,32.69,26.41,89.9,302.6,18.59,0.254,26.06,26.76,0.112
"2022-01-31 14:00:00",14377,14.16,100.7106,0.224,50.35,13.48,27.78,73.84,360.9,20.81,0,26.55,28,0.105
"2022-01-31 15:00:00",14378,14.2,100.6536,1.368,43.71,19.79,29.09,73.37,499.6,27.64,0,28.04,29.06,0.101
"2022-01-31 16:00:00",14379,14.19,100.6211,1.545,41.19,20.72,28.74,75.12,407.5,23.45,0,29.26,29.8,0.097
"2022-01-31 17:00:00",14380,14.05,100.5968,1.787,38.37,21.17,28.77,74.8,439.5,20.09,0,30.03,30.7,0.094
"2022-01-31 18:00:00",14381,12.98,100.6051,1.239,29.88,15.55,27.64,78.57,132.9,8.12,0,26.45,27.54,0.091
"2022-01-31 19:00:00",14382,12.96,100.6561,0.408,30.17,6.241,25.89,89.1,10.34,1.299,0,25.25,25.82,0.09
"2022-01-31 20:00:00",14383,12.95,100.7185,0,0,0,24.32,95.9,0,0,0,24.28,24.89,0.088
"2022-01-31 21:00:00",14384,12.93,100.751,0,0,0,23.19,98.6,0,0,0,23.45,23.81,0.086
"2022-01-31 22:00:00",14385,12.92,100.7839,0,0,0,23.19,96.2,0,0,0,23.17,23.26,0.085
"2022-01-31 23:00:00",14386,12.91,100.7433,0,0,0,23.33,95.9,0,0,0,23.05,23.14,0.084
"2022-02-01 00:00:00",14387,12.9,100.7433,0,0,0,23.05,95.3,0,0,0,22.71,22.83,0.083
"2022-02-01 01:00:00",14388,12.85,100.7027,0,0,0,22.47,99.7,0,0,0,22.62,22.75,0.083
"2022-02-01 02:00:00",14389,12.85,100.6784,0,0,0,22.63,98.5,0,0,0,22.6,23.28,0.082
"2022-02-01 03:00:00",14390,12.84,100.6532,0,0,0,22.88,99.3,0,0,0,23.42,23.54,0.081
"2022-02-01 04:00:00",14391,12.82,100.6539,0,0,0,22.82,99.5,0,0,0,23.4,23.54,0.081
"2022-02-01 05:00:00",14392,12.76,100.6459,0,0,0,22.4,100,0,0,0,22.69,23.18,0.08
"2022-02-01 06:00:00",14393,12.77,100.6865,0,0,0,21.64,100,11.07,0.916,0,22.31,22.45,0.08
"2022-02-01 07:00:00",14394,12.77,100.7181,0,0,0,22.75,97,90.6,6.387,0,22.49,23.51,0.079
"2022-02-01 08:00:00",14395,12.9,100.7351,0,0,0,25.31,90.8,288.4,15.39,0,24.46,25.82,0.079
"2022-02-01 09:00:00",14396,13.63,100.7266,0.036,320.3,3.28,27.06,79.46,483.7,24.57,0,26.42,27.41,0.079
"2022-02-01 10:00:00",14397,14.11,100.7023,0.872,5.125,25.28,28.87,69.51,634.9,33.32,0,28.71,30.02,0.078
"2022-02-01 11:00:00",14398,14.05,100.6617,0.963,351.6,26.24,30.51,64.46,905,47.04,0,31.92,33.46,0.078
"2022-02-01 12:00:00",14399,14.07,100.6211,1.367,38.27,20.12,30.2,74.17,622.1,35.03,0,32.47,33.4,0.077
"2022-02-01 13:00:00",14400,13.87,100.5643,1.939,66.18,17.53,28.41,75.38,390.6,22.69,0,29.95,31.65,0.077
"2022-02-01 14:00:00",14401,14.12,100.5157,2.362,57.24,24.58,30.6,66.29,944,47.99,0,31.16,35.57,0.076
"2022-02-01 15:00:00",14402,14.12,100.467,2.545,47.7,23.6,30.7,66.71,864,42.68,0,35.53,35.99,0.075
"2022-02-01 16:00:00",14403,14.11,100.4345,2.64,45.17,22.78,30.08,67.89,674.2,32.17,0,33.6,34.67,0.075
"2022-02-01 17:00:00",14404,14.09,100.4022,2.454,44.28,21.75,29.44,71.29,441.8,19.7,0,31.1,32.82,0.074
"2022-02-01 18:00:00",14405,12.99,100.4183,2.089,46.32,18.2,28.28,76.43,148.2,8.1,0,27.41,28.67,0.074
"2022-02-01 19:00:00",14406,12.95,100.4779,0.868,35.91,11.8,26.56,84,11.58,1.217,0,26.11,26.76,0.073
"2022-02-01 20:00:00",14407,12.94,100.5232,0.425,34.07,6.985,25.36,89.4,0,0,0,25.38,25.65,0.073
"2022-02-01 21:00:00",14408,12.92,100.5708,0.733,36.22,8.27,25.21,89.5,0,0,0,25.06,25.2,0.073
"2022-02-01 22:00:00",14409,12.92,100.6041,0.388,32.1,6.477,25.23,91.6,0,0,0,24.98,25.07,0.072
"2022-02-01 23:00:00",14410,12.91,100.6352,0.045,24.64,1.399,25.02,91.7,0,0,0,24.98,25.06,0.072
"2022-02-02 00:00:00",14411,12.9,100.6123,0.111,26.65,3.338,24.9,92.2,0,0,0,24.71,24.81,0.072
"2022-02-02 01:00:00",14412,12.87,100.5889,0,0,0,23.99,97.9,0,0,0,24.04,24.29,0.072
"2022-02-02 02:00:00",14413,12.87,100.5635,0.01,14.48,0.009,23.48,97.6,0,0,0,24.08,24.26,0.071
"2022-02-02 03:00:00",14414,12.85,100.5485,0.017,14.48,0.01,23.5,96.8,0,0,0,24.22,24.33,0.071
"2022-02-02 04:00:00",14415,12.83,100.5645,0,0,0,23.65,98.4,0,0,0,24.26,24.44,0.071
"2022-02-02 05:00:00",14416,12.8,100.589,0,0,0,23.37,99.5,0,0,0,24.28,24.33,0.071
"2022-02-02 06:00:00",14417,12.78,100.6289,0,0,0,23.6,97.8,14.52,0.849,0,24.21,24.35,0.071
"2022-02-02 07:00:00",14418,12.8,100.6299,0.18,8.89,3.597,25.22,86,181.1,7.705,0,24.41,25.36,0.071
"2022-02-02 08:00:00",14419,13.13,100.6374,1.149,341,18.84,27.26,84.1,329.1,16.54,0,26.54,27.17,0.071
"2022-02-02 09:00:00",14420,13.46,100.5968,1.021,325.4,16.73,27.94,79.45,425.7,23.18,0,27.59,28.25,0.07
"2022-02-02 10:00:00",14421,13.65,100.5806,0.856,331.8,18.49,29.26,74.31,518.9,28.82,0,29.12,30.37,0.07
"2022-02-02 11:00:00",14422,13.87,100.4913,1.199,359.3,27.47,30.64,69.43,713.1,38.68,0,30.53,32.83,0.07
"2022-02-02 12:00:00",14423,13.99,100.4264,1.423,19.18,22.88,31.23,71.3,684.8,37.78,0,32.94,33.7,0.07
"2022-02-02 13:00:00",14424,14,100.3777,2.656,27.31,24.73,31.34,72.13,1014,51.82,0,34.28,35.45,0.069
"2022-02-02 14:00:00",14425,14.16,100.329,3.005,35.61,23.33,31.34,68.68,1004,50.17,0,35.94,36.56,0.069
"2022-02-02 15:00:00",14426,14.13,100.2727,3.147,28.6,24.78,31.09,66.48,843,41.25,0,34.68,35.52,0.068
"2022-02-02 16:00:00",14427,14.1,100.2235,3.267,26.99,25.9,30.57,67.42,665.3,31.13,0,32.94,34.18,0.068
"2022-02-02 17:00:00",14428,14.09,100.2317,2.893,29.98,21.76,29.92,68.36,438.9,19.37,0,31.21,32.42,0.068
"2022-02-02 18:00:00",14429,13.02,100.2479,2.595,29.51,19.5,28.45,76.68,147,7.886,0,27.85,29.05,0.067
"2022-02-02 19:00:00",14430,12.95,100.2922,2.153,33.89,15.47,26.8,87.8,12.68,1.195,0,26.68,27.2,0.067
"2022-02-02 20:00:00",14431,12.94,100.3178,1.325,29.22,12.79,25.95,87.9,0,0,0,26,26.28,0.067
"2022-02-02 21:00:00",14432,12.93,100.3679,1.026,31.22,11.13,25.69,92,0,0,0,25.82,25.89,0.066
"2022-02-02 22:00:00",14433,12.92,100.4093,0.677,28.17,9.51,25.44,92.3,0,0,0,25.48,25.68,0.066
"2022-02-02 23:00:00",14434,12.91,100.4102,0.14,24.54,4.179,24.89,96.6,0,0,0,25.32,25.46,0.066
"2022-02-03 00:00:00",14435,12.9,100.4016,0.002,13.81,0.001,24.32,98.2,0,0,0,24.98,25.22,0.066
"2022-02-03 01:00:00",14436,12.88,100.3781,0.028,12.74,0.234,23.72,99.2,0,0,0,24.45,24.66,0.066
"2022-02-03 02:00:00",14437,12.87,100.3531,0.01,11.46,0.014,23.44,99.5,0,0,0,24.31,24.37,0.066
"2022-02-03 03:00:00",14438,12.83,100.3615,0.002,11.52,0,23.27,99.9,0,0,0,24.1,24.24,0.066
"2022-02-03 04:00:00",14439,12.81,100.3943,0.002,11.57,0.003,23.22,100,0,0,0,24.03,24.16,0.065
"2022-02-03 05:00:00",14440,12.82,100.4024,0.021,11.63,0.015,23.54,99.7,0,0,0,24.18,24.37,0.066
"2022-02-03 06:00:00",14441,12.79,100.4262,0.069,12.85,1.87,24.28,98.1,4.779,0.409,0,24.71,24.89,0.065
"2022-02-03 07:00:00",14442,12.76,100.4523,0.732,4.253,17.42,25.23,91.2,154,7.107,0,24.95,25.41,0.065
"2022-02-03 08:00:00",14443,13.16,100.4264,2.007,354.1,25.92,27.23,78.96,412.6,17.88,0,26.12,27.2,0.065
"2022-02-03 09:00:00",14444,13.46,100.3858,2.574,355,29.24,28.95,72.81,633.9,29.45,0,28.19,29.71,0.065
"2022-02-03 10:00:00",14445,13.58,100.329,2.394,357.3,28.91,30.53,69.63,836,39.72,0,31.07,32.52,0.065
"2022-02-03 11:00:00",14446,13.92,100.2722,2.679,9.67,26.49,31.88,63.63,1017,48.87,0,33.71,35.25,0.065
"2022-02-03 12:00:00",14447,13.92,100.1667,2.508,14.76,29.27,32.74,61.6,956,49.26,0,35.32,36.09,0.064
"2022-02-03 13:00:00",14448,14,100.102,2.571,30.03,27.06,33.08,68.49,1041,51.79,0,35.78,37.34,0.064
"2022-02-03 14:00:00",14449,14.18,100.0207,3.132,27.74,24.94,32.39,71,964,46.37,0,36.82,37.55,0.063
"2022-02-03 15:00:00",14450,14.11,99.97208,3.171,27.77,23.09,32.12,73.35,826,38.61,0,36.23,36.87,0.063
"2022-02-03 16:00:00",14451,14.11,99.93166,3.203,30.08,22.99,31.02,77.13,637.1,28.56,0,33.58,35.09,0.062
"2022-02-03 17:00:00",14452,14.04,99.93965,2.89,29.4,19.77,30.4,78.16,420.3,18.11,0,31.71,33.25,0.062
"2022-02-03 18:00:00",14453,13.05,99.94827,2.632,33.09,19.9,28.91,83.8,144.5,7.537,0,28.78,29.84,0.062
"2022-02-03 19:00:00",14454,12.91,99.9991,1.891,32.33,15.25,27.46,89.6,13.22,1.116,0,27.51,28.15,0.061
"2022-02-03 20:00:00",14455,12.94,100.098,1.222,34.39,13.25,26.77,93.1,0,0,0,27.14,27.28,0.061
"2022-02-03 21:00:00",14456,12.91,100.2455,0.817,34.62,13.36,26.57,94.6,0,0,0,26.96,27.06,0.061
"2022-02-03 22:00:00",14457,12.92,100.3755,0.056,25.45,3.078,26.38,95.5,0,0,0,27,27.18,0.061
"2022-02-03 23:00:00",14458,12.89,100.4802,0,0,0,25.85,97.1,0,0,0,26.37,26.68,0.061
"2022-02-04 00:00:00",14459,12.9,100.5118,0,0,0,26,97,0,0,0,26.83,26.98,0.061
"2022-02-04 01:00:00",14460,12.89,100.5121,0.056,281.4,4.152,26.1,96.2,0,0,0,26.65,26.71,0.06
"2022-02-04 02:00:00",14461,12.88,100.5355,0.018,279.8,0.007,26.06,98.6,0,0,0,26.65,26.77,0.06
"2022-02-04 03:00:00",14462,12.86,100.5282,0.002,279.8,0,25.7,99.8,0,0,0.254,26.62,26.73,0.06
"2022-02-04 04:00:00",14463,12.85,100.5443,0.014,279.8,0.003,25.38,99.3,0,0,0.762,26.19,26.45,0.06
"2022-02-04 05:00:00",14464,12.83,100.5788,0.227,215.1,12.26,24.82,100,0,0,7.366,25.3,25.55,0.06
"2022-02-04 06:00:00",14465,12.81,100.6211,0.124,200.2,3.887,24.49,100,2.067,0.162,0.254,25.19,25.29,0.063
"2022-02-04 07:00:00",14466,12.79,100.702,0.078,193.8,3.157,24.65,100,15.76,1.156,0,25.31,25.51,0.082
"2022-02-04 08:00:00",14467,12.75,100.7266,1.153,170,21.33,23.25,97.6,70.84,4.316,0.508,23.7,24.03,0.086
"2022-02-04 09:00:00",14468,13.07,100.7265,0.485,184.8,24.96,23.53,99,181.8,10.61,0.508,23.72,24.42,0.089
"2022-02-04 10:00:00",14469,13.45,100.7473,0.686,193,19.94,25.06,97.7,169.8,10.59,0,25.46,25.74,0.091
"2022-02-04 11:00:00",14470,13.42,100.7468,0.612,191.6,19.03,25.06,97,174.4,11.61,0,25.48,25.75,0.091
"2022-02-04 12:00:00",14471,13.73,100.7515,0.786,181.9,26.53,26.01,90.5,371.3,22.12,0.254,25.88,26.8,0.091
"2022-02-04 13:00:00",14472,14.05,100.751,0.983,183,20.59,27.21,92.6,459.5,27.26,0,27.95,28.42,0.09
"2022-02-04 14:00:00",14473,13.5,100.7105,1.097,186.5,24.09,26.93,96.4,356.8,21.01,0,27.03,28.19,0.089
"2022-02-04 15:00:00",14474,13.46,100.6403,0.713,182.3,14.15,25.67,93.1,187.4,11.86,0,26.24,26.67,0.088
"2022-02-04 16:00:00",14475,13.65,100.6397,0.917,182,17.67,25.79,92.6,151.2,9.3,0,26.03,26.44,0.088
"2022-02-04 17:00:00",14476,13.82,100.5825,1.028,181.3,21.71,25.59,91.9,155.5,9.81,0,25.79,26.14,0.087
"2022-02-04 18:00:00",14477,13.01,100.6387,0.585,176.9,19.26,25.44,95.1,65.15,4.041,0,25.75,26.04,0.087
"2022-02-04 19:00:00",14478,12.96,100.7137,1.107,189.8,22.28,24.87,95.7,8.88,0.802,0.254,24.93,25.21,0.086
"2022-02-04 20:00:00",14479,12.92,100.7745,0.747,187.9,14.95,23.92,99.6,0,0,1.27,24.17,24.42,0.085
"2022-02-04 21:00:00",14480,12.94,100.8237,0.583,179.9,20.87,23.63,100,0,0,0,24.07,24.16,0.089
"2022-02-04 22:00:00",14481,12.87,100.881,0.484,206.7,13.62,23.49,100,0,0,1.778,23.93,24.04,0.09
"2022-02-04 23:00:00",14482,12.87,100.9211,0.373,207.8,7.473,23.13,100,0,0,0,23.27,23.72,0.092
"2022-02-05 00:00:00",14483,12.88,100.93,0.538,212.2,9.71,22.51,100,0,0,0,22.91,23.07,0.096
"2022-02-05 01:00:00",14484,12.87,100.93,0.335,212.5,11.02,22.37,100,0,0,0.508,22.7,22.97,0.095
"2022-02-05 02:00:00",14485,12.86,100.9137,0.455,219.7,9.61,22.18,100,0,0,0,22.44,22.68,0.095
"2022-02-05 03:00:00",14486,12.84,100.9381,0.697,217.8,11.21,21.89,100,0,0,0,22.18,22.31,0.094
"2022-02-05 04:00:00",14487,12.82,100.9381,0.562,214.4,10.28,21.61,100,0,0,0,21.92,22.16,0.093
"2022-02-05 05:00:00",14488,12.79,100.9462,0.579,212.6,11.39,21.3,100,0,0,0,21.77,21.85,0.092
"2022-02-05 06:00:00",14489,12.76,100.9787,0.454,196.4,11.81,21.3,100,13.4,0.801,0.254,21.73,21.81,0.092
"2022-02-05 07:00:00",14490,12.76,101.0193,0.631,199.8,13.44,21.87,99.9,100,6.007,0,21.9,22.38,0.091
"2022-02-05 08:00:00",14491,12.87,101.0331,0.842,195.7,16.15,22.89,96.2,251.2,13.45,0,22.63,23.43,0.09
"2022-02-05 09:00:00",14492,13.5,101.0785,1.025,184.6,20.31,23.84,98.7,311.1,17.24,1.27,23.71,24.46,0.09
"2022-02-05 10:00:00",14493,13.62,101.0642,0.862,207.3,19.52,23.61,94,461.8,25.66,0.762,23.65,24.54,0.09
"2022-02-05 11:00:00",14494,13.93,101.0602,0.46,206.4,20.12,25.44,89.6,661.8,36.03,0.508,25.29,26.57,0.096
"2022-02-05 12:00:00",14495,13.89,101.0269,0.807,182.7,25.88,26.95,86.6,791,42.98,0,27.16,28.13,0.096
"2022-02-05 13:00:00",14496,13.9,101.0188,0.568,168.3,22.91,26.69,88.5,670.6,35.94,1.524,26.63,28.39,0.096
"2022-02-05 14:00:00",14497,14.06,100.9944,1.265,148.4,27.14,27.98,84.2,854,43.96,0,28.48,30.02,0.098
"2022-02-05 15:00:00",14498,13.97,100.9701,1.65,142.4,27.43,28.19,76.54,696.8,34.93,0,29.49,30.36,0.096
"2022-02-05 16:00:00",14499,13.98,100.9376,1.839,139,32.69,28.32,79.26,600.1,29.65,0,28.82,30.77,0.094
"2022-02-05 17:00:00",14500,13.44,100.9539,1.729,145.1,27.84,27.25,92.5,353.8,16.26,0.508,26.6,28.87,0.092
"2022-02-05 18:00:00",14501,13.07,100.9985,1.009,152.6,12.94,24.49,92.6,73.07,4.831,0,24.87,25.31,0.091
"2022-02-05 19:00:00",14502,12.95,101.019,0.772,165.9,10.29,23.68,94.7,9.91,0.917,0,24.04,24.21,0.09
"2022-02-05 20:00:00",14503,12.94,101.1004,1.221,155.1,14.62,23.58,97.6,0.008,0,1.778,23.4,23.76,0.09
"2022-02-05 21:00:00",14504,12.92,101.1491,1.33,149.5,17.25,22.7,98.6,0,0,2.286,23,23.21,0.091
"2022-02-05 22:00:00",14505,12.93,101.1654,0.705,159,10,22.6,96.9,0,0,0,22.92,23.11,0.1
"2022-02-05 23:00:00",14506,12.92,101.141,1.101,154.6,17.4,22.83,97.7,0.085,0,1.016,22.69,23.01,0.1
"2022-02-06 00:00:00",14507,12.9,101.1329,0.508,171.5,11.11,22.62,99.3,0,0,0.762,22.73,23.01,0.101
"2022-02-06 01:00:00",14508,12.89,101.1004,0.355,172.5,9.32,22.9,97.6,0,0,0,22.91,23.14,0.101
"2022-02-06 02:00:00",14509,12.87,101.068,0.41,168.7,12.16,22.7,99.7,0,0,3.048,22.9,23.07,0.1
"2022-02-06 03:00:00",14510,12.86,101.0436,0.621,187.4,15.72,22.46,100,0,0,2.286,22.7,22.89,0.106
"2022-02-06 04:00:00",14511,12.84,101.0517,0.382,200.3,9.5,22.08,100,0,0,19.05,22.2,22.64,0.109
"2022-02-06 05:00:00",14512,12.82,101.0436,0.674,189.5,12.66,21.82,100,0,0,7.366,21.97,22.16,0.143
"2022-02-06 06:00:00",14513,12.78,101.0517,0.746,199.6,12.9,21.72,100,5.5,0.417,1.016,21.99,22.09,0.115
"2022-02-06 07:00:00",14514,12.78,101.0923,0.939,186.2,14.79,21.97,100,59.56,4.415,1.016,22.21,22.35,0.104
"2022-02-06 08:00:00",14515,12.87,101.1166,1.184,184.8,23.48,22.46,99.9,148,9.33,2.54,22.54,22.89,0.1
"2022-02-06 09:00:00",14516,13.34,101.1319,0.886,182.9,18.15,22.86,99.8,147.8,9.36,2.794,23.17,23.4,0.102
"2022-02-06 10:00:00",14517,13.45,101.129,1.016,161.2,18.19,24.05,94.5,407,23.85,0.508,23.44,24.79,0.104
"2022-02-06 11:00:00",14518,14.05,101.1162,1.566,161.1,31.52,26.45,84.2,864,45.4,0,25.67,27.22,0.1
"2022-02-06 12:00:00",14519,13.92,101.035,1.041,156.6,24.76,26.88,88.7,709.2,38.81,0.254,26.69,28.03,0.095
"2022-02-06 13:00:00",14520,14.01,101.0107,1.036,150.4,24.39,26.55,88.4,795.1,43.65,0,27.17,28.28,0.092
"2022-02-06 14:00:00",14521,14.09,100.9542,1.322,148.7,23.39,26.54,85.7,545.8,30.45,0.762,26.87,27.92,0.09
"2022-02-06 15:00:00",14522,14.06,100.9717,1.298,106.3,22.85,24.85,96.2,340.6,19.8,2.032,25.66,27.12,0.089
"2022-02-06 16:00:00",14523,14.02,100.9217,0.743,129,30.42,25.24,85.2,524,26.35,0.508,25.29,27.19,0.089
"2022-02-06 17:00:00",14524,13.85,100.9133,1.317,159.8,17.22,26.24,88.9,344.5,16.54,0,26.25,26.98,0.094
"2022-02-06 18:00:00",14525,13.13,100.9664,0.835,157.8,10.97,24.72,92.4,95.5,6.094,0,24.95,25.32,0.092
"2022-02-06 19:00:00",14526,12.97,100.9849,0.371,155.9,6.294,23.4,97.5,5.953,0.588,0,23.8,24.25,0.09
"2022-02-06 20:00:00",14527,12.95,101.0274,0.337,162.4,6.631,22.71,99.1,0,0,2.794,23.15,23.47,0.088
"2022-02-06 21:00:00",14528,12.94,101.0517,0.152,170.2,4.32,22.77,99.8,0,0,0,23.45,23.58,0.087
"2022-02-06 22:00:00",14529,12.93,101.0436,0.069,175,0.486,22.63,99.7,0,0,0.254,23.34,23.49,0.093
"2022-02-06 23:00:00",14530,12.92,101.0429,0.112,175.5,0.435,22.6,99.8,0,0,0,23.25,23.47,0.092
"2022-02-07 00:00:00",14531,12.91,100.9787,0.219,175.6,1.114,22.41,100,0,0,0,22.75,23.09,0.09
"2022-02-07 01:00:00",14532,12.87,100.9381,0.453,176.2,0.702,22.09,100,0,0,0,22.48,22.65,0.089
"2022-02-07 02:00:00",14533,12.87,100.8975,0.592,182.1,3.983,21.99,100,0,0,0,22.31,22.46,0.088
"2022-02-07 03:00:00",14534,12.85,100.8569,0.629,189.9,2.96,21.81,100,0,0,0,22.15,22.24,0.086
"2022-02-07 04:00:00",14535,12.8,100.8569,0.63,194.9,5.106,21.79,100,0,0,0.254,22.07,22.2,0.085
"2022-02-07 05:00:00",14536,12.82,100.8732,0.452,198.2,6.136,21.71,100,0,0,0.254,22.02,22.15,0.085
"2022-02-07 06:00:00",14537,12.79,100.8894,0.565,198.9,7.748,21.74,100,9.77,0.714,0.508,21.99,22.16,0.085
"2022-02-07 07:00:00",14538,12.78,100.9219,0.749,199.5,10.69,22.13,99.8,99.1,6.222,0,22.08,22.49,0.085
"2022-02-07 08:00:00",14539,13,100.9304,0.674,200.5,15.79,23.88,96.5,268.5,14.49,0,23.14,24.07,0.085
"2022-02-07 09:00:00",14540,13.42,100.9153,0.418,188.4,12.19,24.64,96.3,225.7,13.4,0.254,24.37,24.93,0.085
"2022-02-07 10:00:00",14541,13.56,100.9214,1.068,142.7,28.63,26.02,88.5,571.6,28.98,1.27,25.23,26.51,0.084
"2022-02-07 11:00:00",14542,13.97,100.8808,1.242,149.8,25.76,26.75,80.9,799.9,42.45,0,25.9,27.64,0.087
"2022-02-07 12:00:00",14543,14.04,100.8402,1.486,133.1,33.74,28.6,74.48,940,49.27,0,29.07,30.28,0.087
"2022-02-07 13:00:00",14544,14.08,100.8078,1.241,132.3,30.42,28.2,72.49,671.7,37.04,0,29.46,30.31,0.086
"2022-02-07 14:00:00",14545,13.89,100.7753,1.71,148.7,28.64,29.27,70.19,1006,50.19,0,31.18,32.5,0.085
"2022-02-07 15:00:00",14546,13.95,100.7185,1.643,137.4,29.29,29.02,72.23,819,41.08,0,31.58,32.44,0.083
"2022-02-07 16:00:00",14547,13.94,100.7185,1.347,149.6,28.48,28.37,72.56,535,27.39,0,30.55,31.14,0.082
"2022-02-07 17:00:00",14548,13.56,100.6861,1.213,148.4,23.88,27.87,73.36,368,18,0,28.99,29.83,0.081
"2022-02-07 18:00:00",14549,13.05,100.7189,0.977,145.5,18.98,26.82,83,147.8,7.75,0,25.95,27.14,0.08
"2022-02-07 19:00:00",14550,12.94,100.7472,0.227,160.3,5.566,24.61,92,11.85,1.059,0,24.43,25.29,0.079
"2022-02-07 20:00:00",14551,12.92,100.7595,0,0,0,22.79,96.6,0,0,0,23.76,24.09,0.079
"2022-02-07 21:00:00",14552,12.9,100.7839,0.002,170.5,0.019,22.23,97.8,0,0,0,23.34,23.57,0.078
"2022-02-07 22:00:00",14553,12.89,100.8164,0.019,170.8,0.047,21.91,97.8,0,0,0,22.73,23.02,0.078
"2022-02-07 23:00:00",14554,12.88,100.7758,0.341,173.7,1.822,21.86,98.6,0,0,0,22.35,22.54,0.077
"2022-02-08 00:00:00",14555,12.85,100.7514,0.679,177.8,2.935,21.67,98.3,0,0,0,21.85,22.15,0.077
"2022-02-08 01:00:00",14556,12.88,100.6784,0.566,182.9,2.958,21.41,99.6,0,0,0,21.78,21.83,0.076
"2022-02-08 02:00:00",14557,12.86,100.6297,0.468,184.3,1.15,21.19,99.6,0,0,0,21.59,21.7,0.076
"2022-02-08 03:00:00",14558,12.82,100.6055,0.539,185.1,1.3,21.14,98.8,0,0,0,21.51,21.64,0.076
"2022-02-08 04:00:00",14559,12.83,100.5567,0.601,185.5,1.945,20.78,99.7,0,0,0,21,21.29,0.075
"2022-02-08 05:00:00",14560,12.8,100.5261,0.744,186,3.056,20.34,99.8,0,0,0,20.66,20.8,0.075
"2022-02-08 06:00:00",14561,12.77,100.5744,0.757,190.3,4.177,20.17,99.5,9.24,0.749,0,20.54,20.6,0.075
"2022-02-08 07:00:00",14562,12.77,100.6054,0.91,194,9.78,21.69,91.8,164.3,7.429,0,20.73,21.78,0.075
"2022-02-08 08:00:00",14563,13.03,100.6051,1.19,186.7,19.18,24.48,85.5,414.6,18.52,0,23.22,24.19,0.075
"2022-02-08 09:00:00",14564,13.45,100.613,1.485,190.2,26.43,26.79,76.53,654.8,30.94,0,24.95,26.16,0.075
"2022-02-08 10:00:00",14565,13.61,100.5887,1.502,179.7,26.17,28.05,73.13,677.6,35.17,0,27.89,28.78,0.074
"2022-02-08 11:00:00",14566,13.86,100.5319,1.29,172.7,27.37,28.68,65.68,685.9,37.09,0,28.76,29.93,0.074
"2022-02-08 12:00:00",14567,13.9,100.4832,1.327,140.2,27.86,29.45,65.41,838,43.7,0,30.35,31.53,0.073
"2022-02-08 13:00:00",14568,13.9,100.4183,1.399,144.9,30.49,29.93,66.73,838,44.65,0,31.55,32.48,0.073
"2022-02-08 14:00:00",14569,13.88,100.3858,1.541,138,31.71,30.27,62.56,924,46.68,0,32.86,33.67,0.072
"2022-02-08 15:00:00",14570,14.05,100.329,1.604,133.5,29.17,29.95,66.18,853,42.25,0,32.77,33.77,0.072
"2022-02-08 16:00:00",14571,13.93,100.2966,1.535,128.7,30.21,29.27,65.49,644,31.32,0,32.05,32.56,0.071
"2022-02-08 17:00:00",14572,14.08,100.2966,1.314,131.5,29.27,28.75,70.14,432,19.55,0,29.93,31.74,0.071
"2022-02-08 18:00:00",14573,13,100.2974,0.907,154.2,24.08,26.88,82.5,134.4,7.681,0,26.18,27.19,0.07
"2022-02-08 19:00:00",14574,12.95,100.3124,0.441,144.9,5.577,24.67,90.5,8.7,1.032,0,24.47,25.27,0.07
"2022-02-08 20:00:00",14575,12.9,100.3456,0.005,152.3,0.007,22.43,95.7,0,0,0,23.42,23.85,0.07
"2022-02-08 21:00:00",14576,12.9,100.4024,0,0,0,21.84,97.7,0,0,0,22.95,23.21,0.07
"2022-02-08 22:00:00",14577,12.88,100.42,0.028,152.9,0.09,21.86,96.6,0,0,0,22.68,22.81,0.07
"2022-02-08 23:00:00",14578,12.88,100.3862,0.479,154.2,0.24,22.15,94.7,0,0,0,22.34,22.61,0.07
"2022-02-09 00:00:00",14579,12.88,100.3456,0.318,154.5,0.07,21.67,96.7,0,0,0,22.13,22.27,0.069
"2022-02-09 01:00:00",14580,12.86,100.2817,0.137,154.4,0.038,21.38,97.3,0,0,0,21.83,22.01,0.069
"2022-02-09 02:00:00",14581,12.85,100.2502,0.422,154.6,0.062,21,98,0,0,0,21.47,21.63,0.069
"2022-02-09 03:00:00",14582,12.78,100.2339,0.411,154.7,0.086,20.73,98.1,0,0,0,21.27,21.36,0.069
"2022-02-09 04:00:00",14583,12.82,100.2366,0.06,154.7,0.011,20.19,99.8,0,0,0,21.17,21.39,0.069
"2022-02-09 05:00:00",14584,12.78,100.238,0.042,154.7,0.015,20.02,100,0,0,0,21.07,21.2,0.069
"2022-02-09 06:00:00",14585,12.76,100.2729,0,0,0,19.23,100,9.68,0.701,0,20.36,20.62,0.069
"2022-02-09 07:00:00",14586,12.76,100.2877,0.051,154.2,0.05,22,86,172.9,7.019,0,20.57,22.47,0.068
"2022-02-09 08:00:00",14587,13.06,100.2966,0.432,127.6,12.95,26.06,79.85,414,18.33,0,24.81,25.28,0.068
"2022-02-09 09:00:00",14588,13.44,100.2803,1.11,34.98,58.59,27.44,73.67,654,30.43,0,25.47,26.79,0.068
"2022-02-09 10:00:00",14589,13.53,100.2479,1.343,351.2,28.31,29.04,73.55,819,40.07,0,28.89,30.48,0.068
"2022-02-09 11:00:00",14590,13.94,100.1992,1.382,3.454,22.82,30.38,63.38,989,48.92,0,32.05,33.83,0.068
"2022-02-09 12:00:00",14591,13.99,100.1424,1.36,13.42,22.8,31.9,58.77,1059,52.07,0,34.73,35.54,0.067
"2022-02-09 13:00:00",14592,14.1,100.0775,1.322,27.52,32.22,33.22,53.74,1056,51.76,0,35.85,37.13,0.067
"2022-02-09 14:00:00",14593,14.14,100.0619,2.205,61.81,24.5,32.86,68.66,993,48.95,0,38.29,39.31,0.066
"2022-02-09 15:00:00",14594,14.07,100.0534,2.522,59.35,19.42,31.34,71.07,861,41.73,0,37.52,38.63,0.066
"2022-02-09 16:00:00",14595,14.06,100.0453,2.501,53.05,21.31,30.27,72.5,671,31.44,0,34.68,36.5,0.065
