"TOA5","Science Centre AWS","CR1000","88296","CR1000.Std.31.08","CPU:Vasi_Science Centre AWS.CR1","64103","Hourly"
"TIMESTAMP","RECORD","BattV_Min","BP_kPa","WS_ms_S_WVT","WindDir_D1_WVT","WindDir_SD1_WVT","AirTC_Avg","RH","SlrW_Avg","CUV5_W_Avg","Rain_mm_Tot","T107_C_Min","T107_C_Avg","VW_Avg"
"TS","RN","Volts","kPa","meters/second","Deg","Deg","Deg C","%","W/m^2","W/m^2","mm","Deg C","Deg C",""
"","","Min","Smp","WVc","WVc","WVc","Avg","Smp","Avg","Avg","Tot","Min","Avg","Avg"
"2021-08-11 16:00:00",10227,14.16,100.9457,3.609,23.66,29.23,21.66,70.34,292.1,11.85,0,21.36,23.4,0.031
"2021-08-11 17:00:00",10228,13.33,100.8971,3.396,16.53,29.83,19.97,72.96,82.9,4.218,0,19.6,20.37,0.031
"2021-08-11 18:00:00",10229,12.97,100.868,2.854,13.03,25.21,18.97,77.87,4.305,0.43,0,18.32,18.89,0.031
"2021-08-11 19:00:00",10230,12.94,100.9289,1.922,6.669,27.93,18.39,80.3,0,0,0,17.65,18.01,0.031
"2021-08-11 20:00:00",10231,12.94,100.93,1.294,4.685,22.06,17.89,83.9,0,0,0,16.89,17.3,0.031
"2021-08-11 21:00:00",10232,12.93,100.9416,1.045,4.303,23.26,17.43,86,0,0,0,16.41,16.63,0.03
"2021-08-11 22:00:00",10233,12.92,100.8839,1.32,8.24,20.08,17.3,87.9,0,0,0,16.43,16.56,0.03
"2021-08-11 23:00:00",10234,12.9,100.8517,1.435,5.298,23.13,17.53,88.4,0,0,0,16.59,16.71,0.03
"2021-08-12 00:00:00",10235,12.9,100.7933,1.77,4,24.19,18.04,84.5,0,0,0,16.77,17.07,0.03
"2021-08-12 01:00:00",10236,12.88,100.712,1.457,354.8,26.96,17.93,82.7,0,0,0,16.5,16.73,0.03
"2021-08-12 02:00:00",10237,12.87,100.6483,1.121,351.3,25.88,17.48,84.6,0,0,0,15.65,16.17,0.03
"2021-08-12 03:00:00",10238,12.85,100.6138,0.789,350,23.38,16.85,87.4,0,0,0,14.8,15.39,0.03
"2021-08-12 04:00:00",10239,12.83,100.5571,0.948,333.4,18.77,16.3,86.3,0,0,0,14.71,14.83,0.03
"2021-08-12 05:00:00",10240,12.75,100.4921,1.226,333.3,22.76,16.03,82.2,0,0,0,14.56,14.74,0.03
"2021-08-12 06:00:00",10241,12.77,100.5408,0.768,332.4,18.43,15.11,86.2,0,0,0,13.21,13.8,0.03
"2021-08-12 07:00:00",10242,12.75,100.5733,0.525,317.8,15.23,14.08,85.8,15.72,0.736,0,12.93,13.18,0.03
"2021-08-12 08:00:00",10243,12.96,100.5935,1.113,334.9,21.78,16.23,72.26,153.1,5.22,0,13.47,15.98,0.03
"2021-08-12 09:00:00",10244,14.18,100.5806,1.468,346.6,26.56,20.12,57.18,328.2,11.56,0,18.51,20.96,0.03
"2021-08-12 10:00:00",10245,14.27,100.5725,1.981,337.6,31.21,23.74,44.86,474.1,16.7,0,23.22,25.19,0.03
"2021-08-12 11:00:00",10246,14.24,100.4785,2.235,336.2,29.47,27.22,33.25,573.8,20.07,0,26.71,28.87,0.03
"2021-08-12 12:00:00",10247,14.18,100.3826,2.609,331.9,29.25,30.25,29.96,660.5,26.14,0,31.05,32.41,0.03
"2021-08-12 13:00:00",10248,14.18,100.2775,2.356,338.8,32.13,31.75,27.25,651,26.06,0,33.26,34.2,0.031
"2021-08-12 14:00:00",10249,14.17,100.1882,2.311,329.8,27.76,33.15,25.4,570.6,22,0,34.84,35.5,0.031
"2021-08-12 15:00:00",10250,14.13,100.2113,1.737,14.4,51.98,33.43,43.74,425.7,15.17,0,31.36,34.95,0.031
"2021-08-12 16:00:00",10251,14.13,100.4892,2.664,128.3,41.37,26.45,81.4,237.8,7.976,0,23,27.01,0.031
"2021-08-12 17:00:00",10252,13.15,100.6374,2.85,145.1,32.24,21.58,83.5,74.96,3.05,0,21.27,21.98,0.031
"2021-08-12 18:00:00",10253,12.95,100.825,2.574,151.6,38,20.84,77.07,3.865,0.269,0,20.39,20.89,0.031
"2021-08-12 19:00:00",10254,12.94,100.9663,2.498,154.8,39.99,20.45,71.36,0,0,0,20.1,20.24,0.031
"2021-08-12 20:00:00",10255,12.9,101.1187,2.305,153.8,38.36,20.55,73.76,0,0,0,20.14,20.31,0.03
"2021-08-12 21:00:00",10256,12.89,101.2796,2.168,157.1,42.25,20.13,82.4,0,0,0,19.68,20.15,0.03
"2021-08-12 22:00:00",10257,12.87,101.3519,2.036,168.5,45.33,18.46,81.2,0,0,0,18.22,18.56,0.03
"2021-08-12 23:00:00",10258,12.89,101.4086,1.885,168.8,46.15,18.73,72.77,0,0,0,18.3,18.58,0.03
"2021-08-13 00:00:00",10259,12.85,101.4969,1.965,172.7,44.51,19,71.74,0,0,0,18.75,18.92,0.03
"2021-08-13 01:00:00",10260,12.84,101.5628,2.3,170.3,47.13,18.47,82.5,0,0,0,18.12,18.56,0.03
"2021-08-13 02:00:00",10261,12.85,101.6497,2.167,172.6,47.62,16.47,96.2,0,0,0,15.74,16.82,0.03
"2021-08-13 03:00:00",10262,12.81,101.7341,2.306,171.6,53.77,15.16,93.8,0,0,0.254,15.08,15.39,0.03
"2021-08-13 04:00:00",10263,12.79,101.791,2.499,183.9,47.8,14.89,88.1,0,0,0,14.76,14.87,0.03
"2021-08-13 05:00:00",10264,12.75,101.929,2.212,182.7,48.54,14.91,89.5,0,0,0,14.61,14.86,0.03
"2021-08-13 06:00:00",10265,12.75,102.0588,2.102,185.5,47.18,14.7,84.5,0,0,0,14.59,14.65,0.03
"2021-08-13 07:00:00",10266,12.74,102.1238,2.109,188.2,49.26,14.81,81.1,3.614,0.215,0,14.67,14.75,0.03
"2021-08-13 08:00:00",10267,12.73,102.2537,2.115,180,46.91,15.09,77.55,25.23,1.24,0,14.91,15.09,0.03
"2021-08-13 09:00:00",10268,12.74,102.3998,2.415,179.7,52.19,15.08,80.1,29.33,1.612,0,15.06,15.16,0.03
"2021-08-13 10:00:00",10269,12.77,102.5216,2.35,183.1,46.05,14.52,86.3,51.56,3.093,0,14.54,14.82,0.03
"2021-08-13 11:00:00",10270,12.79,102.5134,2.104,186.5,46.35,13.38,98,53.12,3.403,0.254,13.52,13.92,0.03
"2021-08-13 12:00:00",10271,12.92,102.4972,1.923,190,45.49,13.04,97.4,110.1,6.655,0.508,13.49,13.74,0.03
"2021-08-13 13:00:00",10272,13.39,102.481,2.064,190.2,46.16,13.21,97.5,101,6.145,0,13.63,13.81,0.03
"2021-08-13 14:00:00",10273,13.33,102.5216,1.877,187,43.91,13.38,98,88.5,5.459,0.508,13.82,13.95,0.03
"2021-08-13 15:00:00",10274,13.3,102.5297,1.231,195.1,41.53,13.27,98.9,85.5,4.904,0.508,13.82,13.9,0.03
"2021-08-13 16:00:00",10275,13.2,102.5865,1.624,195.9,44.71,13.39,98,65.84,3.559,0,13.77,13.95,0.03
"2021-08-13 17:00:00",10276,12.96,102.6433,1.471,190.7,43.19,13.16,98.3,28.1,1.435,0,13.56,13.63,0.03
"2021-08-13 18:00:00",10277,12.86,102.7245,0.807,201.8,29.89,13.02,98.4,1.769,0.136,0.508,13.36,13.48,0.03
"2021-08-13 19:00:00",10278,12.75,102.7813,0.508,210.3,26.89,12.9,99.2,0,0,1.016,13.31,13.37,0.03
"2021-08-13 20:00:00",10279,12.71,102.8381,0.882,206.8,30.14,12.93,98.9,0,0,0.254,13.25,13.33,0.03
"2021-08-13 21:00:00",10280,12.7,102.8544,0.94,211.8,27.54,12.82,98.2,0,0,0,13.09,13.18,0.03
"2021-08-13 22:00:00",10281,12.66,102.8787,0.873,206.6,27.98,12.71,97.3,0,0,0,12.98,13.04,0.03
"2021-08-13 23:00:00",10282,12.7,102.8868,0.784,200.2,30.64,12.63,97.5,0,0,0.254,12.89,12.96,0.03
"2021-08-14 00:00:00",10283,12.7,102.8625,1.036,207.8,29.27,12.53,97.6,0,0,0.254,12.79,12.87,0.03
"2021-08-14 01:00:00",10284,12.7,102.8544,1.209,207.4,29.47,12.45,97.2,0,0,0.254,12.66,12.75,0.03
"2021-08-14 02:00:00",10285,12.65,102.7976,0.969,203.5,30.12,12.22,97.9,0,0,0.254,12.5,12.58,0.03
"2021-08-14 03:00:00",10286,12.7,102.757,1.182,198.4,33.33,12.27,98.5,0,0,0,12.5,12.59,0.03
"2021-08-14 04:00:00",10287,12.7,102.7651,1.313,195.9,33.31,12.27,99.7,0,0,0.762,12.56,12.6,0.03
"2021-08-14 05:00:00",10288,12.67,102.757,1.237,200.2,35.53,12.19,99.7,0,0,0.508,12.43,12.55,0.031
"2021-08-14 06:00:00",10289,12.7,102.7894,0.986,200.4,31.74,12.03,99.9,0,0,0,12.32,12.38,0.031
"2021-08-14 07:00:00",10290,12.69,102.7976,1.143,190.8,36.73,12.12,100,12.57,0.676,0,12.29,12.45,0.032
"2021-08-14 08:00:00",10291,12.73,102.8544,1.13,191.5,37.79,12.79,100,76.84,3.707,0,12.72,13.21,0.033
"2021-08-14 09:00:00",10292,13.14,102.8868,1.305,194.4,37.23,13.59,98.3,178.5,8.45,0,13.52,14.14,0.034
"2021-08-14 10:00:00",10293,13.52,102.8778,1.337,186.5,40.78,14.77,94,311.4,14.17,0.254,14.59,15.47,0.035
"2021-08-14 11:00:00",10294,14,102.8216,1.48,191.2,42.38,16.85,84.1,548.7,22.94,0,16.29,17.8,0.036
"2021-08-14 12:00:00",10295,14.09,102.7312,1.4,184.7,41.35,17.91,77.89,566.4,25.09,0,18.15,19.1,0.037
"2021-08-14 13:00:00",10296,14.17,102.5931,1.53,180,47.64,19.42,73.12,699.8,31.29,0,20.08,21.27,0.038
"2021-08-14 14:00:00",10297,13.78,102.5038,1.419,141.6,44.35,19.55,78.9,412.8,20.11,0,19.43,21.03,0.039
"2021-08-14 15:00:00",10298,13.63,102.4855,1.094,70.51,29.16,17.26,92.4,111.7,6.053,0.508,17.45,18.08,0.039
"2021-08-14 16:00:00",10299,13.69,102.4808,0.301,178.4,20.53,16.07,96.7,116.7,5.972,0.254,17.03,17.17,0.04
"2021-08-14 17:00:00",10300,13.06,102.5073,0.253,185.4,21.97,15.87,98.2,38.53,2.181,0,16.28,16.78,0.04
"2021-08-14 18:00:00",10301,13,102.5456,0.385,172.8,27.6,15.12,99.1,1.356,0.158,0,15.6,15.86,0.041
"2021-08-14 19:00:00",10302,12.96,102.5297,0.019,127.4,19.04,14.69,99.3,0,0,0.254,15.43,15.6,0.042
"2021-08-14 20:00:00",10303,12.95,102.5216,0.046,1.552,13.04,14.63,99.9,0,0,0,15.4,15.52,0.043
"2021-08-14 21:00:00",10304,12.91,102.5297,0.134,260.9,18.64,14.5,100,0,0,0.254,15.12,15.33,0.044
"2021-08-14 22:00:00",10305,12.93,102.5053,0.109,249.3,16.74,14.37,100,0,0,0,14.99,15.11,0.045
"2021-08-14 23:00:00",10306,12.91,102.4485,0.387,223.1,24.91,14.2,100,0,0,0,14.67,14.84,0.045
"2021-08-15 00:00:00",10307,12.88,102.3998,0.164,204.5,15.37,14.06,100,0,0,0,14.54,14.68,0.046
"2021-08-15 01:00:00",10308,12.88,102.3267,0.41,201.8,20.81,13.89,100,0,0,0,14.36,14.46,0.047
"2021-08-15 02:00:00",10309,12.87,102.2456,0.351,206.5,19.2,13.83,100,0,0,0,14.31,14.36,0.047
"2021-08-15 03:00:00",10310,12.87,102.1887,0.137,203.6,14.41,13.83,100,0,0,0,14.35,14.42,0.048
"2021-08-15 04:00:00",10311,12.88,102.1806,0.023,207.5,8.35,13.83,100,0,0,0,14.37,14.45,0.048
"2021-08-15 05:00:00",10312,12.83,102.1481,0.004,270,3.358,13.84,100,0,0,0,14.46,14.53,0.049
"2021-08-15 06:00:00",10313,12.86,102.2212,0.008,154.5,2.115,13.76,100,0,0,0,14.32,14.42,0.049
"2021-08-15 07:00:00",10314,12.86,102.2618,0.029,203.7,9.05,13.87,100,4.185,0.298,0,14.44,14.55,0.049
"2021-08-15 08:00:00",10315,12.86,102.3105,0.159,276.2,17.36,14.36,98.5,50.33,2.615,0,14.55,14.95,0.05
"2021-08-15 09:00:00",10316,13.06,102.278,0.401,306.1,18.96,16.01,89.5,180.7,8.84,0,15.52,16.53,0.05
"2021-08-15 10:00:00",10317,13.95,102.2442,1.3,321.9,30.57,19.06,71.61,564.3,23.47,0,17.69,20.29,0.05
"2021-08-15 11:00:00",10318,14.09,102.1873,1.959,356.1,31.6,21.18,63.32,686.7,30.76,0,22.07,23.68,0.051
"2021-08-15 12:00:00",10319,14.07,102.1062,2.166,9.54,32.56,21.83,64.16,602.8,28.06,0,23.36,24.62,0.051
"2021-08-15 13:00:00",10320,13.76,101.9682,1.772,1.305,28.05,21.03,66.4,203.8,11.06,0,21.33,22.47,0.051
"2021-08-15 14:00:00",10321,13.32,101.952,1.129,10.01,25.57,20.07,79.18,76.01,4.549,0,19.99,20.72,0.051
"2021-08-15 15:00:00",10322,13.6,101.9033,1.307,39.5,30.22,20.49,74.07,281.6,14.26,0,20.14,21.81,0.051
"2021-08-15 16:00:00",10323,13.94,101.8546,2.033,29.28,28.32,20.6,71.23,194.9,9.87,0,20.85,21.56,0.051
"2021-08-15 17:00:00",10324,13.44,101.8465,1.748,24.74,24.66,20.26,75.22,107.8,4.65,0,19.41,20.37,0.051
"2021-08-15 18:00:00",10325,13.01,101.9175,0.626,22.81,13.84,18.47,87.1,5.616,0.44,0,17.19,18.32,0.051
"2021-08-15 19:00:00",10326,12.98,101.9628,0.012,358.1,5.328,17.03,90.6,0,0,0,15.96,16.48,0.051
"2021-08-15 20:00:00",10327,12.96,102.0421,0,0,0,16.06,93.4,0,0,0,15.44,15.64,0.051
"2021-08-15 21:00:00",10328,12.94,102.0101,0.015,16.66,2.881,15.87,93.2,0,0,0,15.34,15.62,0.051
"2021-08-15 22:00:00",10329,12.93,102.0182,0,0,0,15.79,95.1,0,0,0,14.76,15.48,0.05
"2021-08-15 23:00:00",10330,12.91,102.0264,0,0,0,15.28,96.8,0,0,0,13.92,14.43,0.05
"2021-08-16 00:00:00",10331,12.87,101.9939,0,0,0,14.81,98.5,0,0,0,13.52,13.71,0.05
"2021-08-16 01:00:00",10332,12.86,102.0345,0,0,0,14.81,98,0,0,0,13.57,14.29,0.05
"2021-08-16 02:00:00",10333,12.87,101.9858,0.05,256.4,10.62,14.8,97.3,0,0,0,14.26,14.48,0.05
"2021-08-16 03:00:00",10334,12.83,101.9695,0.171,248.4,15.84,14.26,98.1,0,0,0,13.88,14.15,0.05
"2021-08-16 04:00:00",10335,12.82,101.9533,0.057,250.6,12.35,14.11,98.1,0,0,0,13.44,13.62,0.05
"2021-08-16 05:00:00",10336,12.81,101.9695,0.064,271,9.8,14.11,98.7,0,0,0,13.67,14.03,0.05
"2021-08-16 06:00:00",10337,12.8,102.0264,0.05,299.7,6.654,14.21,98.6,0,0,0,13.62,13.82,0.05
"2021-08-16 07:00:00",10338,12.8,102.0913,0.093,293.7,7.693,13.89,97.9,18.5,1.019,0,13.16,13.53,0.05
"2021-08-16 08:00:00",10339,13.03,102.1035,0.606,324.3,19.06,16.15,86.4,160.5,6.588,0,14.38,16,0.05
"2021-08-16 09:00:00",10340,14.22,102.1306,1.54,329.3,23.52,19.25,76.72,367.4,15.53,0,17.75,19.76,0.05
"2021-08-16 10:00:00",10341,14.09,102.1143,1.838,342.6,33.22,21.37,72.49,479.2,22.57,0,21.99,23.27,0.05
"2021-08-16 11:00:00",10342,14.1,102.0494,1.842,358.6,32.92,22.25,65.18,406.5,20.45,0,23.12,23.98,0.05
"2021-08-16 12:00:00",10343,14.2,101.9682,2.082,10.69,28.76,22.76,65.6,435,23.33,0,24.17,24.8,0.05
"2021-08-16 13:00:00",10344,14.21,101.8709,2.345,11.29,27.98,23.27,68.58,510.1,26.63,0,24.57,25.81,0.05
"2021-08-16 14:00:00",10345,14.13,101.8303,2.385,15.73,32.81,23.77,69.37,546.1,25.41,0,24.53,26.59,0.05
"2021-08-16 15:00:00",10346,14.18,101.7978,2.505,30.45,29.64,22.97,64.24,326.5,16.19,0,23.95,24.61,0.05
"2021-08-16 16:00:00",10347,14.33,101.7978,3.091,31.5,27.82,22.78,65.63,325.2,13.26,0,22.68,24.42,0.05
"2021-08-16 17:00:00",10348,13.25,101.7978,2.512,25.06,26.82,21.53,76.44,104.2,5.083,0,20.44,21.55,0.05
"2021-08-16 18:00:00",10349,12.96,101.8306,1.934,23.29,24.05,19.7,84.3,5.405,0.497,0,18.82,19.57,0.049
"2021-08-16 19:00:00",10350,12.91,101.8695,0.8,25.16,18.17,18.42,91.1,0,0,0,17.72,18.26,0.049
"2021-08-16 20:00:00",10351,12.9,101.9293,0.325,16.01,15.16,17.32,94.6,0,0,0,16.91,17.19,0.049
"2021-08-16 21:00:00",10352,12.93,101.9181,0.676,30.38,19.21,17.3,93.3,0,0,0,16.82,16.97,0.049
"2021-08-16 22:00:00",10353,12.9,101.9485,0.972,23.93,20.4,17.72,94.8,0,0,0,16.92,17.23,0.049
"2021-08-16 23:00:00",10354,12.9,101.9463,0.046,349.4,9.22,17.23,96.5,0,0,0,16.67,16.96,0.049
"2021-08-17 00:00:00",10355,12.89,101.9296,0.005,315.7,0.617,17.17,96.2,0,0,0,16.74,16.88,0.049
"2021-08-17 01:00:00",10356,12.85,101.8673,0,0,0,16.79,96.8,0,0,0,15.2,16.09,0.048
"2021-08-17 02:00:00",10357,12.85,101.791,0.054,293.7,7.048,16.14,97.5,0,0,0,14.57,15.05,0.049
"2021-08-17 03:00:00",10358,12.8,101.7585,0.107,286.3,11.2,15.07,99.5,0,0,0,14.23,14.53,0.048
"2021-08-17 04:00:00",10359,12.78,101.7585,0.215,298.5,14.64,14.66,100,0,0,0,14.52,14.74,0.048
"2021-08-17 05:00:00",10360,12.79,101.7585,0.128,313,13.33,14.41,100,0,0,0,14.07,14.37,0.048
"2021-08-17 06:00:00",10361,12.77,101.7504,0.197,320.8,11.61,14.28,100,0,0,0,13.88,14.03,0.048
"2021-08-17 07:00:00",10362,12.79,101.7747,0.807,332.5,19.79,15.03,98.1,21.88,1.04,0,14.34,14.78,0.048
"2021-08-17 08:00:00",10363,13.01,101.784,1.855,332.5,23.22,16.88,89,163.6,6.531,0,15.62,16.73,0.048
"2021-08-17 09:00:00",10364,14.19,101.7007,2.709,339.5,27.16,19.56,76.78,371.4,15.17,0,18.04,20.2,0.048
"2021-08-17 10:00:00",10365,14.3,101.668,3.139,348.9,32.61,21.92,63.36,545.5,23.56,0,22.13,23.8,0.048
"2021-08-17 11:00:00",10366,14.11,101.5706,3.622,345.2,29.63,23.17,60.95,582.2,26.59,0,24.48,25.39,0.048
"2021-08-17 12:00:00",10367,14.17,101.4082,3.47,355.9,31.26,24.2,58.58,678.2,30.12,0,26.25,27.09,0.048
"2021-08-17 13:00:00",10368,14.13,101.2378,3.548,354.6,30.94,24.86,54.83,689.8,30.9,0,27.14,28,0.048
"2021-08-17 14:00:00",10369,14.12,101.1132,3.576,5.105,29.3,25.26,58.11,616.2,26.89,0,27.18,28.26,0.048
"2021-08-17 15:00:00",10370,14.34,101.0412,3.741,10.67,27.82,25.12,56.76,484.7,19.97,0,26.92,27.3,0.048
"2021-08-17 16:00:00",10371,14.33,101.0025,3.476,20.9,32.76,23.98,73.04,299.1,11.68,0,23.59,25.56,0.048
"2021-08-17 17:00:00",10372,13.23,100.9782,2.98,20.45,27.6,22,78.16,98.3,4.436,0,21.38,22.29,0.047
"2021-08-17 18:00:00",10373,12.98,101.0106,2.602,15.08,24.75,20.68,83.6,5.294,0.439,0,20.02,20.64,0.047
"2021-08-17 19:00:00",10374,12.95,101.061,2.079,16.43,23,19.95,87.2,0,0,0,19.54,19.76,0.047
"2021-08-17 20:00:00",10375,12.94,101.0527,2.073,14.94,25.38,19.77,88.9,0,0,0,19.33,19.44,0.047
"2021-08-17 21:00:00",10376,12.93,101.0633,2.046,14.71,23.56,19.71,90.5,0,0,0,19.2,19.32,0.047
"2021-08-17 22:00:00",10377,12.91,101.0714,1.222,9.09,21.49,19.47,93.1,0,0,0,18.39,18.94,0.047
"2021-08-17 23:00:00",10378,12.91,101.0389,0.861,2.094,18.42,19.06,95.1,0,0,0,18.1,18.4,0.047
"2021-08-18 00:00:00",10379,12.89,100.9947,0.096,334.8,8.63,18.4,97.8,0,0,0,17.17,17.64,0.047
"2021-08-18 01:00:00",10380,12.88,100.9142,0.15,342.4,6.18,17.78,99.4,0,0,0,16.87,17.01,0.046
"2021-08-18 02:00:00",10381,12.86,100.8004,0.446,341.1,14.07,17.72,100,0,0,0,16.93,17.04,0.046
"2021-08-18 03:00:00",10382,12.85,100.7672,1.005,356.9,24.31,18.25,95.5,0,0,0,17.19,17.54,0.046
"2021-08-18 04:00:00",10383,12.83,100.719,1.315,358.3,25.73,18.14,93.6,0,0,0,16.8,17.2,0.046
"2021-08-18 05:00:00",10384,12.82,100.74,0.946,3.5,22.28,17.4,92.6,0,0,0,16.07,16.49,0.046
"2021-08-18 06:00:00",10385,12.81,100.7519,0.659,348.7,21,16.5,92.8,0,0,0,15.11,15.57,0.046
"2021-08-18 07:00:00",10386,12.81,100.7681,0.905,339.5,17.32,16.27,90.4,16.98,0.852,0,15.07,15.32,0.046
"2021-08-18 08:00:00",10387,12.93,100.7996,1.404,340.7,22.43,17.82,80.1,145.1,5.08,0,15.88,17.26,0.046
"2021-08-18 09:00:00",10388,13.98,100.8322,1.988,333,22.95,20.18,68.11,328,11.65,0,18.94,20.56,0.046
"2021-08-18 10:00:00",10389,14.26,100.7916,1.981,327.9,28.44,22.82,55.62,491.5,18.72,0,22.46,24.37,0.046
"2021-08-18 11:00:00",10390,14.23,100.6679,1.76,328.5,29.57,25.28,49.9,615.8,24.75,0,26.09,27.49,0.046
"2021-08-18 12:00:00",10391,14.21,100.5365,1.462,340.3,38.01,27.33,40.71,673.4,27.67,0,28.76,30.15,0.046
"2021-08-18 13:00:00",10392,14.19,100.381,1.517,357.4,34.99,29.16,36.12,661.5,27.15,0,31.08,32.04,0.046
"2021-08-18 14:00:00",10393,14.21,100.2357,1.851,357.6,31.93,30.35,32.85,586.9,23.32,0,32.37,32.93,0.046
"2021-08-18 15:00:00",10394,14.17,100.204,1.842,4.634,34.31,31.14,45.54,447.6,16.57,0,31.86,33.28,0.046
"2021-08-18 16:00:00",10395,14.18,100.2196,1.857,30.77,25.92,28.5,56.32,268.8,9.33,0,28.14,29.91,0.045
"2021-08-18 17:00:00",10396,13.06,100.2153,1.734,30.02,24.27,25.36,71.36,88.5,3.667,0,23.52,25.49,0.045
"2021-08-18 18:00:00",10397,12.92,100.2478,1.386,24.86,23.08,22.3,80.7,4.906,0.394,0,21.23,22.26,0.045
"2021-08-18 19:00:00",10398,12.93,100.2973,1.141,16.93,20.25,21.04,77.84,0,0,0,20.41,20.7,0.045
"2021-08-18 20:00:00",10399,12.9,100.3454,1.83,10.56,23.63,21.76,77.46,0,0,0,20.79,20.99,0.045
"2021-08-18 21:00:00",10400,12.89,100.3372,2.156,10.04,23.54,21.62,84.9,0,0,0,20.79,20.93,0.045
"2021-08-18 22:00:00",10401,12.87,100.3296,2.141,8.36,23.41,21.26,86.8,0,0,0,20.58,20.72,0.044
"2021-08-18 23:00:00",10402,12.89,100.2653,1.949,8.7,24.23,21.12,87.3,0,0,0,20.37,20.47,0.044
"2021-08-19 00:00:00",10403,12.86,100.2584,1.172,348,30.78,20.41,85.5,0,0,0,18.94,19.69,0.044
"2021-08-19 01:00:00",10404,12.86,100.1978,1.143,336.9,20.88,20.17,82.5,0,0,0,17.59,18.74,0.044
"2021-08-19 02:00:00",10405,12.85,100.1184,0.822,345.4,21.27,19.14,68.3,0,0,0,16.72,17.13,0.044
"2021-08-19 03:00:00",10406,12.82,100.2479,0.901,245.9,71.44,19.82,67.59,0,0,0,17.61,18.22,0.044
"2021-08-19 04:00:00",10407,12.81,100.3213,0.919,171.1,35.6,18.76,93.5,0,0,0,17.26,17.96,0.044
"2021-08-19 05:00:00",10408,12.76,100.3777,1.177,158,39.01,18.19,96.6,0,0,0,18.08,18.13,0.044
"2021-08-19 06:00:00",10409,12.8,100.4525,0.875,172.8,39.55,17.86,97.9,0,0,0,17.37,17.78,0.044
"2021-08-19 07:00:00",10410,12.76,100.4764,0.549,170.2,35.09,17.35,98.2,17.61,1.018,0,17.24,17.35,0.044
"2021-08-19 08:00:00",10411,12.89,100.5727,0.96,164.4,37.44,18.28,91.9,87.9,4.06,0,17.56,18.36,0.043
"2021-08-19 09:00:00",10412,13.58,100.6294,1.535,159.1,43.87,20.59,80.1,292.9,12.33,0,19.7,21.06,0.043
"2021-08-19 10:00:00",10413,14.07,100.6617,1.931,155.4,41.51,23.28,70.4,539.1,22.14,0,22.97,24.42,0.043
"2021-08-19 11:00:00",10414,13.99,100.5804,1.967,156.8,38.88,24.58,67.74,543,24.84,0,25.2,25.86,0.043
"2021-08-19 12:00:00",10415,14.05,100.5056,2.226,143,33.56,24.91,70.04,660.1,29.26,0,25.15,26.64,0.043
"2021-08-19 13:00:00",10416,14.05,100.4263,2.137,139.8,37.45,24.73,67.75,647.5,29.06,0,25.05,26.51,0.043
"2021-08-19 14:00:00",10417,14.1,100.3771,2.157,139.7,36.08,24.18,67.3,510.1,23.55,0,24.61,25.86,0.043
"2021-08-19 15:00:00",10418,14.16,100.3695,2.397,135.2,33.45,24.02,67.73,513.2,21.44,0,24.94,25.59,0.043
"2021-08-19 16:00:00",10419,14,100.4101,2.002,128.6,39.54,22.95,77.08,246.9,10.92,0,22.72,23.95,0.043
"2021-08-19 17:00:00",10420,13.17,100.5481,1.505,135.8,32.71,21.7,80.4,92.6,3.741,0,21.32,22.13,0.043
"2021-08-19 18:00:00",10421,12.95,100.622,1.067,143.4,27.49,20.34,83,4.855,0.407,0,20.04,20.54,0.043
"2021-08-19 19:00:00",10422,12.91,100.729,1.041,144,26.37,20,81.4,0,0,0,19.64,20.06,0.042
"2021-08-19 20:00:00",10423,12.94,100.8619,1.053,147.2,25.99,19.72,81.2,0,0,0,19.14,19.53,0.042
"2021-08-19 21:00:00",10424,12.93,100.9443,1.087,146.2,26.7,19.53,80.8,0,0,0,19.11,19.31,0.042
"2021-08-19 22:00:00",10425,12.91,100.9977,1.127,146.2,28.38,20.04,80.1,0,0,0,19.68,20,0.042
"2021-08-19 23:00:00",10426,12.9,101.0124,1.192,142.6,28.95,20.27,80.9,0,0,0,20.06,20.2,0.042
"2021-08-20 00:00:00",10427,12.9,101.0765,0.734,153.1,25.73,20.12,82.1,0,0,0,19.95,20.02,0.042
"2021-08-20 01:00:00",10428,12.89,101.09,1.05,162.1,36.02,18.56,93.5,0,0,0,18.3,18.87,0.042
"2021-08-20 02:00:00",10429,12.86,101.0922,0.52,181.6,32.57,17.88,92.3,0,0,0,18.03,18.19,0.042
"2021-08-20 03:00:00",10430,12.85,101.1329,0.969,179,40.54,17.67,90.9,0,0,0,17.67,17.86,0.041
"2021-08-20 04:00:00",10431,12.84,101.116,1.046,167.2,44.43,17.51,86.2,0,0,0,17.59,17.64,0.041
"2021-08-20 05:00:00",10432,12.82,101.1895,1.186,167.3,41.85,17.28,84.9,0,0,0,17.24,17.42,0.041
"2021-08-20 06:00:00",10433,12.79,101.2876,1.331,172.8,45.79,16.96,82.8,0,0,0,17.03,17.11,0.041
"2021-08-20 07:00:00",10434,12.79,101.3865,0.973,180,42.54,16.79,80.5,14.78,0.892,0,16.87,16.98,0.041
"2021-08-20 08:00:00",10435,12.84,101.4653,1.326,188.6,43.51,17.59,72.09,138.3,6.222,0,17.02,17.91,0.041
"2021-08-20 09:00:00",10436,13.72,101.5057,1.747,169.3,46.35,19.31,65.8,296.8,13.38,0,18.9,20.06,0.041
"2021-08-20 10:00:00",10437,14.13,101.5381,1.967,167.2,45.41,21.23,61.45,511.9,23.2,0,20.94,22.57,0.041
"2021-08-20 11:00:00",10438,14.21,101.4894,1.821,169.5,46.2,22.6,55.95,592.1,28.76,0,22.66,24.08,0.041
"2021-08-20 12:00:00",10439,14.23,101.3838,1.95,154.2,45.25,23.93,55.7,767.4,35.6,0,25.11,25.9,0.041
"2021-08-20 13:00:00",10440,14.09,101.3434,1.905,134.8,36.96,23.43,58.22,575.8,29.31,0,24.71,25.35,0.041
"2021-08-20 14:00:00",10441,14.26,101.3108,1.781,139.1,39.82,23.53,60.72,562.6,27.04,0,24.72,25.49,0.041
"2021-08-20 15:00:00",10442,14.27,101.2865,1.97,141.1,36.21,23.41,65.22,537.4,23.55,0,24.43,25.13,0.041
"2021-08-20 16:00:00",10443,14.05,101.2866,1.763,144.3,36.52,22.78,71.84,325.4,14.08,0,22.42,23.91,0.041
"2021-08-20 17:00:00",10444,13.17,101.319,1.426,139.4,32.64,21.06,76.65,104.9,5.381,0,20.27,21.34,0.04
"2021-08-20 18:00:00",10445,12.97,101.3606,0.585,152.6,21.4,19.41,84.6,4.57,0.451,0,19.64,19.92,0.04
"2021-08-20 19:00:00",10446,12.94,101.4043,0.393,149.9,17.57,18.89,83.2,0,0,0,19.29,19.45,0.04
"2021-08-20 20:00:00",10447,12.91,101.4621,0.187,122.4,18.71,19.27,79.52,0,0,0,19.36,19.53,0.04
"2021-08-20 21:00:00",10448,12.92,101.5186,0.555,101,22.63,19.63,78.92,0,0,0,19.61,19.73,0.04
"2021-08-20 22:00:00",10449,12.91,101.5002,0.235,94.5,14.17,19.41,79.08,0,0,0,19.24,19.48,0.04
"2021-08-20 23:00:00",10450,12.87,101.5034,0.094,82.2,8.35,18.93,82.9,0,0,0,18.16,18.81,0.04
"2021-08-21 00:00:00",10451,12.89,101.4655,0,0,0,18.31,83.3,0,0,0,17.77,17.89,0.04
"2021-08-21 01:00:00",10452,12.85,101.4088,0.013,94.1,4.804,18.2,85.4,0,0,0,17.41,17.63,0.04
"2021-08-21 02:00:00",10453,12.86,101.4088,0,0,0,18.23,88.6,0,0,0,17.72,17.84,0.039
"2021-08-21 03:00:00",10454,12.83,101.3439,0,0,0,17.31,90.9,0,0,0,17.06,17.52,0.039
"2021-08-21 04:00:00",10455,12.77,101.3152,0.01,5.018,4.518,16.7,92.9,0.017,0,0,16.29,16.75,0.039
"2021-08-21 05:00:00",10456,12.77,101.3147,0.007,324.7,0.451,17.21,96.9,0,0,0,17.16,17.37,0.039
"2021-08-21 06:00:00",10457,12.77,101.3877,0.004,257.5,0.111,16.8,97.6,0,0,0,16.63,16.97,0.039
"2021-08-21 07:00:00",10458,12.78,101.4531,0.09,239.4,13.05,16.54,95.8,15.38,0.855,0,16.89,16.95,0.039
"2021-08-21 08:00:00",10459,12.83,101.4805,0.015,307.2,4.522,18.03,87,106.5,4.82,0,17.13,18.27,0.039
"2021-08-21 09:00:00",10460,13.44,101.4734,0.226,353.8,21.78,20.06,81.3,165,8.15,0,19.43,20.5,0.039
"2021-08-21 10:00:00",10461,13.63,101.4489,1.292,7.191,27.58,21.8,77.74,309.2,14.64,0,21.74,23.12,0.039
"2021-08-21 11:00:00",10462,14.01,101.3109,2.136,10.94,30.7,23.14,71.04,439.6,21.64,0,24.03,25.31,0.039
"2021-08-21 12:00:00",10463,14.05,101.2216,2.674,21.02,28.78,23.81,72.69,604.1,28.64,0,25.44,26.61,0.039
"2021-08-21 13:00:00",10464,13.67,101.1161,2.502,24.55,28.06,23.22,79.46,260.9,14.55,0,23.8,25.32,0.039
"2021-08-21 14:00:00",10465,13.56,101.035,1.886,25.89,25.9,22.24,82.5,148.8,8.37,0,23.11,23.57,0.039
"2021-08-21 15:00:00",10466,14.01,100.9863,1.836,27.24,28.42,22.85,79.89,227.2,11.83,0,23.97,24.54,0.039
"2021-08-21 16:00:00",10467,13.38,100.962,1.69,27.27,25.2,22.27,85.5,131.9,6.342,0,22.97,23.59,0.039
"2021-08-21 17:00:00",10468,13.23,100.962,1.576,28.83,24.29,21.78,91.4,90.1,4.539,0,21.65,22.61,0.039
"2021-08-21 18:00:00",10469,12.97,101.0106,0.207,28.48,10.61,20.57,95.9,5.663,0.509,0,19.61,20.8,0.039
"2021-08-21 19:00:00",10470,12.95,101.0401,0,0,0,19.53,98.8,0,0,0,17.5,18.37,0.039
"2021-08-21 20:00:00",10471,12.93,101.0991,0,0,0,18.89,99.7,0,0,0,17.06,17.31,0.039
"2021-08-21 21:00:00",10472,12.92,101.1809,0,0,0,18.49,100,0,0,0,16.43,16.78,0.039
"2021-08-21 22:00:00",10473,12.9,101.2304,0,0,0,18.21,100,0,0,0,16.15,16.39,0.038
"2021-08-21 23:00:00",10474,12.89,101.2466,0,0,0,18.69,100,0,0,0,16.15,16.54,0.038
"2021-08-22 00:00:00",10475,12.89,101.2929,0.033,168.1,7.445,18.98,100,0,0,0,16.89,17.62,0.038
"2021-08-22 01:00:00",10476,12.87,101.3375,0.054,198.2,6.743,19.26,100,0,0,0,18.03,18.9,0.038
"2021-08-22 02:00:00",10477,12.84,101.3533,0.392,180.1,24.7,19.1,100,0,0,0,19.27,19.33,0.038
"2021-08-22 03:00:00",10478,12.84,101.3823,1.302,169.8,43.05,17.73,96,0.352,0,0,17.4,18,0.038
"2021-08-22 04:00:00",10479,12.82,101.3763,1.44,173.1,44.49,17.29,92,0.328,0,0,17.36,17.42,0.038
"2021-08-22 05:00:00",10480,12.8,101.4495,1.517,180.1,46.37,17.61,88.3,0,0,0,17.48,17.68,0.038
"2021-08-22 06:00:00",10481,12.74,101.5291,1.623,179.6,44.56,17.9,85.8,0,0,0,17.91,17.98,0.038
"2021-08-22 07:00:00",10482,12.72,101.6358,1.765,177.5,43.72,18.25,82.4,6.789,0.579,0,18.12,18.27,0.038
"2021-08-22 08:00:00",10483,12.78,101.7353,1.85,173.3,48.94,18.54,81.1,14.39,0.872,0,18.51,18.6,0.038
"2021-08-22 09:00:00",10484,12.78,101.7521,1.942,170.4,47.58,18.5,76.14,35.96,2.014,0,18.41,18.57,0.038
"2021-08-22 10:00:00",10485,12.84,101.8064,1.831,172.8,46.38,18.55,80.5,101.6,5.421,0,18.7,18.91,0.038
"2021-08-22 11:00:00",10486,13.47,101.7248,1.94,160.8,42.53,19.83,72.89,370.3,17.95,0,19.15,20.91,0.038
"2021-08-22 12:00:00",10487,13.98,101.6842,2.03,162.9,41.02,21.69,70.94,392.6,18.98,0,21.75,22.91,0.038
"2021-08-22 13:00:00",10488,13.96,101.6355,1.842,166.8,47.23,20.55,71.94,200.9,10.6,0,21.06,21.44,0.038
"2021-08-22 14:00:00",10489,13.86,101.5868,1.655,163.4,45.39,20.42,71.68,168.1,8.83,0,20.93,21.24,0.038
"2021-08-22 15:00:00",10490,14.15,101.5625,1.891,162.4,43.95,21.19,68.21,280.8,13.11,0,21.23,22.12,0.037
"2021-08-22 16:00:00",10491,14.07,101.5787,1.781,157.9,40.48,21.18,70.77,205.7,9.31,0,21.26,21.93,0.037
"2021-08-22 17:00:00",10492,13.2,101.6112,1.49,160.3,44.22,20.18,76.32,79.68,3.714,0,20.05,20.63,0.037
"2021-08-22 18:00:00",10493,12.96,101.6601,0.975,169.9,40.18,19.43,78.43,4.888,0.348,0,19.26,19.67,0.037
"2021-08-22 19:00:00",10494,12.93,101.6874,0.853,170.7,39.38,18.77,79.8,0,0,0,18.74,18.98,0.037
"2021-08-22 20:00:00",10495,12.95,101.732,0.721,186.5,35.42,18.27,80.9,0,0,0,18.31,18.53,0.037
"2021-08-22 21:00:00",10496,12.91,101.7902,0.42,195.8,25.79,17.65,84.2,0,0,0,17.51,17.88,0.037
"2021-08-22 22:00:00",10497,12.89,101.8467,0.725,209.4,26.87,17.5,81.8,0,0,0,17.55,17.73,0.037
"2021-08-22 23:00:00",10498,12.89,101.701,0.554,179,39.31,17.18,84.1,0,0,0,17.06,17.42,0.037
"2021-08-23 00:00:00",10499,12.88,101.777,0.637,214.7,27.03,16.63,86,0,0,0,16.65,16.87,0.037
"2021-08-23 01:00:00",10500,12.86,101.7228,0.441,214.6,21.59,16.11,86.9,0,0,0,16.28,16.39,0.037
"2021-08-23 02:00:00",10501,12.86,101.6925,0.454,218.1,22.38,15.95,89,0,0,0,16.06,16.19,0.037
"2021-08-23 03:00:00",10502,12.85,101.596,0.431,219.5,22,15.47,93.8,0,0,0,15.64,15.89,0.037
"2021-08-23 04:00:00",10503,12.83,101.5068,0.233,223,47.82,15.03,95.8,0,0,0,15.32,15.55,0.037
"2021-08-23 05:00:00",10504,12.81,101.5555,0.478,230.7,25.11,15.04,93.6,0,0,0,15.29,15.35,0.037
"2021-08-23 06:00:00",10505,12.79,101.5231,0.535,217.6,22.52,15.01,89.7,0,0,0,14.61,14.92,0.037
"2021-08-23 07:00:00",10506,12.77,101.5718,0.33,205.3,24.15,14.9,86.9,25.61,1.185,0,14.05,14.43,0.037
"2021-08-23 08:00:00",10507,12.99,101.6281,0.333,238.2,24.4,16.77,77.74,152.6,5.833,0,15.02,16.7,0.036
"2021-08-23 09:00:00",10508,13.68,101.7491,0.969,221.4,44.16,19.65,67.42,301.7,11.48,0,18.6,20.15,0.036
"2021-08-23 10:00:00",10509,14.01,101.5868,0.971,133.2,61.03,21.72,64.63,455,20.23,0,20.79,22.79,0.036
"2021-08-23 11:00:00",10510,14.17,101.5115,1.467,44.3,44.17,22.87,64,627.3,26.59,0,23.8,25.63,0.036
"2021-08-23 12:00:00",10511,14.13,101.4313,2.036,38.68,38.42,23.39,66.91,591.7,25.24,0,25.68,26.79,0.036
"2021-08-23 13:00:00",10512,13.94,101.319,1.761,54.13,33.75,22.13,75.62,246.3,11.52,0,22.74,24.52,0.036
"2021-08-23 14:00:00",10513,14.09,101.2054,1.934,45.33,31.58,21.81,71.11,253.6,11.71,0,22.72,23.46,0.036
"2021-08-23 15:00:00",10514,14.22,101.0675,3.048,28.52,30.64,22.37,76.44,380.4,15.04,0,22.76,24.59,0.036
"2021-08-23 16:00:00",10515,13.99,101.0431,2.484,24.41,28.65,21.01,81.5,127.6,6.047,0,21.67,22.13,0.036
"2021-08-23 17:00:00",10516,13.09,101.0512,2.259,22.58,24.66,20.69,82.7,79.55,3.25,0,20.6,21.35,0.036
"2021-08-23 18:00:00",10517,12.96,100.995,2.083,18.82,24.57,19.86,85.7,4.257,0.352,0,19.71,20.06,0.036
"2021-08-23 19:00:00",10518,12.91,101.0107,2.182,18.06,27.11,19.8,86.2,0,0,0,19.7,19.82,0.036
"2021-08-23 20:00:00",10519,12.91,100.9784,2.383,10.41,28.75,19.77,87.6,0,0,0,19.7,19.74,0.036
"2021-08-23 21:00:00",10520,12.92,100.9865,1.931,6.942,25.14,19.64,89.1,0,0,0,19.47,19.59,0.036
"2021-08-23 22:00:00",10521,12.89,100.9481,2.074,0.701,32.23,19.44,90.3,0,0,0,19.32,19.4,0.036
"2021-08-23 23:00:00",10522,12.88,100.9225,1.693,353.7,26.95,19.41,92,0,0,0,19.38,19.43,0.036
"2021-08-24 00:00:00",10523,12.87,100.8487,1.544,346.1,26.74,19.31,92.1,0,0,0,19.29,19.36,0.036
"2021-08-24 01:00:00",10524,12.86,100.8091,1.959,344.9,29.29,19.42,92.7,0,0,0,19.3,19.38,0.036
"2021-08-24 02:00:00",10525,12.87,100.7597,2.29,335.8,22.74,19.57,94,0,0,0,19.31,19.59,0.036
"2021-08-24 03:00:00",10526,12.86,100.7127,2.154,334.6,20.79,18.85,94.8,0,0,0,18.7,18.92,0.035
"2021-08-24 04:00:00",10527,12.84,100.6826,1.956,339.8,23.63,18.75,93.2,0,0,0,18.55,18.65,0.035
"2021-08-24 05:00:00",10528,12.82,100.9249,1.149,322.4,33.22,18.46,93.5,0,0,0,18.3,18.41,0.035
"2021-08-24 06:00:00",10529,12.79,100.9285,0.963,7.539,33.91,18.1,94.7,0,0,0,18.04,18.12,0.035
"2021-08-24 07:00:00",10530,12.78,100.8466,0.806,343.6,32.25,18.07,94.8,5.391,0.331,0,18.03,18.08,0.035
"2021-08-24 08:00:00",10531,12.77,100.7952,1.419,6.739,29.12,18.41,93.6,33.1,1.435,0,18.17,18.52,0.035
"2021-08-24 09:00:00",10532,12.78,100.7435,1.829,355.6,32.49,19.3,84.7,111.9,5.051,0,18.68,19.53,0.035
"2021-08-24 10:00:00",10533,13.62,100.7185,2.179,345.8,27.23,22.24,67.55,368.8,14.92,0,21.02,23.32,0.035
"2021-08-24 11:00:00",10534,14.05,100.6359,2.772,338.6,27,24.78,60.24,535.7,20.75,0,25.37,27.05,0.035
"2021-08-24 12:00:00",10535,14.12,100.4877,2.932,332.5,24.47,26.16,56.75,430.9,19.1,0,27.03,28.1,0.035
"2021-08-24 13:00:00",10536,14.14,100.4135,2.363,340.8,30.36,27.12,52.49,473.2,20.6,0,27.97,29.31,0.035
"2021-08-24 14:00:00",10537,14.04,100.3085,2.344,339.8,26.48,29.1,45.63,560.4,21.48,0,30.53,31.87,0.035
"2021-08-24 15:00:00",10538,14.11,100.2593,2.192,345,29.68,29.95,44.58,402.6,15.42,0,31.3,32.05,0.035
"2021-08-24 16:00:00",10539,13.98,100.3389,1.563,6.354,27.18,29.32,50.07,223.6,8.5,0,29.04,30.43,0.035
"2021-08-24 17:00:00",10540,13.07,100.5227,0.404,152.9,61.61,27.68,72.94,54.55,2.231,0,25.29,27.5,0.035
"2021-08-24 18:00:00",10541,12.99,100.54,2.642,156.5,46.04,22.9,90.2,4.145,0.291,0,21.74,23.11,0.035
"2021-08-24 19:00:00",10542,12.96,100.751,2.207,157.7,41.7,21.55,91.7,0,0,0,21.52,21.62,0.035
"2021-08-24 20:00:00",10543,12.94,101.019,2.065,158.7,40.83,21.46,90.5,0,0,0,21.32,21.41,0.035
"2021-08-24 21:00:00",10544,12.93,101.035,1.364,154.9,40.98,21.25,91.4,0,0,0,20.83,21.33,0.035
"2021-08-24 22:00:00",10545,12.91,101.1325,1.139,164.3,45.42,20.53,93.6,0,0,0,20.47,20.64,0.034
"2021-08-24 23:00:00",10546,12.9,101.1661,0.712,186.7,34.36,20.13,94.9,0,0,0,20.16,20.29,0.034
"2021-08-25 00:00:00",10547,12.86,101.1594,0.791,169.5,38.36,19.76,96.5,0,0,0,19.69,19.88,0.034
"2021-08-25 01:00:00",10548,12.88,101.2408,0.749,192.6,35.63,19.43,97.4,0,0,0,19.47,19.59,0.034
"2021-08-25 02:00:00",10549,12.86,101.2123,0.986,182.5,43.31,19.21,97.9,0,0,0,19.13,19.39,0.034
"2021-08-25 03:00:00",10550,12.84,101.228,1.249,179.3,41.66,18.66,99.1,0,0,0,18.73,18.88,0.034
"2021-08-25 04:00:00",10551,12.83,101.2623,1.134,177.3,39.83,18.43,98.9,0,0,0,18.57,18.65,0.034
"2021-08-25 05:00:00",10552,12.79,101.3186,0.922,185,39.96,18.08,99.1,0,0,0,17.87,18.27,0.034
"2021-08-25 06:00:00",10553,12.77,101.3601,0.926,196.2,35.71,17.54,99.7,0,0,0,17.66,17.77,0.034
"2021-08-25 07:00:00",10554,12.73,101.4501,0.902,196.2,34.15,17.33,99.4,19.33,1.015,0,17.59,17.67,0.034
"2021-08-25 08:00:00",10555,12.84,101.5361,0.876,194.8,35.65,18.1,92,151.5,6.001,0,17.81,18.5,0.034
"2021-08-25 09:00:00",10556,13.89,101.5463,1.363,163.3,44.9,20.7,75.06,385.6,15.27,0,19.82,21.62,0.034
"2021-08-25 10:00:00",10557,14.01,101.5781,1.548,153.7,40.85,23.3,66.99,547.8,23.55,0,23.47,24.75,0.034
"2021-08-25 11:00:00",10558,14.2,101.5428,1.704,143.6,37.77,24.82,54.71,702.7,31.07,0,25.31,26.58,0.034
"2021-08-25 12:00:00",10559,14.21,101.4696,1.819,117.5,43.12,25.36,54.21,772.7,35.44,0,27.18,27.58,0.034
"2021-08-25 13:00:00",10560,14.28,101.3727,1.896,109.1,40.15,25.44,53.75,763.3,35.18,0,27.44,27.97,0.034
"2021-08-25 14:00:00",10561,14.29,101.2802,1.789,102.2,39.73,25.54,47.49,687.7,31.2,0,27.51,27.96,0.034
"2021-08-25 15:00:00",10562,14.31,101.2674,1.932,95.2,33.57,24.91,58.98,549,23.92,0,26.37,26.97,0.034
"2021-08-25 16:00:00",10563,14.33,101.2702,1.786,83.4,32.3,23.93,61.09,358.5,14.68,0,24.76,25.59,0.034
"2021-08-25 17:00:00",10564,13.23,101.2703,1.65,81.7,25.16,22.27,76.71,129.8,5.766,0,21.45,22.71,0.033
"2021-08-25 18:00:00",10565,12.97,101.3293,0.413,74.92,12.62,19.99,86.5,6.774,0.637,0,18.13,20.2,0.033
"2021-08-25 19:00:00",10566,12.94,101.3848,0,0,0,18.07,91.2,0,0,0,15.88,16.79,0.033
"2021-08-25 20:00:00",10567,12.93,101.4071,0,0,0,17.43,93.9,0,0,0,15.46,15.66,0.033
"2021-08-25 21:00:00",10568,12.91,101.4581,0,0,0,16.84,95.8,0,0,0,14.9,15.18,0.033
"2021-08-25 22:00:00",10569,12.9,101.4419,0.018,243.1,3.642,16.26,96.8,0,0,0,14.63,14.8,0.033
"2021-08-25 23:00:00",10570,12.88,101.4013,0,0,0,14.84,99.6,0,0,0,14.11,14.3,0.033
"2021-08-26 00:00:00",10571,12.87,101.3445,0.012,275.4,4.77,15.17,100,0,0,0,14.11,14.47,0.033
"2021-08-26 01:00:00",10572,12.86,101.377,0.207,250.7,16.4,15.33,100,0,0,0,14.34,15.27,0.033
"2021-08-26 02:00:00",10573,12.82,101.2795,0.181,235.8,16.64,15.9,99.1,0,0,0,16.05,16.36,0.032
"2021-08-26 03:00:00",10574,12.84,101.1902,0.021,267.5,5.813,15.65,99,0,0,0,15.85,16.06,0.032
"2021-08-26 04:00:00",10575,12.82,101.1415,0.005,287.2,3.726,15.57,99.4,0,0,0,16.15,16.45,0.032
"2021-08-26 05:00:00",10576,12.81,101.0901,0.019,313.1,5,16.5,97,0,0,0,16.8,17.11,0.032
"2021-08-26 06:00:00",10577,12.78,101.0687,0.053,330.2,10.04,17.19,96.4,0.001,0,0,17.36,17.58,0.032
"2021-08-26 07:00:00",10578,12.76,101.1248,0.319,335.1,18.09,17.82,96.5,17.62,0.635,0,17.79,18.17,0.032
"2021-08-26 08:00:00",10579,12.79,101.125,0.779,337.4,17.41,19.58,93.6,56.54,2.828,0,18.86,19.86,0.032
"2021-08-26 09:00:00",10580,12.79,101.1567,1.641,336,25.31,20.91,88.5,124.7,5.975,0,20.33,21.54,0.032
"2021-08-26 10:00:00",10581,13.47,101.0999,2.188,345.8,28.03,22.55,81.1,279,13.18,0,22.42,23.95,0.032
"2021-08-26 11:00:00",10582,13.94,101.0107,2.989,351.2,29.34,24.56,69.33,454.7,20.35,0,25.32,26.61,0.032
"2021-08-26 12:00:00",10583,14.12,100.943,3.16,357.9,28.73,25.7,70.16,484.4,22.09,0,27.75,28.24,0.032
"2021-08-26 13:00:00",10584,14.17,100.829,3.171,2.432,30.78,26.3,67.93,573.8,23.79,0,28.09,29.17,0.032
"2021-08-26 14:00:00",10585,14.17,100.6979,3.168,6.361,32.77,26.45,70.25,587.9,22.96,0,29.12,29.8,0.032
"2021-08-26 15:00:00",10586,14.32,100.643,3.211,16.65,26.96,26.18,69.21,461.4,17.4,0,28.14,28.9,0.032
"2021-08-26 16:00:00",10587,14.31,100.6049,2.985,23.64,28.58,24.64,81.6,289.1,10.27,0,25.47,26.74,0.032
"2021-08-26 17:00:00",10588,13.23,100.5968,2.966,21.54,25.22,22.61,88.6,101.9,4.227,0,22.35,23.45,0.032
"2021-08-26 18:00:00",10589,12.98,100.6538,2.021,13.41,25.97,21.39,88.8,7.523,0.5,0,21.06,21.64,0.032
"2021-08-26 19:00:00",10590,12.95,100.7023,1.405,8.59,22.32,20.69,91.9,0,0,0,20.36,20.71,0.032
"2021-08-26 20:00:00",10591,12.94,100.7443,1.508,8.56,21.9,20.38,93.4,0,0,0,20.19,20.27,0.032
"2021-08-26 21:00:00",10592,12.93,100.7762,2.084,10.81,23.38,20.99,95.9,0,0,0,20.46,20.78,0.032
"2021-08-26 22:00:00",10593,12.92,100.7753,1.62,4.591,23.65,21.12,97.3,0,0,0,20.82,20.92,0.032
"2021-08-26 23:00:00",10594,12.91,100.7348,0.927,356.9,22,20.92,98.1,0,0,0,20.56,20.73,0.032
"2021-08-27 00:00:00",10595,12.9,100.703,1.046,5.21,18.8,20.67,99.2,0,0,0,20.32,20.46,0.032
"2021-08-27 01:00:00",10596,12.89,100.6704,0.342,352,14.01,20.28,99.8,0,0,0,19.44,19.97,0.032
"2021-08-27 02:00:00",10597,12.87,100.6104,0.306,6.679,13.65,19.64,100,0,0,0,18.77,19.11,0.032
"2021-08-27 03:00:00",10598,12.85,100.5776,0.865,351.8,22.97,19.58,97.1,0,0,0,18.75,19.09,0.032
"2021-08-27 04:00:00",10599,12.84,100.5301,1.348,354.2,24.77,19.78,86.5,0,0,0,18.39,18.62,0.032
"2021-08-27 05:00:00",10600,12.81,100.5539,1.616,349.9,25.09,20.21,85.7,0,0,0,18.33,18.53,0.031
"2021-08-27 06:00:00",10601,12.8,100.5632,1.7,360,25.13,19.63,87.4,0,0,0,18.12,18.37,0.031
"2021-08-27 07:00:00",10602,12.79,100.5529,1.841,0.025,26.49,19.52,83.8,32.47,1.377,0,18.09,18.53,0.031
"2021-08-27 08:00:00",10603,13.03,100.5644,2.314,347.2,28.2,21.67,71.4,185.7,6.615,0,19.43,21.31,0.031
"2021-08-27 09:00:00",10604,13.93,100.5806,2.971,346.8,29.03,24.77,59.61,381.3,14.26,0,23.45,25.66,0.031
"2021-08-27 10:00:00",10605,14.25,100.5676,3.983,339.5,31.12,27.46,49.14,555.9,21.96,0,27.61,29.22,0.031
"2021-08-27 11:00:00",10606,14.21,100.5127,3.815,348.3,32.97,30.4,34.33,671.8,27.2,0,30.97,32.59,0.031
"2021-08-27 12:00:00",10607,14.2,100.3256,4.094,349.2,27.35,32.38,29.23,718.8,29.09,0,34,34.84,0.031
"2021-08-27 13:00:00",10608,14.19,100.2357,3.841,14.76,33.29,31.52,56.31,720.8,28.88,0,32.35,34.59,0.032
"2021-08-27 14:00:00",10609,14.14,100.1543,3.861,26.93,28.05,28.24,63.63,665.8,25.14,0,29.56,31.77,0.032
"2021-08-27 15:00:00",10610,14.17,100.1342,3.759,24.54,27.6,25.48,69.66,288.8,12.57,0,26.74,27.41,0.032
"2021-08-27 16:00:00",10611,14.07,100.118,3.454,23.46,29.08,25.17,73.68,245.1,9.57,0,25.53,26.83,0.032
"2021-08-27 17:00:00",10612,13.04,100.1018,3.482,21.21,26.76,23.88,81.2,84.7,3.816,0,23.21,24.43,0.031
"2021-08-27 18:00:00",10613,12.96,100.1829,3.149,10.04,25.42,22.76,80.9,3.881,0.47,0,22.23,22.75,0.031
"2021-08-27 19:00:00",10614,12.9,100.2397,2.403,6.437,25.13,22.56,83.6,0,0,0,22,22.14,0.031
"2021-08-27 20:00:00",10615,12.92,100.2803,2.334,11.89,22.17,22.41,83.6,0,0,0,21.88,22.07,0.031
"2021-08-27 21:00:00",10616,12.87,100.3533,2.33,13.51,29.89,22.61,83.6,0,0,0,21.9,22.15,0.031
"2021-08-27 22:00:00",10617,12.91,100.4913,0.77,331.2,52.41,22.61,88.1,0,0,0,21.29,21.98,0.031
"2021-08-27 23:00:00",10618,12.88,100.541,0.369,184.1,27.56,21.35,89.8,0,0,0,20.32,20.83,0.031
"2021-08-28 00:00:00",10619,12.85,100.5455,1.316,169.5,43.69,19.64,92.5,0,0,0,18.9,19.62,0.031
"2021-08-28 01:00:00",10620,12.85,100.5079,1.412,155.5,37.25,18.57,94.3,0,0,0,18.28,18.58,0.031
"2021-08-28 02:00:00",10621,12.85,100.5082,1.021,165,39.49,18.07,96.6,0,0,0,18.04,18.14,0.031
"2021-08-28 03:00:00",10622,12.84,100.4999,1.077,166.3,43.08,18.3,97.5,0,0,0,18.13,18.31,0.031
"2021-08-28 04:00:00",10623,12.82,100.5729,1.133,170,42.6,18.47,97.3,0,0,0,18.35,18.48,0.031
"2021-08-28 05:00:00",10624,12.8,100.612,1.191,169.6,42.24,18.85,96,0.003,0,0,18.65,18.9,0.031
"2021-08-28 06:00:00",10625,12.78,100.7182,1.644,177.8,48.25,18.91,96.2,0,0.001,0,18.78,18.89,0.031
"2021-08-28 07:00:00",10626,12.78,100.7994,1.363,172.6,42.77,19.02,94.3,24.15,1.118,0,18.8,19.03,0.031
"2021-08-28 08:00:00",10627,12.81,100.8731,1.306,166.7,40.57,19.85,89.6,64.61,2.842,0,19.52,20.04,0.03
"2021-08-28 09:00:00",10628,13.12,100.9863,1.878,167.4,48.04,20.93,82.5,159.1,7.253,0,20.63,21.37,0.03
"2021-08-28 10:00:00",10629,13.4,101.0756,2.703,171.9,45.33,20,83.8,130.5,6.504,0,19.61,20.64,0.03
"2021-08-28 11:00:00",10630,13.64,101.0675,2.93,174,46.75,18.86,77.05,254.1,12.12,0,19.16,19.96,0.03
"2021-08-28 12:00:00",10631,14.08,101.0271,2.753,166,46.52,18.38,77.44,230,11.43,0,19.2,19.52,0.031
"2021-08-28 13:00:00",10632,13.85,101.0376,3.173,170.6,47.39,18.38,80.6,243.5,11.86,0,18.3,19.54,0.031
"2021-08-28 14:00:00",10633,13.33,101.1047,3.009,177,47,17.23,79.34,100.1,5.138,0,17.49,18.05,0.031
"2021-08-28 15:00:00",10634,13.34,101.0436,2.944,178,51.05,16.36,81.7,117.4,5.689,0,16.8,17.23,0.03
"2021-08-28 16:00:00",10635,12.97,101.1813,3.386,172.7,47.32,14.41,85.1,22.76,1.227,0,14.23,15.13,0.03
"2021-08-28 17:00:00",10636,12.95,101.3851,3.415,185,46.22,12.5,89.6,3.705,0.299,0,12.05,13.12,0.03
"2021-08-28 18:00:00",10637,12.92,101.4581,3.024,182.6,50.86,10.85,90.6,0,0.013,0,10.64,11.39,0.03
"2021-08-28 19:00:00",10638,12.87,101.5671,3.336,186.8,47.59,9.94,89.2,0.017,0,0.254,10.15,10.32,0.03
"2021-08-28 20:00:00",10639,12.88,101.72,3.311,190.4,47.92,9.98,80.6,0.002,0,0,10.17,10.25,0.03
"2021-08-28 21:00:00",10640,12.85,101.7513,3.234,189.9,49.89,10.11,82.1,0,0,0,10.19,10.41,0.03
"2021-08-28 22:00:00",10641,12.82,101.8516,3.359,187.7,48.82,10.07,83.2,0,0,0,10.18,10.38,0.03
"2021-08-28 23:00:00",10642,12.81,101.8828,3.012,193.8,41.94,10.57,88.2,0,0,0,10.46,10.82,0.03
"2021-08-29 00:00:00",10643,12.81,101.8986,2.486,192.4,44.61,9.92,88.8,0.02,0,1.016,10.01,10.12,0.03
"2021-08-29 01:00:00",10644,12.78,101.8452,2.003,186.6,47.63,10.62,82.3,0.592,0,0,10.15,10.54,0.03
"2021-08-29 02:00:00",10645,12.75,101.8072,2.342,190.3,43.84,11.33,78.57,0.727,0,0,10.94,11.15,0.03
"2021-08-29 03:00:00",10646,12.7,101.8559,1.934,197,45.06,11.47,75.37,0.003,0,0,11.17,11.3,0.03
"2021-08-29 04:00:00",10647,12.71,101.8321,1.626,194.4,42.1,11.53,74.88,0,0,0,11.19,11.32,0.03
"2021-08-29 05:00:00",10648,12.67,101.864,1.698,195.2,42.2,11.84,75.35,0,0,0,11.33,11.59,0.03
"2021-08-29 06:00:00",10649,12.67,101.9127,1.783,190.5,49.7,12.05,69.22,0,0.002,0,11.5,11.67,0.03
"2021-08-29 07:00:00",10650,12.67,101.9452,1.819,195.2,45.12,12.06,59.53,37.51,2.026,0,11.41,11.68,0.03
"2021-08-29 08:00:00",10651,13.2,102.0426,2.412,186.8,44.38,14.14,49.69,248.1,9.62,0,12.53,14.32,0.03
"2021-08-29 09:00:00",10652,14.23,102.1185,3.145,186.9,45.33,16.37,45.19,471,19.56,0,15.89,17.17,0.03
"2021-08-29 10:00:00",10653,14.34,102.0818,3.125,178.5,47.08,18.32,46.49,657.6,29.03,0,18.54,19.67,0.03
"2021-08-29 11:00:00",10654,14.33,102.0332,2.969,174,49.45,19.76,47.74,782.2,36.2,0,20.52,21.52,0.03
"2021-08-29 12:00:00",10655,14.29,101.9439,3.03,164.9,50.02,20.47,50.39,840,39.87,0,21.86,22.57,0.03
"2021-08-29 13:00:00",10656,14.04,101.8465,2.927,157.7,44.3,20.78,49.25,793.6,38.08,0,21.55,23.1,0.03
"2021-08-29 14:00:00",10657,14.14,101.8222,2.652,156.6,43.05,20.78,53.66,694.7,33.16,0,21.59,23.09,0.03
"2021-08-29 15:00:00",10658,14.36,101.7572,2.393,157.2,45.57,20.62,52.19,610.8,27.8,0,21.96,22.65,0.03
"2021-08-29 16:00:00",10659,14.4,101.7897,2.667,147.2,34.66,19.84,54.86,404.7,17.44,0,20.19,21.23,0.03
"2021-08-29 17:00:00",10660,13.3,101.7602,2.138,151.9,37.52,18.4,64.06,147.1,6.91,0,17.47,18.6,0.03
"2021-08-29 18:00:00",10661,12.97,101.7911,0.963,165.1,38.19,16.57,71.85,8.55,0.775,0,16.34,16.77,0.03
"2021-08-29 19:00:00",10662,12.94,101.8311,0.336,186.3,23.99,15.53,77.46,0,0,0,15.66,16.06,0.03
"2021-08-29 20:00:00",10663,12.93,101.7991,0.005,207.5,0.928,13.3,89.4,0,0,0,11.77,13.18,0.03
"2021-08-29 21:00:00",10664,12.91,101.8397,0.191,207.4,12.02,12.56,88.9,0,0,0,11.61,11.79,0.03
"2021-08-29 22:00:00",10665,12.9,101.7747,0.189,199,14.26,12.35,91,0,0,0,10.81,11.49,0.03
"2021-08-29 23:00:00",10666,12.85,101.7558,0.07,184.8,16.95,11.35,94,0,0,0,9.84,10.79,0.03
"2021-08-30 00:00:00",10667,12.87,101.7277,0.427,215.5,31.37,10.62,94.3,0,0,0,9.76,10.66,0.03
"2021-08-30 01:00:00",10668,12.86,101.6542,0.719,202.2,34.1,10.76,93.7,0,0,0,10.65,10.88,0.03
"2021-08-30 02:00:00",10669,12.85,101.5787,0.509,248.9,29.47,9.74,94.7,0,0,0,9.87,10.19,0.03
"2021-08-30 03:00:00",10670,12.83,101.4837,0.276,252.7,20.54,9.46,93.5,0,0,0,9.78,9.83,0.03
"2021-08-30 04:00:00",10671,12.82,101.4175,0.207,246.2,18.54,9.59,94.6,0,0,0,9.72,9.81,0.03
"2021-08-30 05:00:00",10672,12.79,101.386,0.032,260.9,7.396,9.2,96.8,0,0,0,8.44,9.17,0.03
"2021-08-30 06:00:00",10673,12.78,101.3862,0.079,263.9,9.22,9.03,96,0,0.007,0,8.39,8.82,0.029
"2021-08-30 07:00:00",10674,12.77,101.3619,0.063,309.3,6.866,9.05,92.7,49.3,2.038,0,8.33,9.14,0.03
"2021-08-30 08:00:00",10675,13.45,101.377,0.977,336.3,22.88,13.28,73,241.6,9.1,0,11,13.97,0.029
"2021-08-30 09:00:00",10676,14.22,101.3279,1.985,336.5,26.65,17.95,62.19,456.5,18.49,0,16.93,19.84,0.029
"2021-08-30 10:00:00",10677,14.28,101.2217,3.052,350.1,30.36,20.49,54.79,637.8,27.76,0,22.03,23.43,0.029
"2021-08-30 11:00:00",10678,14.28,101.1162,3.498,355.7,32.96,22.12,49.85,763.6,34.54,0,24.33,25.49,0.03
"2021-08-30 12:00:00",10679,14.3,100.9863,3.395,348.3,29.04,23.65,42.81,820,37.73,0,26.54,27.66,0.03
"2021-08-30 13:00:00",10680,14.26,100.8393,3.102,349.2,31.6,25.05,39.25,803,36.59,0,28.51,29.37,0.03
"2021-08-30 14:00:00",10681,14.3,100.7383,2.86,1.995,28.3,25.97,37.24,715.9,31.86,0,28.97,30.13,0.03
"2021-08-30 15:00:00",10682,14.27,100.6758,3.257,17.04,31.12,24.79,57.46,558.4,22.82,0,26.39,28.35,0.03
"2021-08-30 16:00:00",10683,14.37,100.6698,3.62,23.4,28.14,22.98,62.57,363.6,13.67,0,24.16,25.25,0.03
"2021-08-30 17:00:00",10684,13.28,100.7104,3.671,23.55,29.73,21.21,71.69,133,5.45,0,20.67,21.83,0.03
"2021-08-30 18:00:00",10685,12.97,100.7366,2.56,21.81,23.42,19.73,78.85,8.26,0.695,0,19.17,19.87,0.03
"2021-08-30 19:00:00",10686,12.95,100.7743,1.443,15.03,21.26,18.91,83.8,0,0,0,18.32,18.68,0.03
"2021-08-30 20:00:00",10687,12.93,100.8651,0.791,20.12,20.2,18.37,89.1,0,0,0,17.19,17.93,0.03
"2021-08-30 21:00:00",10688,12.92,100.871,0.207,11.54,12.54,17.43,93.7,0,0,0,15.81,16.5,0.03
"2021-08-30 22:00:00",10689,12.91,100.8896,0.133,321.5,13.16,16.99,95.4,0,0,0,15.42,16.06,0.03
"2021-08-30 23:00:00",10690,12.87,100.8736,0.256,321.1,9.69,16.81,96.4,0,0,0,15.24,15.76,0.03
"2021-08-31 00:00:00",10691,12.88,100.8492,0.271,330.1,10.9,16.98,97.7,0,0,0,15.65,15.92,0.03
"2021-08-31 01:00:00",10692,12.87,100.8,0.239,327.8,8.88,16.81,98.9,0,0,0,15.73,15.93,0.03
"2021-08-31 02:00:00",10693,12.82,100.7275,0.016,314.6,2.935,16.16,100,0,0,0,13.96,14.71,0.03
"2021-08-31 03:00:00",10694,12.81,100.662,0.808,323.3,16.98,16.38,100,0,0,0,15.07,15.88,0.03
"2021-08-31 04:00:00",10695,12.82,100.6058,0.295,324.3,13.86,15.52,100,0,0,0,13.77,15.02,0.03
"2021-08-31 05:00:00",10696,12.79,100.6301,0,0,0,14.8,100,0,0,0,12.46,13.33,0.03
"2021-08-31 06:00:00",10697,12.74,100.687,0.324,324.8,10.85,14.6,98.8,0,0.009,0,12.17,13.17,0.03
"2021-08-31 07:00:00",10698,12.77,100.6951,0.653,334.7,13.09,15.21,96.6,44.85,2.061,0,13.64,14.53,0.03
"2021-08-31 08:00:00",10699,13.38,100.7318,1.513,334.9,21.14,17.68,83.8,231.9,9.14,0,16.05,17.68,0.03
"2021-08-31 09:00:00",10700,14.19,100.7185,2.321,343.7,27.57,20.5,64.94,467.7,18.92,0,19.03,21.81,0.03
"2021-08-31 10:00:00",10701,14.28,100.7023,2.128,341.1,27.96,23.58,53.77,651.5,28.36,0,24.26,26.41,0.03
"2021-08-31 11:00:00",10702,14.19,100.6258,1.897,345.7,31.95,26.63,35.01,772.7,34.73,0,28,30.07,0.03
"2021-08-31 12:00:00",10703,14.18,100.5119,1.809,346.3,37.93,29.76,27.7,828,37.67,0,32.05,33.55,0.03
"2021-08-31 13:00:00",10704,14.17,100.4052,1.762,4.666,35.42,31.81,22.88,805,36.03,0,34.62,35.78,0.03
"2021-08-31 14:00:00",10705,14.17,100.4067,2.559,40.56,31.23,30.62,45.56,708.5,30.47,0,32.74,34.25,0.03
"2021-08-31 15:00:00",10706,14.24,100.3796,2.821,31.72,30.98,28.32,55.78,566.1,23.69,0,30.73,31.73,0.03
"2021-08-31 16:00:00",10707,14.29,100.4337,2.999,33.09,25.86,26.39,66.92,359.6,13.7,0,26.81,28.88,0.03
"2021-08-31 17:00:00",10708,13.23,100.4994,2.478,28.69,29.82,24.3,76.11,134.4,5.294,0,23.59,24.95,0.03
"2021-08-31 18:00:00",10709,12.96,100.5562,1.64,24.86,24.56,22.38,86.1,8.4,0.671,0,21.69,22.59,0.03
"2021-08-31 19:00:00",10710,12.94,100.6554,0.723,28.29,19.27,21.06,91.3,0,0,0,20.37,21.06,0.03
"2021-08-31 20:00:00",10711,12.91,100.7505,0.229,15.24,10.3,20.05,95.5,0,0,0,19.23,19.56,0.03
"2021-08-31 21:00:00",10712,12.91,100.8644,0.304,352.2,47.46,19.77,96.4,0,0,0,17.72,18.9,0.03
"2021-08-31 22:00:00",10713,12.9,101.003,0.637,190,28.41,18.87,97.9,0,0,0,17.24,18.21,0.03
"2021-08-31 23:00:00",10714,12.87,101.1326,1.215,178.3,41.21,18.91,94.5,0,0,0,18.39,18.92,0.03
"2021-09-01 00:00:00",10715,12.88,101.1895,1.551,166.7,44.49,19.08,89,0,0,0,18.39,18.87,0.03
"2021-09-01 01:00:00",10716,12.84,101.1963,1.843,167.9,44.61,19.33,86.7,0,0,0,18.86,19.16,0.03
"2021-09-01 02:00:00",10717,12.82,101.2055,1.886,182,46.71,18.8,86.4,0,0,0,18.41,18.59,0.03
"2021-09-01 03:00:00",10718,12.84,101.2059,1.737,185.1,48.34,18.54,86,0,0,0,18.18,18.29,0.03
"2021-09-01 04:00:00",10719,12.8,101.2546,1.89,181.9,47.2,18.68,85.6,0,0,0,18.3,18.47,0.03
"2021-09-01 05:00:00",10720,12.82,101.3338,1.554,170.4,44.35,19.2,85.3,0,0,0,18.85,19.14,0.03
"2021-09-01 06:00:00",10721,12.8,101.4185,2.009,156.2,43.15,20.07,79.43,0.002,0,0,19.34,19.91,0.03
"2021-09-01 07:00:00",10722,12.79,101.5301,2.187,155.3,38.8,20.46,78.99,9.03,0.579,0,20.19,20.32,0.03
"2021-09-01 08:00:00",10723,12.79,101.5869,2.375,146.9,31.52,20.46,74.16,87.2,4.66,0,19.56,20.37,0.029
"2021-09-01 09:00:00",10724,13.46,101.6518,2.521,147.4,34.22,21.6,70.32,224.8,11.56,0,21.55,22.1,0.029
"2021-09-01 10:00:00",10725,13.53,101.6923,2.53,146.2,33.6,21.7,74.61,215,11.75,0,21.62,22.41,0.029
"2021-09-01 11:00:00",10726,13.76,101.6842,2.392,145.5,34.3,22.01,68.05,313,16.49,0,22.11,22.94,0.03
"2021-09-01 12:00:00",10727,14.12,101.6599,2.271,128.3,37.95,23.19,69.37,422.2,22.41,0,23.72,24.78,0.03
"2021-09-01 13:00:00",10728,13.99,101.5787,2.157,136.6,36.01,22.87,65.45,374.1,19.88,0,23.11,24.36,0.03
"2021-09-01 14:00:00",10729,14.22,101.5381,2.3,137.9,34.92,23.51,64.68,510.1,25.65,0,24.67,25.38,0.03
"2021-09-01 15:00:00",10730,14.19,101.5219,1.999,122.4,39.23,23.35,64.61,413.6,18.95,0,24.12,25.03,0.03
"2021-09-01 16:00:00",10731,14.12,101.5381,1.92,126.1,36.81,23.03,68.99,316.2,13.48,0,23.73,24.41,0.03
"2021-09-01 17:00:00",10732,13.34,101.5625,1.494,114.2,34.62,21.44,76.18,85.2,4.575,0,21.6,22.28,0.03
"2021-09-01 18:00:00",10733,12.95,101.5949,0.871,113.6,33.1,20.4,80.8,10.2,0.627,0,19.86,20.68,0.03
"2021-09-01 19:00:00",10734,12.95,101.6327,0.153,119.5,17.63,19.28,83.2,0,0,0,18.91,19.28,0.03
"2021-09-01 20:00:00",10735,12.9,101.6437,0.036,147.2,7.235,18.72,86.2,0,0,0,17.14,18.2,0.03
"2021-09-01 21:00:00",10736,12.89,101.6652,0.005,178.5,2.234,17.67,91.6,0,0,0,15.72,16.27,0.03
"2021-09-01 22:00:00",10737,12.9,101.6611,0.005,221.7,2.063,16.95,94.7,0,0,0,15.41,15.65,0.029
"2021-09-01 23:00:00",10738,12.87,101.6343,0.012,212.5,2.876,17.13,93,0,0,0,15.92,16.7,0.029
"2021-09-02 00:00:00",10739,12.87,101.5799,0,0,0,16.04,96.5,0,0,0,14.71,15.58,0.029
"2021-09-02 01:00:00",10740,12.83,101.5799,0.06,223,9.79,15.45,96.4,0,0,0,14.57,15.22,0.029
"2021-09-02 02:00:00",10741,12.82,101.5474,0.662,222.3,24.21,16.19,94.8,0,0,0,16.04,16.18,0.029
"2021-09-02 03:00:00",10742,12.81,101.4824,0.441,223.9,22.4,16.12,95.5,0,0,0,15.83,16.14,0.029
"2021-09-02 04:00:00",10743,12.8,101.4744,0.008,129.4,14.02,15.27,97.8,0,0,0,15.22,15.58,0.029
"2021-09-02 05:00:00",10744,12.8,101.4825,0.027,248.1,11.8,15.63,94.7,0.606,0,0,15.22,15.99,0.029
"2021-09-02 06:00:00",10745,12.75,101.5251,0.118,237.2,15.01,16.73,93.1,0.181,0,0,16.55,16.89,0.029
"2021-09-02 07:00:00",10746,12.77,101.5569,0.012,301.5,11.76,16.99,94.5,21.31,1.056,0,17.15,17.37,0.029
"2021-09-02 08:00:00",10747,12.86,101.5516,0.058,34.33,4.969,18.03,85.6,159.6,7.055,0,17.72,18.91,0.029
"2021-09-02 09:00:00",10748,13.93,101.5544,1.695,2.322,25.2,21.71,73.61,420.3,16.53,0,21.12,23.72,0.029
"2021-09-02 10:00:00",10749,14.1,101.5057,3.558,1.436,30.95,24.47,58.3,596.6,25.04,0,25.77,26.87,0.029
"2021-09-02 11:00:00",10750,14.08,101.4067,3.405,357,29.79,25.9,53.55,717,31.17,0,27.48,29.01,0.029
"2021-09-02 12:00:00",10751,14.03,101.2605,3.555,6.084,28.83,26.8,52.79,709,32.35,0,29.32,30.1,0.03
"2021-09-02 13:00:00",10752,14.1,101.1123,3.913,7.598,35.43,27.65,58.92,763.9,32.67,0,29.84,31.33,0.03
"2021-09-02 14:00:00",10753,14.32,101.016,4.137,24.75,35.73,26.22,63.74,686.6,28.93,0,29,29.63,0.03
"2021-09-02 15:00:00",10754,14.35,100.9374,4.062,26.78,28.94,25.36,68.83,543.6,21.88,0,27.11,28.37,0.03
"2021-09-02 16:00:00",10755,14.36,100.9214,4.23,25.65,29.47,24.3,70.87,343.9,12.53,0,25.05,26.32,0.03
"2021-09-02 17:00:00",10756,13.29,100.9214,3.71,23.97,27.17,22.7,80.7,124.4,4.307,0,22.37,23.42,0.03
"2021-09-02 18:00:00",10757,12.94,100.9538,3.091,22.47,26.1,21.33,87.4,8.67,0.548,0,21.12,21.63,0.03
"2021-09-02 19:00:00",10758,12.94,101.003,2.901,18.61,26.79,20.79,89.7,0,0,0,20.65,20.84,0.03
"2021-09-02 20:00:00",10759,12.92,101.0449,2.921,21.29,27.64,20.67,89.6,0,0,0,20.47,20.56,0.03
"2021-09-02 21:00:00",10760,12.91,101.0942,2.816,14.95,26.99,20.64,90.3,0,0,0,20.15,20.4,0.029
"2021-09-02 22:00:00",10761,12.91,101.1039,1.505,359.2,25.39,20.02,92.1,0,0,0,19.15,19.64,0.03
"2021-09-02 23:00:00",10762,12.9,101.1078,0.626,355.9,19.2,19.19,95.4,0,0,0,18.26,18.66,0.029
"2021-09-03 00:00:00",10763,12.88,101.1244,0.559,357.8,18.97,19.12,96.2,0,0,0,17.99,18.4,0.029
"2021-09-03 01:00:00",10764,12.84,101.1008,0.193,343,13.95,18.49,97.8,0,0,0,17.48,17.71,0.029
"2021-09-03 02:00:00",10765,12.85,101.0518,0.509,328,18.7,17.87,99,0,0,0,17.28,17.74,0.029
"2021-09-03 03:00:00",10766,12.84,100.9898,0.404,345.7,13.27,17.55,100,0,0,0,16.81,17.12,0.029
"2021-09-03 04:00:00",10767,12.83,100.9794,0.6,355.2,18.21,18.18,99.5,0,0,0,17.24,17.57,0.029
"2021-09-03 05:00:00",10768,12.8,101.0024,0.885,356.4,20.88,18.16,98.3,0,0,0,17.3,17.58,0.029
"2021-09-03 06:00:00",10769,12.78,101.0518,1.463,1.13,22.48,18.23,96,0,0.015,0,17.57,17.71,0.029
"2021-09-03 07:00:00",10770,12.78,101.1166,1.554,3.357,23.89,18.39,93.5,45.43,1.755,0,17.57,17.88,0.029
"2021-09-03 08:00:00",10771,13.17,101.1652,2.22,3.263,26.92,19.98,84.4,214.2,7.249,0,18.52,19.98,0.029
"2021-09-03 09:00:00",10772,14.06,101.173,2.981,356.9,30.69,22.16,72.95,417.3,15.06,0,21.62,23.55,0.029
"2021-09-03 10:00:00",10773,14.26,101.0999,3.229,359.3,32,24.45,64,594,23.08,0,25.19,26.95,0.029
"2021-09-03 11:00:00",10774,14.26,100.9984,3.081,7.358,30.34,26.56,56.81,710.2,28.28,0,28.54,29.6,0.029
"2021-09-03 12:00:00",10775,14.25,100.8834,3.557,8.32,30.55,27.79,53.05,764.8,30.96,0,29.51,31.12,0.029
"2021-09-03 13:00:00",10776,14.26,100.7631,3.585,19.81,31.94,27.82,65.08,753.6,30.49,0,30.39,31.44,0.029
"2021-09-03 14:00:00",10777,14.31,100.6572,4.057,19.77,28.42,26.51,66.39,675.5,26.43,0,29.29,29.93,0.03
"2021-09-03 15:00:00",10778,14.32,100.6359,3.419,24.31,28.89,26.47,70.94,538,20.2,0,28.86,29.69,0.03
"2021-09-03 16:00:00",10779,14.32,100.6285,3.075,30,27.08,25.9,71.16,347.6,12.22,0,27.58,28.19,0.03
"2021-09-03 17:00:00",10780,13.29,100.6617,2.624,28.55,27.81,24.57,81.1,141.7,5.107,0,23.63,25.32,0.03
"2021-09-03 18:00:00",10781,12.96,100.6942,2.372,23.49,27.91,22.15,88.8,9.16,0.685,0,21.67,22.51,0.029
"2021-09-03 19:00:00",10782,12.91,100.751,2.232,22.93,25.09,21.16,94.1,0,0,0,21,21.3,0.03
"2021-09-03 20:00:00",10783,12.91,100.8183,1.804,18.31,23.75,20.76,95.5,0,0,0,20.58,20.76,0.029
"2021-09-03 21:00:00",10784,12.9,100.8679,1.428,13.13,24.75,20.7,95,0,0,0,19.98,20.44,0.029
"2021-09-03 22:00:00",10785,12.86,100.9204,0.187,345.4,10.23,19.8,97,0,0,0,17.5,19.03,0.029
"2021-09-03 23:00:00",10786,12.89,100.8887,0.245,4.825,12.14,18.76,98.4,0,0,0,17.26,17.9,0.029
"2021-09-04 00:00:00",10787,12.84,100.8824,0.145,312.1,12.4,18.05,98.4,0,0,0,16.63,17.14,0.029
"2021-09-04 01:00:00",10788,12.81,100.8608,0.475,307.8,16.63,17.71,97.9,0,0,0,16.3,16.99,0.029
"2021-09-04 02:00:00",10789,12.82,100.9521,0.653,231.4,50.97,17.39,99.4,0,0,0,16.74,17.13,0.029
"2021-09-04 03:00:00",10790,12.82,100.8969,0.149,177,16.35,16.71,100,0,0,0,15.34,16.55,0.029
"2021-09-04 04:00:00",10791,12.8,100.8898,0.028,201.2,4.763,16.83,100,0,0,0,15.07,15.6,0.029
"2021-09-04 05:00:00",10792,12.8,101.0574,0.73,178.4,37.31,16.82,100,0,0,0,15.63,16.68,0.029
"2021-09-04 06:00:00",10793,12.76,101.1387,0.584,170.1,32,16.99,100,0.071,0.021,0,16.8,17.01,0.029
"2021-09-04 07:00:00",10794,12.71,101.2632,0.713,177.6,34.73,17.66,100,30.56,1.553,0,17.19,17.79,0.029
"2021-09-04 08:00:00",10795,12.87,101.3412,1.139,181.6,40.37,19.16,96.1,116.8,5.178,0,18.57,19.35,0.029
"2021-09-04 09:00:00",10796,13.6,101.4245,1.9,166.5,44.72,21.44,82.3,299.7,12.86,0,20.1,21.52,0.029
"2021-09-04 10:00:00",10797,14.15,101.4408,1.994,161.7,46.36,23.05,75.17,357.3,17.54,0,22.77,23.94,0.029
"2021-09-04 11:00:00",10798,14.15,101.4148,2.671,155.6,42.62,24.98,65.86,665,29.48,0,25.03,26.72,0.029
"2021-09-04 12:00:00",10799,14.12,101.3582,2.379,146,40.84,25.47,64.3,533.6,25.04,0,26.02,27.42,0.029
"2021-09-04 13:00:00",10800,14.15,101.2811,1.891,145,35.08,26.37,55.03,546.4,24.61,0,27.01,28.17,0.029
"2021-09-04 14:00:00",10801,14.09,101.1858,1.748,132.1,38.35,26.94,63.98,633.8,26.87,0,28.53,29.15,0.029
"2021-09-04 15:00:00",10802,14.21,101.1524,1.842,123.1,37.78,26.03,73.75,526.6,21.89,0,26.64,28.06,0.029
"2021-09-04 16:00:00",10803,14.29,101.1321,1.608,116.7,38.39,24.48,76.85,336.3,13.26,0,24.94,26.05,0.029
"2021-09-04 17:00:00",10804,13.36,101.1324,1.69,84.5,25.22,22.88,85.3,134.4,5.402,0,22.41,23.54,0.029
"2021-09-04 18:00:00",10805,12.96,101.0918,0.915,66.19,13.48,20.96,93.7,10.23,0.726,0,20.55,21.5,0.029
"2021-09-04 19:00:00",10806,12.94,101.1236,0.027,67.19,1.586,19.34,97.4,0,0,0,17.99,19.04,0.029
"2021-09-04 20:00:00",10807,12.92,101.1819,0.005,307.7,0.647,18.53,99.2,0,0,0,17.45,17.75,0.029
"2021-09-04 21:00:00",10808,12.9,101.1818,0.06,316,5.668,18.59,99.6,0,0,0,17.7,18.2,0.029
"2021-09-04 22:00:00",10809,12.89,101.1903,0.107,285.2,9.11,18.21,100,0,0,0,17.3,17.71,0.029
"2021-09-04 23:00:00",10810,12.89,101.1057,0.763,318.7,24.81,18.8,100,0.006,0,0,18.17,19.07,0.029
"2021-09-05 00:00:00",10811,12.88,101.1254,1.903,344,27.19,20.15,98,0,0,0,20.15,20.3,0.029
"2021-09-05 01:00:00",10812,12.84,101.0687,2.043,348.4,25.15,20.52,95.5,0,0,0,20.35,20.45,0.029
"2021-09-05 02:00:00",10813,12.87,101.0107,2.119,349.5,28.38,20.9,92.5,0,0,0,20.58,20.79,0.029
"2021-09-05 03:00:00",10814,12.85,100.9863,1.607,335.9,25.7,21.1,92.7,0,0,0,20.97,21.07,0.029
"2021-09-05 04:00:00",10815,12.84,100.9794,0.776,335.5,16.92,20.39,96.6,0,0,0,18.89,20.05,0.029
"2021-09-05 05:00:00",10816,12.81,100.9541,0.002,337.4,0,18.79,99.6,0,0,0,16.81,17.73,0.029
"2021-09-05 06:00:00",10817,12.79,100.9954,0.095,13.32,6.284,17.85,100,0.677,0.021,0,16.26,16.95,0.029
"2021-09-05 07:00:00",10818,12.77,101.0741,0.544,14.42,18.61,18.54,100,52.16,1.832,0,17.98,18.8,0.029
"2021-09-05 08:00:00",10819,13.1,101.0838,1.662,7.721,26.65,20.4,88.3,250,8.33,0,19.76,21.38,0.029
"2021-09-05 09:00:00",10820,14.07,101.0512,2.355,10.93,27.65,23.29,78.37,428.1,16.21,0,23.43,25.32,0.028
"2021-09-05 10:00:00",10821,14.22,101.0248,2.235,5.996,28.36,26.18,67.5,601.3,24.32,0,26.89,29.03,0.029
"2021-09-05 11:00:00",10822,14.19,100.9317,2.466,0.016,32.71,29.16,48.52,723.4,30.52,0,30.52,32.48,0.029
"2021-09-05 12:00:00",10823,14.13,100.803,3.076,357.2,33.47,32.23,40.8,776.7,33.03,0,34.16,35.61,0.029
"2021-09-05 13:00:00",10824,14.07,100.7443,3.211,19.21,32.47,32.48,54.42,743.5,31.63,0,34.98,36.04,0.029
"2021-09-05 14:00:00",10825,14.2,100.6716,3.233,26.77,27.03,31.22,57.27,669.8,27.17,0,34.11,34.85,0.029
"2021-09-05 15:00:00",10826,14.2,100.6825,3.189,29.12,30.09,29.41,66.12,500.6,18.93,0,30.29,32.79,0.029
"2021-09-05 16:00:00",10827,14.08,100.6697,3.106,30.44,26.73,26.22,76.11,200.2,8.87,0,26.74,28.12,0.029
"2021-09-05 17:00:00",10828,13.07,100.6942,2.339,22.07,28.04,24.48,81,69.79,3.401,0,24.67,25.66,0.029
"2021-09-05 18:00:00",10829,12.95,100.6536,2.291,23.82,25.05,23.46,83.4,4.504,0.26,0,23.58,24.08,0.029
"2021-09-05 19:00:00",10830,12.93,100.6861,2.426,20.57,22.95,23.03,82.3,0,0,0,22.74,23.11,0.029
"2021-09-05 20:00:00",10831,12.89,100.776,2.751,14.52,26.43,23.34,82.4,0,0,0,22.78,22.91,0.029
"2021-09-05 21:00:00",10832,12.91,100.8646,2.427,3.637,27.29,22.59,85,0,0,0,21.74,22.28,0.029
"2021-09-05 22:00:00",10833,12.9,100.8405,1.454,341.9,22.28,22.04,85.5,0,0,0,20.65,21.28,0.029
"2021-09-05 23:00:00",10834,12.89,100.869,1.13,320.6,19.27,21.25,88.5,0,0,0,20.16,20.51,0.029
"2021-09-06 00:00:00",10835,12.88,100.8975,0.042,276.8,5.832,19.5,95,0,0,0,17.37,18.59,0.029
"2021-09-06 01:00:00",10836,12.85,100.9286,0.027,168.3,6.385,17.59,99.1,0,0,0,16.15,16.56,0.029
"2021-09-06 02:00:00",10837,12.82,101.0039,0.833,166.2,39.27,18.58,95.3,0,0,0,16.52,18.43,0.028
"2021-09-06 03:00:00",10838,12.83,100.9711,0.481,164.9,27.47,18.71,96.4,0,0,0,18.29,18.58,0.028
"2021-09-06 04:00:00",10839,12.81,101.0356,0.712,177,38.62,18.45,99.1,0,0,0,18.26,18.51,0.029
"2021-09-06 05:00:00",10840,12.79,101.1059,0.984,172.7,40.63,19.37,97.1,0,0,0,19.1,19.4,0.028
"2021-09-06 06:00:00",10841,12.77,101.139,0.36,158.1,25.37,19.19,98.2,0.216,0.013,0,19.07,19.15,0.028
"2021-09-06 07:00:00",10842,12.77,101.1788,0.289,172.3,23.11,19.32,97.3,37.94,1.551,0,19.11,19.42,0.028
"2021-09-06 08:00:00",10843,13.03,101.2225,0.854,148.8,31.14,20.84,86.2,169.2,6.671,0,20.03,21.09,0.028
"2021-09-06 09:00:00",10844,13.58,101.2054,1.343,141,33.66,22.97,80.8,252.5,10.51,0,22.78,23.82,0.028
"2021-09-06 10:00:00",10845,13.2,101.319,1.37,168.8,43.97,22.24,82.5,88.3,4.51,0,22.21,22.81,0.028
"2021-09-06 11:00:00",10846,13.76,101.246,1.812,160.1,42.78,24.04,70.19,545,24.11,0,22.92,25.6,0.028
"2021-09-06 12:00:00",10847,14.04,101.1688,1.805,156,42.87,25.74,64.11,620.8,26.39,0,26.33,27.85,0.029
"2021-09-06 13:00:00",10848,14.02,101.0731,1.963,140.9,37.37,25.89,67.12,482.5,22.68,0,26.75,27.98,0.029
"2021-09-06 14:00:00",10849,14.16,101.0013,1.997,142,31.96,25.82,67.85,474,22.08,0,27.05,27.71,0.029
"2021-09-06 15:00:00",10850,14.18,100.9684,2.016,139.6,36.3,25.6,74.42,450.3,19.39,0,26.67,27.5,0.029
"2021-09-06 16:00:00",10851,14.12,100.9781,2.013,138.4,37.96,24.21,78.8,276.5,11.42,0,24.73,25.63,0.029
"2021-09-06 17:00:00",10852,13.27,101.035,1.953,142.6,33.31,23.03,86.2,114.2,4.765,0,22.79,23.85,0.029
"2021-09-06 18:00:00",10853,12.97,101.108,2.117,149,30.38,21.6,89.5,9.34,0.556,0,21.62,22.09,0.029
"2021-09-06 19:00:00",10854,12.94,101.1907,1.288,149.2,31.1,20.7,93.8,0,0,0,20.64,20.95,0.029
"2021-09-06 20:00:00",10855,12.93,101.238,1.777,148.1,33.74,20.96,89,0,0,0,20.75,21.12,0.029
"2021-09-06 21:00:00",10856,12.92,101.3193,1.41,151.9,34.98,20.84,90.8,0,0,0,21,21.09,0.029
"2021-09-06 22:00:00",10857,12.91,101.3704,1.106,175,42.33,20.07,94.5,0,0,0,19.72,20.45,0.029
"2021-09-06 23:00:00",10858,12.89,101.42,1.278,177.9,42.07,19.35,92.2,0,0,0,19.23,19.55,0.029
"2021-09-07 00:00:00",10859,12.88,101.4069,1.162,178.8,44.15,19.1,93.1,0,0,0,19.18,19.27,0.028
"2021-09-07 01:00:00",10860,12.87,101.3876,0.784,181,40.52,19.17,92.3,0,0,0,19.17,19.42,0.028
"2021-09-07 02:00:00",10861,12.86,101.3733,0.857,196.2,31.55,18.78,93.7,0,0,0,18.87,19.2,0.028
"2021-09-07 03:00:00",10862,12.84,101.3567,1.241,192.6,42.7,18.23,94.3,0,0,0,18.48,18.67,0.028
"2021-09-07 04:00:00",10863,12.82,101.3923,1.385,196,35.12,17.95,94.7,0,0,0,18.31,18.42,0.028
"2021-09-07 05:00:00",10864,12.8,101.4329,1.359,192.8,39.55,17.79,98.5,0,0,0,18.17,18.25,0.028
"2021-09-07 06:00:00",10865,12.78,101.482,1.045,195.5,39.08,17.62,99.5,0.021,0.006,0,18.01,18.12,0.028
"2021-09-07 07:00:00",10866,12.76,101.4576,1.375,194.3,36.13,17.43,99.5,6.711,0.393,0.254,17.73,17.87,0.028
"2021-09-07 08:00:00",10867,12.76,101.5882,1.359,196.8,43.25,17.02,99,31.99,1.566,0,17.28,17.5,0.028
"2021-09-07 09:00:00",10868,12.98,101.5956,1.689,186.8,43.08,17.23,96.9,126.5,6.218,0,17.66,17.83,0.028
"2021-09-07 10:00:00",10869,13.32,101.6604,1.798,184.2,46.13,17.39,93,157,8.51,0,17.67,18.01,0.028
"2021-09-07 11:00:00",10870,13.49,101.648,1.829,189.4,46.08,18.23,90.6,132,7.422,0,18.32,18.72,0.028
"2021-09-07 12:00:00",10871,13.58,101.5585,1.796,183.9,45.5,18.38,92.6,175.2,9.68,0,18.71,19.1,0.028
"2021-09-07 13:00:00",10872,13.55,101.5641,1.839,188.1,47.35,18.59,92.9,150.5,8.52,0,18.88,19.46,0.028
"2021-09-07 14:00:00",10873,13.16,101.6112,1.861,186.8,47.94,17.6,96.2,60.18,3.649,0,17.5,18.24,0.028
"2021-09-07 15:00:00",10874,13.08,101.5963,1.76,191.4,44.41,16.73,98.7,46.72,2.793,0,17.02,17.29,0.028
"2021-09-07 16:00:00",10875,13.15,101.5964,1.681,191.3,43.87,16.71,97,65.95,3.725,0,17.06,17.22,0.028
"2021-09-07 17:00:00",10876,12.99,101.6875,1.587,192.9,44.95,16.74,99.3,29.75,1.533,0.254,16.9,17.21,0.028
"2021-09-07 18:00:00",10877,12.97,101.7064,1.592,188.4,45.64,16.23,99.4,3.296,0.238,0,16.32,16.69,0.028
"2021-09-07 19:00:00",10878,12.93,101.7259,1.649,187.3,49.54,15.56,99.8,0,0,0.254,15.74,16.02,0.028
"2021-09-07 20:00:00",10879,12.85,101.8153,1.919,191.4,42.17,15.11,100,0,0,1.016,15.43,15.55,0.028
"2021-09-07 21:00:00",10880,12.88,101.8884,1.784,191.1,44.92,14.81,100,0,0,2.794,15,15.25,0.028
"2021-09-07 22:00:00",10881,12.85,101.8884,1.568,180.6,43.6,14.46,100,0,0,1.524,14.9,14.96,0.028
"2021-09-07 23:00:00",10882,12.82,101.9371,1.331,195,38.48,14.45,100,0,0,2.286,14.88,14.95,0.029
"2021-09-08 00:00:00",10883,12.79,101.8884,0.962,192.4,39.19,14.43,100,0,0,1.778,14.86,14.92,0.034
"2021-09-08 01:00:00",10884,12.76,101.8884,1.095,212.9,30.85,14.74,100,0,0,1.27,15.02,15.22,0.047
"2021-09-08 02:00:00",10885,12.72,101.8225,1.086,193.9,37.78,14.73,100,0,0,0.762,15.13,15.2,0.06
"2021-09-08 03:00:00",10886,12.72,101.8152,1.122,205.8,32.63,14.51,100,0.151,0,0,14.88,15,0.071
"2021-09-08 04:00:00",10887,12.71,101.7901,1.279,192.3,36.48,14.39,100,0.027,0,1.27,14.8,14.86,0.075
"2021-09-08 05:00:00",10888,12.71,101.7667,1.279,190,42.81,14.39,100,0.045,0,0.254,14.82,14.87,0.079
"2021-09-08 06:00:00",10889,12.63,101.791,1.295,187.3,39.97,14.37,100,0.08,0.001,0,14.78,14.82,0.08
"2021-09-08 07:00:00",10890,12.72,101.9127,1.17,205.3,32.8,14.49,100,16.92,1.095,0.254,14.84,14.96,0.08
"2021-09-08 08:00:00",10891,12.72,101.9614,1.146,209.9,32.54,14.71,100,76.8,4.252,0.762,15.01,15.32,0.08
"2021-09-08 09:00:00",10892,13.09,102.0182,1.067,209.6,32.87,15.11,100,131.1,6.982,0.762,15.47,15.86,0.081
"2021-09-08 10:00:00",10893,13.54,101.9848,1.315,190.9,40.5,16.41,94.6,411.6,20.15,0.254,16.21,17.32,0.083
"2021-09-08 11:00:00",10894,14.11,101.9601,1.666,189.2,41.43,19.31,85,588.7,28.68,0,19.12,20.23,0.084
"2021-09-08 12:00:00",10895,13.99,101.8627,1.324,163,42.54,20.1,80.9,387,20.91,0,20.28,21.22,0.083
"2021-09-08 13:00:00",10896,14.1,101.7816,1.189,149.9,36.96,21.04,73.65,428.8,22.58,0,21.39,22.31,0.082
"2021-09-08 14:00:00",10897,13.88,101.7004,1.122,140.9,31.06,20.79,84.8,238.2,13.89,0,20.75,21.92,0.081
"2021-09-08 15:00:00",10898,14.12,101.6599,1.077,146,29.81,20.13,81.6,276.7,15.16,0,20.61,21.29,0.081
"2021-09-08 16:00:00",10899,14.01,101.6355,0.798,133.5,33.62,20.41,82.3,182.2,10.13,0,20.9,21.32,0.08
"2021-09-08 17:00:00",10900,13.49,101.6193,0.464,107.3,27.42,20.11,83.9,113.2,5.099,0,20.44,20.81,0.079
"2021-09-08 18:00:00",10901,13.02,101.6355,0.012,80.3,1.892,19.31,90.9,15.16,0.719,0,19.1,19.88,0.078
"2021-09-08 19:00:00",10902,12.98,101.6603,0,0,0,17.28,97.1,0,0,0,16.89,17.98,0.078
"2021-09-08 20:00:00",10903,12.96,101.7419,0.001,39.62,0,15.73,99.9,0,0,0,15.89,16.35,0.077
"2021-09-08 21:00:00",10904,12.94,101.7666,0,0,0,15.79,100,0,0,0,15.45,15.62,0.077
"2021-09-08 22:00:00",10905,12.93,101.7828,0,0,0,15.61,100,0,0,0,15.22,15.31,0.076
"2021-09-08 23:00:00",10906,12.92,101.7747,0.002,220.9,0.44,15.56,100,0.011,0,0,15.13,15.52,0.076
"2021-09-09 00:00:00",10907,12.91,101.7735,0.003,243.5,0.137,16.41,100,0.061,0,0,16.41,17.02,0.076
"2021-09-09 01:00:00",10908,12.9,101.726,0,0,0,15.87,99.9,0,0,0,14.96,15.93,0.075
"2021-09-09 02:00:00",10909,12.89,101.6692,0.018,225.9,5.501,14.97,100,0,0,0,14.5,14.82,0.075
"2021-09-09 03:00:00",10910,12.87,101.6448,0.006,223.7,2.3,14.54,100,0,0,0,14.28,14.81,0.075
"2021-09-09 04:00:00",10911,12.86,101.6611,0,0,0,13.37,100,0,0,0,13.18,13.71,0.075
"2021-09-09 05:00:00",10912,12.83,101.7179,0,0,0,12.65,100,0,0,0,12.8,12.94,0.074
"2021-09-09 06:00:00",10913,12.82,101.791,0,0,0,12.77,100,0.53,0.062,0,12.46,12.63,0.074
"2021-09-09 07:00:00",10914,12.81,101.8965,0,0,0,14.2,100,75.03,3.1,0,12.5,14.36,0.074
"2021-09-09 08:00:00",10915,13.49,101.9858,0.154,233.8,24.42,18.62,86.9,308.4,11.29,0,17.08,18.78,0.073
"2021-09-09 09:00:00",10916,14.04,102.0575,0.516,335.4,46.56,21.96,74.44,444.6,19.52,0,20.37,22.63,0.073
"2021-09-09 10:00:00",10917,14.04,102.09,0.514,93.4,51.93,22.69,67.14,357,20.39,0,23.06,23.6,0.073
"2021-09-09 11:00:00",10918,14.03,102.0737,1,94.8,47.68,23.68,68.49,420.9,24.41,0,23.74,24.81,0.073
"2021-09-09 12:00:00",10919,14.07,102.048,1.883,103.1,42.78,24.86,59.18,775.8,38.49,0,25.4,26.81,0.073
"2021-09-09 13:00:00",10920,13.96,102.0296,1.756,122,40.42,25.4,55.25,836,40.62,0,26.81,27.65,0.073
"2021-09-09 14:00:00",10921,14.08,102.0536,1.955,103.9,39.13,24.77,62.67,734.7,35.41,0,26.22,27.14,0.073
"2021-09-09 15:00:00",10922,14.02,102.0894,1.883,111.3,36.06,23.93,67.33,470.6,22.71,0,24.67,25.66,0.073
"2021-09-09 16:00:00",10923,14.04,102.1062,1.996,110.8,38.32,23.49,65.53,395.4,17.22,0,23.92,24.77,0.072
"2021-09-09 17:00:00",10924,13.35,102.1386,1.493,111.6,38.12,22.66,72.57,195.6,7.885,0,21.38,23,0.072
"2021-09-09 18:00:00",10925,12.98,102.1873,0.493,110.7,23.31,20.15,86,10.19,1.074,0,18.75,20.12,0.071
"2021-09-09 19:00:00",10926,12.94,102.2692,0.087,153.2,10.01,18.34,89.3,0,0,0,17.58,18.11,0.071
"2021-09-09 20:00:00",10927,12.93,102.3642,0.036,170.5,4.517,17.52,89.5,0,0,0,16.69,16.95,0.071
"2021-09-09 21:00:00",10928,12.92,102.4241,0.01,181.4,2.465,17.01,92.4,0,0,0,15.5,16,0.071
"2021-09-09 22:00:00",10929,12.91,102.4485,0.009,207.6,3.202,16.35,92.3,0,0,0,14.86,15.04,0.07
"2021-09-09 23:00:00",10930,12.89,102.4241,0.004,208.3,0.161,16.05,91.1,0,0,0,14.48,14.73,0.07
"2021-09-10 00:00:00",10931,12.88,102.4323,0.009,196.1,2.426,15.44,93.2,0,0,0,14.03,14.18,0.07
"2021-09-10 01:00:00",10932,12.81,102.4404,0.003,220.7,0.277,14.19,97.4,0,0,0,13.55,13.81,0.07
"2021-09-10 02:00:00",10933,12.8,102.4485,0.004,254.3,1.278,13.51,99,0,0,0,13.17,13.38,0.07
"2021-09-10 03:00:00",10934,12.82,102.4241,0.005,187.3,0.236,13.15,100,0,0,0,12.78,13.02,0.069
"2021-09-10 04:00:00",10935,12.8,102.3998,0.077,190.2,18.26,13.55,99.3,0,0,0,13.01,13.38,0.069
"2021-09-10 05:00:00",10936,12.8,102.3998,0.116,184.5,14.17,14.44,98.6,0,0,0,13.66,13.86,0.069
"2021-09-10 06:00:00",10937,12.79,102.4566,0.18,178,18.93,14.28,99.2,0.48,0.083,0,13.86,14,0.068
"2021-09-10 07:00:00",10938,12.79,102.4972,0.154,179.2,15.16,15.51,89.3,90.8,3.568,0,13.91,15.5,0.068
"2021-09-10 08:00:00",10939,13.47,102.5452,0.223,123.8,28.65,19.9,67.24,280.8,12.41,0,17.19,19.14,0.068
"2021-09-10 09:00:00",10940,14.17,102.6093,1.547,82.1,29.41,22.29,55.2,559.3,24.36,0,22,23.61,0.068
"2021-09-10 10:00:00",10941,13.99,102.6255,1.847,79.9,38.13,23.01,50.48,686.7,32.36,0,23.03,25.25,0.068
"2021-09-10 11:00:00",10942,14.05,102.5768,1.85,66.48,31.21,22.92,50.74,535.1,27.73,0,24.07,25.31,0.068
"2021-09-10 12:00:00",10943,14.11,102.5038,2.371,67.44,36.09,23.73,53.98,793.7,38.68,0,24.54,26.58,0.068
"2021-09-10 13:00:00",10944,14.18,102.4064,2.548,52.4,33.46,23.67,52.04,754.4,37.93,0,25.18,27.07,0.068
"2021-09-10 14:00:00",10945,14.36,102.3334,2.875,52.37,30.09,24.15,50.36,789.9,37.49,0,26.43,27.51,0.068
"2021-09-10 15:00:00",10946,14.36,102.2928,2.988,47.86,31.21,23.8,60.11,636.3,29.09,0,25.89,26.92,0.068
"2021-09-10 16:00:00",10947,14.39,102.2522,2.833,46.65,27.9,23.39,59.01,431.6,18.59,0,25.15,25.78,0.067
"2021-09-10 17:00:00",10948,13.34,102.2441,2.366,36.61,28.57,22.42,65.07,202.9,8.06,0,21.4,23.47,0.067
"2021-09-10 18:00:00",10949,12.97,102.2692,2.237,23.43,25.03,20.16,74.85,11.53,1.095,0,19.4,20.34,0.067
"2021-09-10 19:00:00",10950,12.95,102.3259,1.073,23.45,17.08,18.5,80.9,0,0,0,17.94,18.63,0.066
"2021-09-10 20:00:00",10951,12.93,102.3815,0.264,17.59,11.75,17.16,88.3,0,0,0,15.99,17.18,0.066
"2021-09-10 21:00:00",10952,12.91,102.3673,0.371,18.6,11.1,16.23,89.7,0,0,0,15.62,16,0.066
"2021-09-10 22:00:00",10953,12.9,102.4079,0.181,17.9,8.53,16.06,92.1,0,0,0,14.59,15.53,0.066
"2021-09-10 23:00:00",10954,12.86,102.3754,0.001,297.4,0,15.12,97.5,0,0,0,13.67,14.07,0.066
"2021-09-11 00:00:00",10955,12.87,102.3348,0.016,307.8,2.212,14.51,96.1,0,0,0,13.63,13.98,0.066
"2021-09-11 01:00:00",10956,12.86,102.3186,0.043,295.5,4.775,14.01,96.3,0,0,0,13.33,13.59,0.065
"2021-09-11 02:00:00",10957,12.84,102.2618,0.086,287.4,8.18,13.74,97.6,0,0,0,13.06,13.33,0.065
"2021-09-11 03:00:00",10958,12.82,102.1968,0.006,296.3,2.431,13.21,99,0,0,0,12.54,12.8,0.065
"2021-09-11 04:00:00",10959,12.81,102.1481,0.011,305.5,1.54,12.81,99,0,0,0,12.27,12.42,0.065
"2021-09-11 05:00:00",10960,12.79,102.1806,0.023,306.5,3.902,12.66,99.6,0,0,0,12.05,12.3,0.065
"2021-09-11 06:00:00",10961,12.76,102.1887,0,0,0,11.76,100,0.766,0.089,0,11.58,11.76,0.065
"2021-09-11 07:00:00",10962,12.76,102.2374,0.019,340.3,4.592,12.98,100,83.6,3.555,0,11.75,13.49,0.065
"2021-09-11 08:00:00",10963,13.55,102.2795,1.192,338.7,23.73,17.9,82.1,321.5,12.6,0,15.93,18.45,0.065
"2021-09-11 09:00:00",10964,14.03,102.2847,2.015,350.5,28.69,21.89,64.66,526.5,23.49,0,21.31,23.68,0.065
"2021-09-11 10:00:00",10965,14.02,102.236,2.557,358,30.64,23.33,56.23,557.1,27.47,0,24.64,25.6,0.065
"2021-09-11 11:00:00",10966,14.1,102.1536,2.961,359.5,32.65,24.78,50.55,786.4,37.47,0,26.16,27.84,0.065
"2021-09-11 12:00:00",10967,14.29,102.0142,3.201,11.09,30.69,25.77,51.03,890,41.99,0,28.94,29.49,0.065
"2021-09-11 13:00:00",10968,14.32,101.886,3.952,33.17,28.77,25.49,50.7,878,41.75,0,28.38,28.91,0.064
"2021-09-11 14:00:00",10969,14.35,101.8132,4.151,31.98,27.85,25.21,53.19,792.2,37.04,0,27.82,28.46,0.064
"2021-09-11 15:00:00",10970,14.39,101.7897,4.405,25.1,29.61,24.58,55.22,642,28.94,0,26.55,27.47,0.064
"2021-09-11 16:00:00",10971,14.39,101.7653,4.146,25.7,29.12,24.2,48.44,435.9,18.1,0,25.39,26.23,0.064
"2021-09-11 17:00:00",10972,13.4,101.7816,3.749,24.35,28.85,22.98,62.32,194.4,7.05,0,21.9,23.68,0.064
"2021-09-11 18:00:00",10973,12.97,101.7979,2.985,20.94,26.34,20.85,74.91,13.54,0.993,0,20.14,20.95,0.063
"2021-09-11 19:00:00",10974,12.95,101.7869,1.868,23.5,24.35,19.53,83.4,0,0,0,19.15,19.56,0.063
"2021-09-11 20:00:00",10975,12.93,101.7984,1.43,18.75,20.24,18.98,82.4,0,0,0,18.24,18.8,0.063
"2021-09-11 21:00:00",10976,12.92,101.8011,0.489,2.875,18.27,17.87,89.2,0,0,0,16.43,17.27,0.063
"2021-09-11 22:00:00",10977,12.88,101.8072,0.208,338.5,12.18,16.85,93.6,0,0,0,15.64,16.16,0.063
"2021-09-11 23:00:00",10978,12.89,101.7991,0.452,298.5,16.66,16.11,95.8,0,0,0,15.31,15.75,0.063
"2021-09-12 00:00:00",10979,12.88,101.7666,0.717,308,16.54,15.31,95.8,0,0,0,15.24,15.45,0.062
"2021-09-12 01:00:00",10980,12.86,101.726,0.215,313.9,8.81,14.79,96.1,0,0,0,14.03,14.78,0.062
"2021-09-12 02:00:00",10981,12.84,101.6854,0.02,311.1,2.297,13.6,100,0,0,0,13.01,13.29,0.062
"2021-09-12 03:00:00",10982,12.82,101.6692,0.153,309.3,8.63,14.22,100,0,0,0,13.58,14.16,0.062
"2021-09-12 04:00:00",10983,12.81,101.6854,0.056,318.1,3.02,14.28,100,0,0,0,13.52,13.91,0.062
"2021-09-12 05:00:00",10984,12.79,101.6854,0.382,331.1,14.31,14.75,99.4,0,0,0,14.7,14.78,0.062
"2021-09-12 06:00:00",10985,12.77,101.7098,0.539,328.8,14.45,14.54,99.5,0.935,0.108,0,14.21,14.47,0.062
"2021-09-12 07:00:00",10986,12.77,101.7504,0.762,338.5,15.38,15.77,94.2,109.7,3.704,0,14.29,15.93,0.062
"2021-09-12 08:00:00",10987,13.57,101.7415,2.148,343,27.02,19.31,81.8,317.4,13.05,0,17.73,19.65,0.062
"2021-09-12 09:00:00",10988,14.2,101.7248,2.926,350.8,30.3,22.21,68.93,553.6,24.28,0,21.98,24.16,0.062
"2021-09-12 10:00:00",10989,13.99,101.6761,3.576,2.304,29.14,24.11,58.44,713.2,33.17,0,25.57,26.78,0.062
"2021-09-12 11:00:00",10990,14.26,101.5267,3.518,355.4,30.9,25.57,47.32,854,40.22,0,27.99,28.87,0.062
"2021-09-12 12:00:00",10991,14.27,101.3882,3.206,357.6,31.88,27.03,43.09,908,42.94,0,29.94,30.86,0.062
"2021-09-12 13:00:00",10992,14.28,101.2558,3.151,0.284,34.37,28.05,39.81,885,41.31,0,31,32.03,0.062
"2021-09-12 14:00:00",10993,14.28,101.1762,3.526,31.35,28.53,26.95,56.93,795.4,36.84,0,29.34,30.74,0.061
"2021-09-12 15:00:00",10994,14.34,101.1307,3.892,34.71,32.24,25.69,57.75,646.4,28.91,0,27.75,28.86,0.061
"2021-09-12 16:00:00",10995,14.37,101.108,3.757,28.6,31.06,24.57,62.65,439.7,18.39,0,25.76,26.99,0.061
"2021-09-12 17:00:00",10996,13.39,101.0837,3.478,25.21,29.58,23.15,71.18,206.7,7.849,0,22.44,24.16,0.06
"2021-09-12 18:00:00",10997,12.96,101.1006,2.658,24.03,28.22,21.21,85.4,11.1,1.134,0,20.58,21.45,0.06
"2021-09-12 19:00:00",10998,12.94,101.1122,1.652,23.44,25.78,19.93,88,0,0,0,19.59,20.07,0.06
"2021-09-12 20:00:00",10999,12.93,101.1403,1.135,22.07,22.61,19.32,89,0,0,0,18.94,19.25,0.06
"2021-09-12 21:00:00",11000,12.91,101.1654,0.612,5.526,17.91,18.85,91.6,0,0,0,17.56,18.35,0.06
"2021-09-12 22:00:00",11001,12.9,101.1644,0.2,306.9,14.32,17.67,94.8,0,0,0,16.64,17.08,0.06
"2021-09-12 23:00:00",11002,12.88,101.1415,0.087,317.4,6.453,15.99,99.2,0,0,0,15.1,15.97,0.06
"2021-09-13 00:00:00",11003,12.87,101.1415,0.37,313.9,11.26,15.89,98.5,0,0,0,15.39,15.97,0.059
"2021-09-13 01:00:00",11004,12.86,101.0766,0.175,316.8,9.89,15.6,99.3,0,0,0,15.07,15.68,0.06
"2021-09-13 02:00:00",11005,12.85,101.0279,0.092,337.7,9.76,15.18,100,0,0,0,14.86,15.53,0.059
"2021-09-13 03:00:00",11006,12.83,100.9536,0.377,351.7,16.86,16.52,98.8,0,0,0,16.61,16.95,0.059
"2021-09-13 04:00:00",11007,12.82,100.9702,1.296,343.9,23.69,18.64,95.9,0,0,0,18.07,18.39,0.059
"2021-09-13 05:00:00",11008,12.8,100.9702,1.361,345.3,23.14,18.23,92.6,0,0,0,17.66,18.15,0.059
"2021-09-13 06:00:00",11009,12.79,101.0293,1.458,340.5,26.09,17.48,94.8,0.921,0.121,0,16.65,17.09,0.059
"2021-09-13 07:00:00",11010,12.79,101.0761,1.549,356.9,23.93,17.61,89.3,97,3.719,0,16.67,17.59,0.059
"2021-09-13 08:00:00",11011,13.53,101.0919,2.854,355.7,29.09,19.95,78.43,318.4,12.42,0,18.92,20.88,0.059
"2021-09-13 09:00:00",11012,14.21,101.1162,3.75,344.6,29.59,22.3,66.31,542,23.2,0,22.94,24.47,0.059
"2021-09-13 10:00:00",11013,14.28,101.0736,2.861,3.159,28.26,24.92,55.57,720.3,32.49,0,25.82,27.86,0.059
"2021-09-13 11:00:00",11014,14.24,101.0222,2.82,4.482,31.76,27.05,49.04,834,38.44,0,28.93,30.26,0.059
"2021-09-13 12:00:00",11015,14.23,100.9076,2.571,18.13,34.56,28.29,49.64,881,41,0,31.07,32,0.059
"2021-09-13 13:00:00",11016,14.27,100.835,3.51,55.39,27.99,27.73,60.67,861,40.1,0,30.32,31.18,0.059
"2021-09-13 14:00:00",11017,14.3,100.8016,3.359,59.39,23.91,27.23,61.76,766.2,34.96,0,29.59,30.4,0.059
"2021-09-13 15:00:00",11018,14.32,100.7875,3.071,51.74,25.92,26.69,63.63,601.6,26.02,0,28.8,29.74,0.058
