"TOA5","Science Centre AWS","CR1000","88296","CR1000.Std.31.08","CPU:Vasi_Science Centre AWS.CR1","64103","Daily"
"TIMESTAMP","RECORD","WS_ms_S_WVT","WindDir_D1_WVT","WindDir_SD1_WVT","WS_ms_Max","AirTC_Min","AirTC_Max","RH_Min","RH_Max","SlrW_Max","SlrW_Std","CUV5_W_Max","CUV5_W_Std","CUV5_MJ_Tot","Rain_mm_Tot","T107_C_Min","T107_C_Avg","VW_Avg"
"TS","RN","meters/second","Deg","Deg","meters/second","Deg C","Deg C","%","%","W/m^2","W/m^2","W/m^2","W/m^2","MJ/m^2","mm","Deg C","Deg C",""
"","","WVc","WVc","WVc","Max","Min","Max","Min","Max","Max","Std","Max","Std","Tot","Tot","Min","Avg","Avg"
"2021-12-08 00:00:00",544,1.166,158.4,33.41,5.525,22.17,30.02,55.98,99.1,1418,336.7,61.89,16.45,1.085,0.254,22.77,26.18,0.068
"2021-12-09 00:00:00",545,0.702,158.1,8.84,4.475,21.89,30.08,60.92,100,1457,356.9,64.52,17.95,1.158,0.762,22.77,27.01,0.064
"2021-12-10 00:00:00",546,1.579,33.59,47.1,6.2,22.63,34.77,44.83,99.8,1255,409.3,57.44,19.88,1.347,0,23.54,28.65,0.06
"2021-12-11 00:00:00",547,1.495,20.57,32.59,7.1,22.68,31.9,70.89,99.6,1309,359.2,59.87,17.63,1.064,1.524,23.22,28,0.055
"2021-12-12 00:00:00",548,1.683,20.74,23.55,5.9,23.4,32.87,63.79,100,1113,403.7,53.2,19.61,1.338,0,24.02,29.16,0.051
"2021-12-13 00:00:00",549,1.124,19.76,27.07,4.55,23.48,37.05,41.26,100,1531,314.5,67.96,15.77,1.107,0,24.61,30.29,0.045
"2021-12-14 00:00:00",550,0.336,4.854,16.79,3.35,22.76,31.15,70.79,99.5,1727,208.7,74.84,11.53,0.642,3.556,23.15,26.84,0.041
"2021-12-15 00:00:00",551,1.05,79.84,81.8,5.75,22.21,34.35,48.35,98.5,1321,364.9,64.42,18.31,1.254,0.508,22.41,27.09,0.039
"2021-12-16 00:00:00",552,1.282,23.42,44.81,6.05,21.16,33.01,61.17,97.7,1380,385.3,59.67,18.65,1.293,0,21.87,28.39,0.037
"2021-12-17 00:00:00",553,1.346,152.2,48.61,6.275,18.65,32.48,60.71,100,1383,295.3,60.88,14.48,0.844,3.81,19.47,25.83,0.035
"2021-12-18 00:00:00",554,1.633,176,30.2,7.925,16.24,24.02,70.72,100,1218,210.4,61.3,12,0.723,21.08,17.22,19.68,0.071
"2021-12-19 00:00:00",555,0.84,165.7,37.79,5,14.68,24.95,55.11,99.6,1654,270.7,75.05,14.14,1,0,15.22,20.59,0.083
"2021-12-20 00:00:00",556,0.737,90.7,34.24,4.85,16.78,27.02,51.27,96,1539,357,69.88,17.99,1.192,0.254,16.98,23.89,0.073
"2021-12-21 00:00:00",557,0.913,48.4,19.29,6.725,18.13,28.27,58.55,98.7,1479,319.2,65.53,15.84,1.105,0,19.84,25.2,0.068
"2021-12-22 00:00:00",558,1.248,28.27,19.93,5.975,20.52,28.51,65.46,97.2,1254,249.4,57.85,12.74,0.771,0,21.47,25.15,0.064
"2021-12-23 00:00:00",559,1.944,12.49,26.96,7.1,21.75,32.7,56.37,98.3,1274,408.9,61.08,20.14,1.333,10.41,22.42,27.32,0.062
"2021-12-24 00:00:00",560,0.721,158.5,29.64,4.4,20.7,30.79,58.4,100,1464,308.7,61.89,14.96,0.956,0,21.63,25.88,0.084
"2021-12-25 00:00:00",561,0.894,139.1,37.5,5.6,20.55,27.7,70.5,100,1554,303.8,71.7,15.89,0.931,10.16,21.33,24.1,0.087
"2021-12-26 00:00:00",562,1.077,72.62,34.8,5.525,19.81,27.89,61.98,98.2,1534,300.2,67.56,14.98,1.114,0,20.33,25.7,0.077
"2021-12-27 00:00:00",563,1.275,27.19,14.66,6.05,22.02,27.65,72.31,99.4,992,173.8,53,9.75,0.684,0.254,22.7,25.1,0.071
"2021-12-28 00:00:00",564,1.471,10.98,29.34,9.2,19.7,30.52,71.04,100,1157,190.2,58.86,10.85,0.608,37.85,20.78,25.09,0.08
"2021-12-29 00:00:00",565,1.242,129.6,77.96,5.6,21.61,30.26,63.57,100,1305,396.1,62.6,19.63,1.446,0,21.66,26.59,0.08
"2021-12-30 00:00:00",566,1.022,72.87,51.96,5.525,19.98,29.04,58.71,97.7,1324,416.1,62.3,20.16,1.408,0,20.64,27.59,0.07
"2021-12-31 00:00:00",567,1.172,36.78,37.97,7.775,20.9,30.33,77.24,100,1431,246.6,63.12,12.9,0.699,35.05,21.51,25.85,0.084
"2022-01-01 00:00:00",568,0.658,182.1,18.41,4.7,20.83,26.05,73.58,100,488.8,134.2,28.73,7.896,0.555,0.508,21.27,23.81,0.083
"2022-01-02 00:00:00",569,1.133,18.23,37.76,5.975,19.41,29.86,65.71,100,1534,380,67.56,18.17,1.272,1.524,20.46,26.84,0.074
"2022-01-03 00:00:00",570,0.327,155.4,26.24,4.175,22.03,26.82,82.4,100,1373,189.3,60.78,10.36,0.561,21.59,22.6,25.09,0.088
"2022-01-04 00:00:00",571,0.814,114.4,49.62,4.1,21.23,29.93,68.7,100,1550,361,68.57,18.03,1.27,0,21.68,27.43,0.078
"2022-01-05 00:00:00",572,1.277,23.67,30.48,6.275,21.33,31.69,71.53,100,1280,205,57.04,10.58,0.624,0,22.77,26.34,0.072
"2022-01-06 00:00:00",573,1.301,12.96,44.62,6.425,21.36,34.74,52.42,100,1221,403.4,59.16,19.73,1.431,7.874,22.21,28.27,0.087
"2022-01-07 00:00:00",574,0.622,116.5,52.73,4.25,22.33,30.12,76.35,100,1454,309.1,66.34,15.48,0.979,45.47,23.4,27.13,0.089
"2022-01-08 00:00:00",575,0.827,71.92,12.36,5.3,21.45,31.39,55.68,100,1612,384.8,72.41,18.58,1.205,0,22.75,27.88,0.076
"2022-01-09 00:00:00",576,0.859,75.71,12.59,5.75,21.62,29.53,64.1,99,1221,265.7,53.8,13.7,1.033,0,22.48,27.15,0.07
"2022-01-10 00:00:00",577,0.966,81.9,18.4,4.625,19.72,30.09,51.94,98.5,1254,410.8,62.09,19.98,1.364,0,21.66,27.52,0.066
"2022-01-11 00:00:00",578,0.898,56.93,17.8,5.45,18.56,31.77,55.82,98.8,1397,429.5,66.24,20.56,1.486,0,20.12,28.49,0.06
"2022-01-12 00:00:00",579,0.865,15.57,27.87,4.925,23.13,32.39,58.15,99.2,1465,345.6,64.32,16.85,1.175,0,24.51,29.37,0.053
