"TOA5","Science Centre AWS","CR1000","88296","CR1000.Std.31.08","CPU:Vasi_Science Centre AWS.CR1","64103","Hourly"
"TIMESTAMP","RECORD","BattV_Min","BP_kPa","WS_ms_S_WVT","WindDir_D1_WVT","WindDir_SD1_WVT","AirTC_Avg","RH","SlrW_Avg","CUV5_W_Avg","Rain_mm_Tot","T107_C_Min","T107_C_Avg","VW_Avg"
"TS","RN","Volts","kPa","meters/second","Deg","Deg","Deg C","%","W/m^2","W/m^2","mm","Deg C","Deg C",""
"","","Min","Smp","WVc","WVc","WVc","Avg","Smp","Avg","Avg","Tot","Min","Avg","Avg"
"2022-04-12 15:00:00",16082,14.1,100.4109,0.876,327.9,35.6,31.05,53.45,576.2,27.64,0,32.32,33.29,0.077
"2022-04-12 16:00:00",16083,14.16,100.3639,1.406,35.22,9.56,30.07,68.38,375,16.85,0,30.04,31.37,0.077
"2022-04-12 17:00:00",16084,13.12,100.3761,1.646,28.13,9.22,27.15,81.5,131,6.552,0,25.49,27.15,0.076
"2022-04-12 18:00:00",16085,13,100.4187,0.413,28.49,4.07,24.6,91.6,9.18,0.779,0,24.02,24.82,0.076
"2022-04-12 19:00:00",16086,12.97,100.443,0.126,24.85,2.018,23.33,96,0,0,0,23.25,23.62,0.075
"2022-04-12 20:00:00",16087,12.95,100.5242,0.02,24.61,0.173,22.89,98,0,0,0,23.04,23.16,0.075
"2022-04-12 21:00:00",16088,12.94,100.4998,0.017,25.65,0.356,22.69,98.5,0,0,0,23,23.03,0.075
"2022-04-12 22:00:00",16089,12.91,100.4917,0.006,25.2,0.006,22.57,99.7,0,0,0,22.8,23.01,0.075
"2022-04-12 23:00:00",16090,12.92,100.443,0.048,24.98,0.209,22.52,99.8,0,0,0,22.65,22.76,0.075
"2022-04-13 00:00:00",16091,12.9,100.4374,0.06,19.59,1.354,21.64,100,0,0,0,21.37,21.84,0.074
"2022-04-13 01:00:00",16092,12.89,100.3633,0.116,14.79,0.101,21.7,100,0,0,0,21.54,21.67,0.074
"2022-04-13 02:00:00",16093,12.88,100.3156,0.026,14.7,0.018,21.35,100,0,0,0,21.29,21.41,0.074
"2022-04-13 03:00:00",16094,12.87,100.2628,0,0,0,20.83,100,0,0,0,20.38,20.87,0.074
"2022-04-13 04:00:00",16095,12.86,100.243,0.034,14.71,0.021,21.02,100,0,0,0,20.36,20.88,0.073
"2022-04-13 05:00:00",16096,12.84,100.2174,0.086,14.59,0.029,21.24,100,0,0,0,21.31,21.42,0.073
"2022-04-13 06:00:00",16097,12.83,100.2333,0.103,14.58,0.09,21.54,100,0.294,0.007,0,21.51,21.73,0.073
"2022-04-13 07:00:00",16098,12.82,100.232,0.169,13.98,0.547,22.05,100,39.03,1.615,0,21.83,22.12,0.073
"2022-04-13 08:00:00",16099,12.93,100.2888,0.688,12.13,3.994,23.31,98.2,114.8,5.653,0,22.78,23.58,0.073
"2022-04-13 09:00:00",16100,13.32,100.2555,1.463,357.6,14.56,24.73,86.4,333.8,15.84,0,23.57,24.72,0.073
"2022-04-13 10:00:00",16101,13.74,100.1941,1.513,6.003,16.73,26.74,77.51,368.4,18.61,0,26.19,26.89,0.073
"2022-04-13 11:00:00",16102,13.87,100.0949,1.692,332,24.71,30.01,64.76,730.7,35.5,0,27.98,30.8,0.073
"2022-04-13 12:00:00",16103,14.05,99.97345,1.713,338.4,28.47,31.64,60.05,812,39.28,0,33.14,34.1,0.072
"2022-04-13 13:00:00",16104,14.12,99.85121,1.803,353,21.26,32.48,49.83,787.7,38.06,0,34.89,35.46,0.072
"2022-04-13 14:00:00",16105,13.85,99.79657,1.671,349.2,25.9,32.93,51.42,680.9,32.89,0,34.98,35.65,0.071
"2022-04-13 15:00:00",16106,13.85,99.78807,1.352,2.426,25.21,33.12,55.06,496.5,24.07,0,33.6,34.56,0.071
"2022-04-13 16:00:00",16107,13.3,99.81471,1.602,22.8,15.28,32.26,70.59,284.5,13.4,0,30.28,32.81,0.071
"2022-04-13 17:00:00",16108,13.05,99.8418,1.363,32.58,8.83,29.49,83.4,116.5,5.447,0,27.56,29.16,0.07
"2022-04-13 18:00:00",16109,13.01,99.88297,1.106,35.18,8.38,26.7,88.8,6.608,0.573,0,25.91,26.63,0.07
"2022-04-13 19:00:00",16110,12.98,99.89921,0.83,28.67,7.123,26,93.9,0,0,0,25.45,25.75,0.07
"2022-04-13 20:00:00",16111,12.96,99.97225,0.195,23.6,2.964,25.25,95.8,0,0,0,24.88,25.11,0.07
"2022-04-13 21:00:00",16112,12.94,99.95602,0.095,22.4,2.011,24.76,97.4,0,0,0,24.03,24.4,0.07
"2022-04-13 22:00:00",16113,12.93,100.0291,0.482,36.22,13.48,24.46,95.8,0,0,0,23.79,24.01,0.069
"2022-04-13 23:00:00",16114,12.92,100.1183,0.892,59.16,7.864,24.05,93.3,0,0,0,23.14,23.84,0.069
"2022-04-14 00:00:00",16115,12.91,100.094,0.396,61.89,0.078,22.62,91.9,0,0,0,22.18,22.55,0.069
"2022-04-14 01:00:00",16116,12.88,100.0621,0.452,61.82,0.164,22.31,89.3,0,0,0,21.73,21.96,0.069
"2022-04-14 02:00:00",16117,12.86,100.1054,0.311,62.22,0.088,22.16,92.4,0,0,0,21.54,21.69,0.069
"2022-04-14 03:00:00",16118,12.86,100.0838,0.054,62.06,0.017,21.26,95.5,0,0,0,21.13,21.46,0.069
"2022-04-14 04:00:00",16119,12.84,100.1024,0.011,61.99,0.002,20.16,98.9,0,0,0,20.54,20.78,0.069
"2022-04-14 05:00:00",16120,12.82,100.1755,0.07,61.85,0.077,19.72,98.2,0,0,0,20.04,20.32,0.069
"2022-04-14 06:00:00",16121,12.81,100.208,0.252,61.52,1.555,19.67,97.1,0,0.006,0,19.75,19.99,0.069
"2022-04-14 07:00:00",16122,12.81,100.2486,0.052,61.02,0.991,19.97,89.4,50.54,2.267,0,19.68,20.01,0.068
"2022-04-14 08:00:00",16123,13.14,100.3375,0.397,60.61,7.558,22.72,81.1,245.8,10.65,0,20.6,21.47,0.068
"2022-04-14 09:00:00",16124,13.67,100.3502,1.175,163,42.66,25.58,72.02,458.8,21.23,0,22.68,24.25,0.068
"2022-04-14 10:00:00",16125,14.12,100.3706,1.308,178.7,19.06,27.63,63.6,633.6,30.73,0,25.82,27.43,0.068
"2022-04-14 11:00:00",16126,14.12,100.355,1.044,147.6,22.35,29.01,61.4,750.5,37.26,0,28.91,29.94,0.068
"2022-04-14 12:00:00",16127,14.11,100.3075,0.953,147.4,17.19,29.87,62.18,805,40.23,0,31.04,31.67,0.068
"2022-04-14 13:00:00",16128,14.12,100.283,1.215,99.3,31.59,29.66,61,791.9,39.64,0,31.85,32.52,0.067
"2022-04-14 14:00:00",16129,14.14,100.193,1.304,84.8,16.11,29.9,56.78,714.7,35.11,0,32.45,33.06,0.067
"2022-04-14 15:00:00",16130,14.1,100.2213,1.067,94.8,13.54,29.51,65.38,514.4,25.3,0,30.89,32.01,0.066
"2022-04-14 16:00:00",16131,14.05,100.2472,0.765,89.9,8.95,27.8,69.79,258.9,13.4,0,28.5,29.58,0.066
"2022-04-14 17:00:00",16132,13.16,100.2888,0.879,81,8.87,26.5,82.3,131,6.271,0,26.22,27.31,0.066
"2022-04-14 18:00:00",16133,12.98,100.305,0.156,76.69,2.507,24.04,92.9,9.41,0.673,0,24.51,25.41,0.066
"2022-04-14 19:00:00",16134,12.93,100.3618,0.001,79.23,0.001,22.51,96.1,0,0,0,23.37,23.81,0.065
"2022-04-14 20:00:00",16135,12.91,100.4323,0,0,0,21.85,97.2,0,0,0,22.48,22.9,0.065
"2022-04-14 21:00:00",16136,12.92,100.507,0,0,0,21.1,99.6,0,0,0,22.46,22.56,0.065
"2022-04-14 22:00:00",16137,12.89,100.5208,0,0,0,21.03,100,0,0,0,22.09,22.38,0.065
"2022-04-14 23:00:00",16138,12.87,100.5304,0.124,88.4,5.226,21.11,99.9,0,0,0,21.47,21.66,0.065
"2022-04-15 00:00:00",16139,12.87,100.5149,0.078,92.3,1.121,20.8,100,0,0,0,21.48,21.55,0.065
"2022-04-15 01:00:00",16140,12.83,100.5408,0.048,90.9,2.041,20.89,99.6,0,0,0,21.44,21.5,0.065
"2022-04-15 02:00:00",16141,12.78,100.5325,0.006,93.6,0.004,20.78,99.8,0,0,0,21.26,21.44,0.065
"2022-04-15 03:00:00",16142,12.85,100.484,0,0,0,19.86,100,0,0,0,20.69,21.05,0.065
"2022-04-15 04:00:00",16143,12.75,100.5002,0,0,0,19.16,100,0,0,0,20.22,20.41,0.065
"2022-04-15 05:00:00",16144,12.81,100.5652,0,0,0,19.06,100,0.036,0,0,19.95,20.09,0.065
"2022-04-15 06:00:00",16145,12.77,100.5814,0.007,87.3,0.586,19.77,100,0.033,0.004,0,20.01,20.65,0.065
"2022-04-15 07:00:00",16146,12.8,100.5697,0.015,70.69,0.1,20.89,100,46.38,1.94,0,20.72,20.9,0.064
"2022-04-15 08:00:00",16147,13.07,100.6622,0.219,68.54,3.374,23.11,95.5,174.4,8.42,0,21.59,23.18,0.064
"2022-04-15 09:00:00",16148,13.6,100.6824,0.95,59.02,8.26,25.82,85.9,392.9,18.33,0,24.6,25.61,0.064
"2022-04-15 10:00:00",16149,13.95,100.6622,1.132,29.58,24.92,28.18,74.34,604.8,28.62,0,26.35,28.76,0.064
"2022-04-15 11:00:00",16150,14.03,100.6141,1.401,5.171,22.4,30.08,62.58,727.5,35.26,0,30.84,32.62,0.064
"2022-04-15 12:00:00",16151,14.12,100.5589,1.696,15.92,17.25,31.07,60.06,786.3,38.29,0,34.02,34.87,0.064
"2022-04-15 13:00:00",16152,14.05,100.4851,1.565,28.24,22.22,31.57,69.66,769.6,37.42,0,35.4,36.32,0.063
"2022-04-15 14:00:00",16153,14.12,100.4542,1.846,34.26,15.57,31.42,73.41,687.2,32.47,0,36.1,36.6,0.063
"2022-04-15 15:00:00",16154,14.15,100.4399,1.936,30.92,14.41,30.81,76.74,552.2,25.61,0,34.49,35.39,0.063
"2022-04-15 16:00:00",16155,14.19,100.4811,1.72,32.6,13.04,30.04,82.1,361.4,15.72,0,31.95,33.41,0.062
"2022-04-15 17:00:00",16156,13.03,100.5078,1.383,38.65,11.57,28.45,90.1,114.6,6.206,0,27.82,29.33,0.062
"2022-04-15 18:00:00",16157,12.96,100.6621,0.152,43.63,4.114,26.16,97.6,6.397,0.69,0,25.92,26.96,0.062
"2022-04-15 19:00:00",16158,12.95,100.9462,1.516,123.3,52.63,23.84,94.4,0.004,0,1.016,21.47,24.36,0.062
"2022-04-15 20:00:00",16159,12.92,101.0437,1.796,173.7,16.7,22.45,96.2,0.055,0,0,21.56,22.73,0.062
"2022-04-15 21:00:00",16160,12.92,101.1005,1.972,182.2,17.73,22.75,94.3,0.299,0,0,22.52,22.85,0.062
"2022-04-15 22:00:00",16161,12.9,101.0844,2.728,183.5,26.16,22.31,89.7,0,0,0.254,21.43,21.95,0.062
"2022-04-15 23:00:00",16162,12.9,101.1587,2.61,185.2,24.87,21.89,92.1,0,0,0,21.18,21.3,0.061
"2022-04-16 00:00:00",16163,12.89,101.3049,2.067,177,23.2,21.66,93.6,0,0,0,21.33,21.51,0.061
"2022-04-16 01:00:00",16164,12.85,101.4223,1.944,174.8,20.94,20.84,98.4,0,0,0.254,20.69,21.21,0.061
"2022-04-16 02:00:00",16165,12.81,101.4744,2.59,181.7,22.47,19.27,97.1,0,0,0.254,19.04,19.85,0.061
"2022-04-16 03:00:00",16166,12.81,101.45,2.531,192.5,23.24,18.65,95.7,0,0,0,18.82,18.98,0.061
"2022-04-16 04:00:00",16167,12.75,101.4581,2.123,191.5,21.45,18.25,98.5,0,0,0,18.48,18.72,0.061
"2022-04-16 05:00:00",16168,12.74,101.4987,1.813,188.9,18.24,17.93,95.8,0,0,0,18.27,18.37,0.061
"2022-04-16 06:00:00",16169,12.72,101.5961,1.732,197,16.6,18.33,95.3,0,0,0,18.35,18.46,0.061
"2022-04-16 07:00:00",16170,12.71,101.653,1.624,192.3,16.59,18.55,96,6.11,0.453,0,18.54,18.76,0.061
"2022-04-16 08:00:00",16171,12.71,101.7422,1.832,192.8,19.84,19.07,95.1,68.39,3.91,0,18.86,19.33,0.061
"2022-04-16 09:00:00",16172,12.83,101.7664,1.452,196.2,19.4,19.71,99.3,109.1,6.322,1.27,20.01,20.33,0.061
"2022-04-16 10:00:00",16173,13.1,101.8307,1.728,194.1,24.12,19.52,100,128,8.6,5.334,20.03,20.4,0.061
"2022-04-16 11:00:00",16174,13.08,101.8072,1.478,189,17.11,19.31,100,101.9,6.926,5.334,20.01,20.21,0.062
"2022-04-16 12:00:00",16175,13.19,101.7026,1.98,195,21.54,20.48,96.3,338.9,19.66,0,20.19,21.49,0.105
"2022-04-16 13:00:00",16176,13.37,101.702,1.983,188.9,21.67,20.55,99.6,227,13.73,2.286,20.62,21.6,0.106
"2022-04-16 14:00:00",16177,13.11,101.7149,1.48,188.2,15.24,19.48,100,76.92,5.496,3.048,20.22,20.39,0.109
"2022-04-16 15:00:00",16178,13.06,101.709,1.501,182.9,19.47,19.18,100,55.42,3.907,1.524,19.78,20.1,0.114
"2022-04-16 16:00:00",16179,12.97,101.7179,1.698,182.3,20.41,18.69,100,29.89,2.052,1.778,19.16,19.53,0.112
"2022-04-16 17:00:00",16180,12.91,101.7504,1.244,199.2,13.56,18.43,100,6.62,0.557,0.762,19.07,19.13,0.111
"2022-04-16 18:00:00",16181,12.89,101.8234,1.569,191.2,21.09,18.45,100,0.697,0.066,2.286,18.93,19,0.108
"2022-04-16 19:00:00",16182,12.81,101.8965,1.245,191.7,18.89,18.25,100,0,0,3.048,18.67,18.87,0.111
"2022-04-16 20:00:00",16183,12.76,101.929,1.201,195.7,11.23,17.85,100,0,0,2.286,18.38,18.52,0.115
"2022-04-16 21:00:00",16184,12.73,101.8884,1.102,197.5,13.38,17.67,100,0,0,1.778,18.21,18.32,0.113
"2022-04-16 22:00:00",16185,12.67,101.9046,0.843,193.6,15.41,18.16,100,0.007,0,1.524,18.4,18.69,0.112
"2022-04-16 23:00:00",16186,12.65,101.8721,1.066,190,13.85,17.76,100,0,0,0.762,18.39,18.5,0.109
"2022-04-17 00:00:00",16187,12.64,101.864,0.976,209.5,10.95,17.7,100,0,0,0.508,18.31,18.38,0.107
"2022-04-17 01:00:00",16188,12.62,101.8234,0.947,183.3,16.25,17.7,100,0,0,0.508,18.31,18.37,0.104
"2022-04-17 02:00:00",16189,12.63,101.7666,0.85,189.6,12.58,17.74,100,0,0,0.508,18.28,18.38,0.103
"2022-04-17 03:00:00",16190,12.64,101.726,0.988,191.3,12.65,17.39,100,0,0,0.254,17.93,18.15,0.101
"2022-04-17 04:00:00",16191,12.62,101.6935,0.795,198.9,10.48,17.09,100,0,0,0,17.9,17.97,0.099
"2022-04-17 05:00:00",16192,12.64,101.7017,0.771,199.8,10.92,17.16,100,0,0,0,17.87,17.96,0.097
"2022-04-17 06:00:00",16193,12.63,101.7179,0.749,196.5,12.17,17.31,100,0.007,0,0.254,17.99,18.04,0.095
"2022-04-17 07:00:00",16194,12.65,101.7828,0.636,205.7,11.46,17.5,100,5.435,0.42,0,18.07,18.2,0.094
"2022-04-17 08:00:00",16195,12.66,101.8234,0.851,197.8,15.81,17.75,100,49.46,2.984,0,18.29,18.47,0.092
"2022-04-17 09:00:00",16196,12.81,101.8721,0.774,198.9,18.39,18.44,99.1,130.7,7.524,0,18.73,19.27,0.091
"2022-04-17 10:00:00",16197,13.06,101.8196,0.602,187.8,15.01,19.53,94.7,210.6,12.28,0,19.66,20.42,0.09
"2022-04-17 11:00:00",16198,13.28,101.7742,0.593,185.9,16.18,20.07,94.8,212.2,13.17,0,20.73,21.14,0.089
"2022-04-17 12:00:00",16199,13.3,101.693,0.126,209.4,4.901,20.51,94.7,192.1,12.05,0,21.41,21.66,0.088
"2022-04-17 13:00:00",16200,13.33,101.5631,0.201,230.5,3.553,21.3,85.9,281.5,16.8,0,21.63,22.19,0.087
"2022-04-17 14:00:00",16201,13.31,101.5061,0.28,192.3,10.67,22.29,87.9,279.5,16.73,0,22.51,23.36,0.086
"2022-04-17 15:00:00",16202,13.18,101.49,0.206,200.3,6.353,20.81,96.2,105.4,7.324,0,21.1,21.82,0.085
"2022-04-17 16:00:00",16203,13.05,101.4971,0.252,198.2,5.122,19.43,99.7,44.09,3.017,1.27,20.26,20.7,0.085
"2022-04-17 17:00:00",16204,12.97,101.4661,0.578,207,6.457,18.8,100,17.17,1.192,1.778,19.36,19.8,0.085
"2022-04-17 18:00:00",16205,12.93,101.4662,0.495,208.7,6.196,18.43,100,2.381,0.19,1.778,19.2,19.27,0.087
"2022-04-17 19:00:00",16206,12.89,101.515,0.672,211.5,7.172,18.08,100,0,0,3.048,18.64,18.93,0.099
"2022-04-17 20:00:00",16207,12.86,101.5393,0.688,202.6,8.79,17.65,100,0,0,5.588,18.26,18.38,0.107
"2022-04-17 21:00:00",16208,12.85,101.5231,0.419,188.7,5.043,17.71,100,0,0,2.286,18.35,18.45,0.12
"2022-04-17 22:00:00",16209,12.8,101.4987,0.014,191.9,0.806,17.71,100,0,0,2.286,18.49,18.58,0.115
"2022-04-17 23:00:00",16210,12.76,101.4662,0.18,194.5,2.796,17.66,100,0,0,0.254,18.41,18.48,0.113
"2022-04-18 00:00:00",16211,12.71,101.4094,0.123,195,2.742,17.66,100,0,0,1.016,18.41,18.55,0.108
"2022-04-18 01:00:00",16212,12.68,101.3445,0.197,194.6,3.813,17.63,100,0,0,0.508,18.32,18.42,0.105
"2022-04-18 02:00:00",16213,12.67,101.312,0.319,187.1,6.433,17.62,100,0,0,0.254,18.38,18.43,0.104
"2022-04-18 03:00:00",16214,12.65,101.1984,0.515,185.7,6.99,17.58,100,0,0,0,18.16,18.32,0.101
"2022-04-18 04:00:00",16215,12.65,101.1984,0.254,191,5.286,17.54,100,0,0,0.254,18.17,18.33,0.098
"2022-04-18 05:00:00",16216,12.69,101.1902,0.405,199.3,6.08,17.57,100,0,0,0,18.19,18.42,0.096
"2022-04-18 06:00:00",16217,12.72,101.1984,0.747,205.2,10.84,17.47,100,0,0,0.254,18.1,18.14,0.095
"2022-04-18 07:00:00",16218,12.66,101.2308,0.59,190.8,9.08,17.47,100,3.626,0.333,2.54,18.06,18.13,0.093
"2022-04-18 08:00:00",16219,12.65,101.3445,0.156,192,4.648,17.61,100,18.09,1.218,10.16,18.18,18.28,0.096
"2022-04-18 09:00:00",16220,12.67,101.377,0.381,196.4,6.209,17.77,100,34.41,2.394,3.81,18.27,18.4,0.128
"2022-04-18 10:00:00",16221,12.68,101.377,0.575,203.9,8.95,17.98,100,64.04,4.497,3.302,18.47,18.65,0.12
"2022-04-18 11:00:00",16222,12.71,101.3445,0.607,193.9,14.53,18.34,100,69.46,4.91,4.318,18.85,19.01,0.118
"2022-04-18 12:00:00",16223,12.74,101.2877,0.803,188.5,11.89,18.49,100,88.8,6.276,2.794,18.77,19.14,0.119
"2022-04-18 13:00:00",16224,12.91,101.2301,0.846,195.2,14.87,18.75,100,110.8,7.666,1.778,19.28,19.46,0.117
"2022-04-18 14:00:00",16225,12.76,101.2223,0.853,190.6,14.45,18.68,100,38.09,2.916,3.302,18.95,19.27,0.112
"2022-04-18 15:00:00",16226,12.71,101.2958,1.219,201.3,20.41,18.42,100,28.39,2.239,8.64,18.52,18.82,0.113
"2022-04-18 16:00:00",16227,12.7,101.3445,0.761,187.5,16.86,18.05,100,10.84,0.903,11.68,18.26,18.4,0.129
"2022-04-18 17:00:00",16228,12.7,101.3445,0.461,208.7,13.13,18.08,100,5.908,0.457,3.048,18.35,18.45,0.131
"2022-04-18 18:00:00",16229,12.7,101.3851,0.549,183.4,13.72,18.12,100,0.698,0.072,4.826,18.41,18.45,0.118
"2022-04-18 19:00:00",16230,12.7,101.45,0.779,177.5,16.52,17.83,100,0,0,1.016,18.03,18.19,0.117
"2022-04-18 20:00:00",16231,12.67,101.4662,0.363,178,9.66,17.69,100,0,0,1.524,18.03,18.07,0.11
"2022-04-18 21:00:00",16232,12.66,101.4825,0.2,205.2,4.791,17.71,100,0,0,0.254,18.14,18.19,0.106
"2022-04-18 22:00:00",16233,12.66,101.4987,0.255,199.3,5.297,17.7,100,0,0,0,18.08,18.12,0.101
"2022-04-18 23:00:00",16234,12.64,101.4987,0.041,194.6,3.071,17.92,100,0,0,0.254,18.19,18.3,0.096
"2022-04-19 00:00:00",16235,12.63,101.4825,0.59,175.6,16.67,17.87,100,0,0,3.048,17.88,18.21,0.094
"2022-04-19 01:00:00",16236,12.66,101.4662,0.802,203.5,14.04,17.6,100,0,0,0.254,17.78,17.9,0.097
"2022-04-19 02:00:00",16237,12.64,101.4419,0.643,206.2,12.8,17.71,100,0,0,0.762,17.92,18.03,0.1
"2022-04-19 03:00:00",16238,12.62,101.4013,1.168,207.6,17.53,17.85,100,0,0,0.254,18.02,18.08,0.099
"2022-04-19 04:00:00",16239,12.63,101.4013,1.008,204.8,16.82,17.91,100,0,0,2.794,18.02,18.12,0.097
"2022-04-19 05:00:00",16240,12.6,101.45,1.07,206.3,16.09,17.81,100,0,0,0,17.94,18.01,0.102
"2022-04-19 06:00:00",16241,12.67,101.4906,0.799,210.6,15.92,17.83,100,0,0,0,17.94,17.99,0.1
"2022-04-19 07:00:00",16242,12.66,101.5231,0.913,209.7,15.41,17.99,100,13.23,0.679,0.254,18,18.09,0.097
"2022-04-19 08:00:00",16243,12.69,101.6042,1,207.1,16.33,18.48,98.8,85.2,4.453,0,18.23,18.65,0.095
"2022-04-19 09:00:00",16244,12.81,101.6692,0.929,197.7,17.68,19.13,96.3,130.8,7.773,0,18.84,19.25,0.093
"2022-04-19 10:00:00",16245,13.17,101.693,0.94,193.1,17.91,20.77,94.6,362.6,18.35,0.508,19.95,21.16,0.091
"2022-04-19 11:00:00",16246,13.29,101.6686,0.499,179.4,16.59,21.3,94.7,355.4,19.48,0.254,21.36,21.97,0.09
"2022-04-19 12:00:00",16247,13.26,101.6685,0.505,154.8,16.07,22.16,88,305.5,18.08,0.254,21.92,22.67,0.09
"2022-04-19 13:00:00",16248,13.43,101.5497,1.493,150.7,25.4,23.79,73.84,652.5,33.3,0,22.08,23.63,0.091
"2022-04-19 14:00:00",16249,13.67,101.515,1.836,152.3,25.84,24.6,71.92,651.7,32.51,0,24.09,25.02,0.09
"2022-04-19 15:00:00",16250,13.73,101.5567,1.73,157.6,18.88,24.21,71.2,453.1,22.28,0,24.07,24.86,0.089
"2022-04-19 16:00:00",16251,13.65,101.5541,1.243,154,15.19,23.26,77.37,242.9,12.77,0,22,23.44,0.088
"2022-04-19 17:00:00",16252,13.13,101.5468,0.483,171.2,9.6,21.44,82.4,78.63,5.491,0,20.11,20.94,0.086
"2022-04-19 18:00:00",16253,13.07,101.6284,0.039,178.8,2.419,19,92.6,3.377,0.551,0,19.11,19.51,0.085
"2022-04-19 19:00:00",16254,13.03,101.6854,0.026,190.1,0.402,18.45,89.5,0,0,0,18.74,19.01,0.085
"2022-04-19 20:00:00",16255,13.01,101.7017,0.356,188.9,3.796,18.83,90.6,0,0,0,18.26,18.8,0.084
"2022-04-19 21:00:00",16256,12.99,101.726,0.295,189.5,4.029,17.77,94.8,0,0,0,17.4,17.88,0.083
"2022-04-19 22:00:00",16257,12.97,101.7341,0.494,195.3,4.285,17.21,95.5,0,0,0,17.16,17.3,0.083
"2022-04-19 23:00:00",16258,12.96,101.7341,0.643,196.6,5.844,17.35,95.7,0,0,0,17.21,17.42,0.082
"2022-04-20 00:00:00",16259,12.96,101.726,0.665,200.2,5.608,16.76,96.9,0,0,0,16.85,17.02,0.082
"2022-04-20 01:00:00",16260,12.94,101.7017,0.971,201.3,8.15,16.46,97.1,0,0,0,16.48,16.65,0.081
"2022-04-20 02:00:00",16261,12.9,101.6448,1,204.7,9.85,16.54,96.1,0,0,0,16.49,16.61,0.081
"2022-04-20 03:00:00",16262,12.88,101.6448,0.791,207.9,8.06,17.1,95.4,0,0,0,17,17.28,0.081
"2022-04-20 04:00:00",16263,12.88,101.5961,0.809,206.2,7.86,16.84,96.6,0,0,0,16.73,17.04,0.081
"2022-04-20 05:00:00",16264,12.91,101.6448,0.941,203.9,8.7,16.45,97.1,0,0,0,16.41,16.57,0.08
"2022-04-20 06:00:00",16265,12.92,101.6773,0.732,200.3,8.85,16.41,97.6,0.006,0,0,16.46,16.56,0.08
"2022-04-20 07:00:00",16266,12.92,101.7179,0.81,202.9,9.58,16.66,95.9,22.09,1.355,0,16.59,16.79,0.08
"2022-04-20 08:00:00",16267,12.99,101.7828,1.081,199.6,11.27,18.27,84.7,220.1,8.95,0,17.02,18.07,0.079
"2022-04-20 09:00:00",16268,13.75,101.7965,1.386,188.4,20.96,21.86,79.21,502.3,21.84,0,20.16,21.78,0.079
"2022-04-20 10:00:00",16269,13.77,101.7823,1.144,188.6,24.15,23.88,73.59,603,29.03,0,22.36,24.03,0.079
"2022-04-20 11:00:00",16270,13.76,101.7687,1.144,179.6,21.97,24.46,67.92,513.9,27.4,0,24.26,25.09,0.079
"2022-04-20 12:00:00",16271,13.9,101.7505,1.163,132.9,31.92,25.34,67.97,597.3,30.94,0,25.24,27.19,0.078
"2022-04-20 13:00:00",16272,13.95,101.6386,1.332,118.1,31.42,25.54,60.47,662.4,33.58,0,25.26,27.77,0.078
"2022-04-20 14:00:00",16273,14.03,101.5396,1.364,134.3,31.1,26.23,67.91,743.8,34.58,0,27.48,29,0.077
"2022-04-20 15:00:00",16274,14.03,101.4959,0.936,147.1,15.3,24,73.03,274,15.14,0,24.59,25.95,0.077
"2022-04-20 16:00:00",16275,13.99,101.5144,0.462,143.2,9.72,23.22,76.63,170.3,9.16,0,23.75,24.34,0.077
"2022-04-20 17:00:00",16276,13.22,101.5225,0.092,150.9,2.65,22.1,82.9,75.33,3.682,0,22.7,23.19,0.076
"2022-04-20 18:00:00",16277,12.99,101.5322,0.001,151.6,0,19.97,91.5,7.368,0.35,0,20.87,21.79,0.076
"2022-04-20 19:00:00",16278,12.91,101.5961,0.003,151.8,0.002,18.9,94.1,0,0,0,19.96,20.33,0.076
"2022-04-20 20:00:00",16279,12.88,101.6124,0.001,152.2,0,18.24,93.2,0,0,0,19.08,19.65,0.075
"2022-04-20 21:00:00",16280,12.88,101.6205,0.004,152.1,0.004,17.19,99.1,0,0,0,18.56,18.92,0.075
"2022-04-20 22:00:00",16281,12.92,101.5961,0.014,153.8,0.592,16.85,96.7,0,0,0,17.79,18.08,0.075
"2022-04-20 23:00:00",16282,12.9,101.5474,0.009,160.8,0.005,17.01,94.8,0,0,0,17.93,18.24,0.075
"2022-04-21 00:00:00",16283,12.89,101.5068,0.033,161.9,0.17,17.54,96.1,0,0,0,17.93,18.22,0.075
"2022-04-21 01:00:00",16284,12.88,101.4906,0.167,162.3,1.592,17.15,95,0,0,0,17.28,17.43,0.075
"2022-04-21 02:00:00",16285,12.87,101.4419,0.032,161.9,0.975,16.61,99.1,0,0,0,17.11,17.3,0.075
"2022-04-21 03:00:00",16286,12.87,101.377,0.052,164.8,0.138,16.13,95,0,0,0,16.71,16.97,0.074
"2022-04-21 04:00:00",16287,12.89,101.3688,0.386,165.9,0.953,17.3,95.7,0,0,0,16.81,16.94,0.074
"2022-04-21 05:00:00",16288,12.87,101.3688,0.749,173.8,1.959,17.15,94.3,0,0,0,16.77,16.92,0.074
"2022-04-21 06:00:00",16289,12.87,101.4094,0.478,175.6,0.41,16.97,94.4,0,0,0,16.59,16.68,0.074
"2022-04-21 07:00:00",16290,12.87,101.4338,0.496,176,1.118,17.49,86.4,41.92,1.891,0,16.61,16.81,0.074
"2022-04-21 08:00:00",16291,13.13,101.4826,0.535,176.2,1.54,20.54,78.85,221.6,9.51,0,17.38,18.49,0.074
"2022-04-21 09:00:00",16292,13.88,101.493,0.315,173.6,2.261,23.47,70.86,423.3,19.46,0,19.6,21.12,0.074
"2022-04-21 10:00:00",16293,13.93,101.4507,1.027,101.9,43.3,25.65,69.31,577.4,27.87,0,23.09,25.37,0.073
"2022-04-21 11:00:00",16294,14.03,101.4095,1.68,58.92,19.12,26.2,64.04,737.1,35.62,0,26.49,28.58,0.073
"2022-04-21 12:00:00",16295,14.01,101.3527,1.708,52.22,18.86,26.83,62.72,790.6,37.33,0,29.26,30.92,0.073
"2022-04-21 13:00:00",16296,13.99,101.2551,2.032,39.61,21.23,26.68,60.8,753.3,36.67,0,30.83,32.01,0.073
"2022-04-21 14:00:00",16297,14.06,101.2011,1.934,41.75,18.74,26.41,66.76,580.6,29.61,0,29.46,31.28,0.072
"2022-04-21 15:00:00",16298,14.04,101.1663,2.12,44.59,19.09,26.53,65.45,580.5,26.47,0,30.03,30.87,0.072
"2022-04-21 16:00:00",16299,14.16,101.1443,1.95,31.04,15.94,26.01,69.99,362.8,15.91,0,26.84,29.04,0.071
"2022-04-21 17:00:00",16300,13.2,101.1328,1.779,26.55,11.66,24.45,77.52,139.1,6.229,0,23.52,24.73,0.071
"2022-04-21 18:00:00",16301,12.99,101.1497,0.685,27.76,7.116,22.24,88.4,11.8,0.459,0,22.19,22.85,0.071
"2022-04-21 19:00:00",16302,12.96,101.1565,0.014,29.08,0.144,20.2,94.7,0,0,0,20.8,21.4,0.071
"2022-04-21 20:00:00",16303,12.93,101.1902,0,0,0,19.02,98.5,0,0,0,19.62,20.13,0.071
"2022-04-21 21:00:00",16304,12.91,101.1984,0,0,0,18.5,99.7,0,0,0,18.91,19.27,0.071
"2022-04-21 22:00:00",16305,12.89,101.1821,0,0,0,18.09,100,0,0,0,18.37,18.71,0.07
"2022-04-21 23:00:00",16306,12.87,101.174,0,0,0,17.82,100,0,0,0,18.1,18.26,0.07
"2022-04-22 00:00:00",16307,12.87,101.1091,0,0,0,17.38,100,0,0,0,17.64,17.88,0.07
"2022-04-22 01:00:00",16308,12.8,101.0847,0.006,20.32,0.006,17.53,100,0,0,0,17.53,17.65,0.07
"2022-04-22 02:00:00",16309,12.8,101.0441,0,0,0,17.11,100,0,0,0,17.44,17.54,0.07
"2022-04-22 03:00:00",16310,12.82,101.0117,0,0,0,16.31,100,0,0,0,17.16,17.29,0.07
"2022-04-22 04:00:00",16311,12.85,101.0117,0.001,19.81,0,16.42,100,0,0,0,16.96,17.12,0.07
"2022-04-22 05:00:00",16312,12.76,101.0117,0,0,0,17.26,100,0,0,0,17.22,17.61,0.07
"2022-04-22 06:00:00",16313,12.79,101.0604,0,0,0,16.58,100,0.031,0,0,16.67,17.12,0.07
"2022-04-22 07:00:00",16314,12.81,101.0928,0.02,19.32,0.062,18.23,100,26.15,1.324,0,16.68,18.08,0.07
"2022-04-22 08:00:00",16315,12.85,101.0933,0.305,16.79,2.496,20.37,93.2,241,9.34,0,19.36,20.66,0.07
"2022-04-22 09:00:00",16316,13.66,101.0722,0.907,8.79,7.796,24.05,79,421.3,19.65,0,22.54,23.39,0.07
"2022-04-22 10:00:00",16317,13.93,101.0355,1.521,345.1,24.65,26.09,70.89,619.7,29.27,0,23.98,26.11,0.07
"2022-04-22 11:00:00",16318,13.88,100.9382,1.545,8.04,20.11,26.98,66.14,679.4,33.7,0,28.14,29.56,0.07
"2022-04-22 12:00:00",16319,13.97,100.8737,1.942,11.36,23.42,27.71,64.35,738.2,36.14,0,30.85,31.84,0.069
"2022-04-22 13:00:00",16320,13.98,100.7928,2.047,17.03,21.79,27.97,63.98,762.3,36.05,0,31.16,32.54,0.069
"2022-04-22 14:00:00",16321,14.02,100.745,2.447,29.11,21.32,27.57,67.48,625.4,31.2,0,31.12,31.86,0.068
"2022-04-22 15:00:00",16322,14.03,100.7392,2.341,28.78,14.69,27.16,67.61,492.7,24.06,0,29.67,30.72,0.068
"2022-04-22 16:00:00",16323,13.98,100.7156,2.251,31.32,15.69,26.6,72.11,333.2,15.05,0,27,29.07,0.068
"2022-04-22 17:00:00",16324,13.08,100.7107,2.117,26.86,14.49,24.84,81.5,104.5,5.507,0,23.83,24.85,0.068
"2022-04-22 18:00:00",16325,12.98,100.7595,1.196,24.24,9.92,22.92,90.5,7.107,0.457,0,22.56,23.17,0.068
"2022-04-22 19:00:00",16326,12.95,100.8204,0.103,24.76,2.352,21.14,96.1,0,0,0,21.2,21.89,0.067
"2022-04-22 20:00:00",16327,12.93,100.8574,0,0,0,19.85,99.4,0,0,0,20.31,20.63,0.067
"2022-04-22 21:00:00",16328,12.91,100.8737,0,0,0,19.81,99.1,0,0,0,20.4,20.55,0.067
"2022-04-22 22:00:00",16329,12.89,100.8899,0,0,0,19.74,99,0,0,0,20.4,20.57,0.067
"2022-04-22 23:00:00",16330,12.88,100.8574,0,0,0,19.78,99,0,0,0,20.38,20.47,0.067
"2022-04-23 00:00:00",16331,12.87,100.8331,0.003,13.49,0.004,19.9,99.1,0,0,0,20.43,20.5,0.067
"2022-04-23 01:00:00",16332,12.86,100.8331,0,0,0,19.53,100,0,0,0,20.46,20.57,0.067
"2022-04-23 02:00:00",16333,12.85,100.8331,0.044,29.89,2.066,19.44,100,0,0,0,20.25,20.37,0.067
"2022-04-23 03:00:00",16334,12.85,100.8574,0,0,0,19.63,100,0,0,0,20.44,20.74,0.067
"2022-04-23 04:00:00",16335,12.84,100.8655,0.036,34.29,0.765,19.22,100,0,0,0,19.52,20.03,0.066
"2022-04-23 05:00:00",16336,12.84,100.898,0.02,35.16,0.071,19.35,100,0,0,0,19.5,19.73,0.066
"2022-04-23 06:00:00",16337,12.83,100.963,0.606,357.2,15.18,19.44,99.7,0,0,0,19.36,19.74,0.066
"2022-04-23 07:00:00",16338,12.81,100.9947,0.59,345.5,6.39,20.04,95.5,36.53,1.593,0,19.91,20.09,0.066
"2022-04-23 08:00:00",16339,13.06,101.0112,0.691,345.7,12.98,21.43,93.7,112.2,5.552,0,20.46,21.14,0.066
"2022-04-23 09:00:00",16340,13.31,101.0436,0.462,344,13.86,22.99,88.7,198.8,11.44,0,21.73,22.75,0.066
"2022-04-23 10:00:00",16341,13.67,100.9961,1.02,117.8,55.81,26.13,78.53,550.3,27.34,0,23.96,25.75,0.066
"2022-04-23 11:00:00",16342,13.85,100.9308,0.914,179.2,16.12,27.29,79.61,599.2,30.97,0,27.04,28.23,0.066
"2022-04-23 12:00:00",16343,13.9,100.8261,0.873,190.9,11.41,28.12,66.8,758,36.67,0,27.65,29.7,0.066
"2022-04-23 13:00:00",16344,13.9,100.7457,0.68,209.8,9.93,27.94,78.07,429,23.35,0,28.32,30.4,0.066
"2022-04-23 14:00:00",16345,14.01,100.7154,0.588,184.4,21.36,26.99,77.92,323.9,18.03,0,27.76,28.66,0.065
"2022-04-23 15:00:00",16346,14.03,100.6874,1.219,139.4,9.22,27.44,79.04,449.2,20.5,0,28.52,30.13,0.065
"2022-04-23 16:00:00",16347,13.92,100.6773,1.141,125.9,0.391,25.52,84.5,142.9,9.36,0,27.04,28.18,0.065
"2022-04-23 17:00:00",16348,13.05,100.6703,0.978,124.7,0.637,24.83,89.6,81,4.761,0,25.07,25.91,0.065
"2022-04-23 18:00:00",16349,12.98,100.6946,0.049,124.3,0.018,22.89,97.3,4.147,0.401,0,23.42,24.18,0.065
"2022-04-23 19:00:00",16350,12.95,100.7518,0.003,124.4,0.003,21.85,99,0,0,0,22.14,22.85,0.065
"2022-04-23 20:00:00",16351,12.93,100.7971,0,0,0,21.25,100,0,0,0,21.61,21.84,0.065
"2022-04-23 21:00:00",16352,12.88,100.7753,0,0,0,20.75,100,0,0,0,21.06,21.39,0.064
"2022-04-23 22:00:00",16353,12.89,100.7914,0,0,0,20.73,100,0,0,0,20.95,21.02,0.065
"2022-04-23 23:00:00",16354,12.88,100.7194,0.006,129.7,0.007,20.53,100,0,0,0,20.43,20.7,0.064
"2022-04-24 00:00:00",16355,12.87,100.6864,0,0,0,20.27,100,0,0,0,20.08,20.37,0.064
"2022-04-24 01:00:00",16356,12.86,100.6381,0.005,131.1,0,20.1,100,0,0,0,19.87,19.97,0.064
"2022-04-24 02:00:00",16357,12.85,100.6056,0.012,129.9,0.279,19.83,100,0,0,0,19.55,19.67,0.064
"2022-04-24 03:00:00",16358,12.83,100.5571,0.004,125.1,0.002,19.59,100,0,0,0,19.18,19.38,0.064
"2022-04-24 04:00:00",16359,12.83,100.5408,0.002,127.9,0.17,19.32,100,0,0,0,18.84,19,0.064
"2022-04-24 05:00:00",16360,12.82,100.5652,0,0,0,18.88,100,0,0,0,18.5,18.73,0.064
"2022-04-24 06:00:00",16361,12.82,100.6058,0,0,0,18.44,100,0.137,0,0,18.41,18.6,0.064
"2022-04-24 07:00:00",16362,12.82,100.6133,0.257,123.6,1.237,19.64,100,41.24,1.742,0,18.47,19.2,0.064
"2022-04-24 08:00:00",16363,13.04,100.6378,0.907,121.5,10.49,22,89.1,198.9,8.96,0,20.54,21.78,0.064
"2022-04-24 09:00:00",16364,13.68,100.6503,1.693,354.1,60.05,24.75,78.51,412.6,18.56,0,22.97,23.86,0.064
"2022-04-24 10:00:00",16365,14.05,100.6215,2.009,344.5,24.27,26.62,72.68,582.7,27.34,0,25.58,27.35,0.064
"2022-04-24 11:00:00",16366,14.15,100.5813,2.148,351.7,26.44,28.2,66.75,700.5,34.01,0,29.32,30.58,0.063
"2022-04-24 12:00:00",16367,14.16,100.5008,1.906,340.1,25.38,29.56,62.35,750.8,36.8,0,32.03,32.98,0.063
"2022-04-24 13:00:00",16368,14.13,100.4277,1.77,357.9,32.05,30.55,63.17,731.1,35.7,0,33.85,34.5,0.063
"2022-04-24 14:00:00",16369,14.17,100.3778,1.628,15.56,21.56,31.02,59.53,648.7,31.35,0,34.6,34.9,0.062
"2022-04-24 15:00:00",16370,14.11,100.379,1.223,11.87,22.47,31.73,57.17,503.6,23.61,0,33.93,34.72,0.062
"2022-04-24 16:00:00",16371,13.88,100.4155,1.719,24.43,16.92,29.78,78.2,295.9,12.13,0,29.51,32.12,0.062
"2022-04-24 17:00:00",16372,13.03,100.4429,1.448,30.37,11.39,27,88.2,89,4.83,0,26.07,27.41,0.062
"2022-04-24 18:00:00",16373,12.98,100.5079,0.489,29.31,5.838,24.61,95.7,2.896,0.375,0,24.46,25.35,0.062
"2022-04-24 19:00:00",16374,12.95,100.581,0.065,37.43,0.211,23.38,98.5,0,0,0,23.15,23.85,0.061
"2022-04-24 20:00:00",16375,12.93,100.6308,0,0,0,22.36,100,0,0,0,22.46,22.85,0.061
"2022-04-24 21:00:00",16376,12.9,100.7271,0.332,359.4,9.99,22.9,99,0,0,0,22.29,23.02,0.061
"2022-04-24 22:00:00",16377,12.89,100.7352,0.001,351.9,0,23.34,99.2,0,0,0,23.62,23.88,0.061
"2022-04-24 23:00:00",16378,12.89,100.7596,0,0,0,23.43,99.2,0,0,0,23.98,24.05,0.061
"2022-04-25 00:00:00",16379,12.88,100.7515,0.863,77.26,35.01,22.68,98.5,0,0,0,22.37,23.16,0.061
"2022-04-25 01:00:00",16380,12.87,100.728,0.183,101.7,0.043,21.63,99.4,0,0,0,22.35,22.52,0.061
"2022-04-25 02:00:00",16381,12.85,100.7036,0.04,101.7,0.007,21.21,100,0,0,0,22.12,22.33,0.061
"2022-04-25 03:00:00",16382,12.84,100.696,0.381,101.8,0.049,21.29,99.8,0,0,0,21.81,21.96,0.061
"2022-04-25 04:00:00",16383,12.83,100.7044,0.88,102,0.192,21.09,99.3,0,0,0,21.37,21.62,0.061
"2022-04-25 05:00:00",16384,12.83,100.7627,0.761,102.5,0.13,20.75,99.7,0,0,0,21.26,21.36,0.061
"2022-04-25 06:00:00",16385,12.82,100.7966,0.999,102.7,0.226,20.43,98.2,0,0,0,20.77,21.05,0.061
"2022-04-25 07:00:00",16386,12.82,100.822,0.796,102.9,0.169,20.28,97.5,13.63,0.796,0,20.72,20.82,0.06
"2022-04-25 08:00:00",16387,12.83,100.8895,0.989,106.2,3.441,21.32,92.5,149.1,6.491,0,20.99,21.76,0.061
"2022-04-25 09:00:00",16388,13.26,100.9219,1.208,114.2,0.854,21.58,91.6,147.1,7.457,0,22.13,22.53,0.061
"2022-04-25 10:00:00",16389,13.39,100.93,1.336,122.2,13.8,22.07,85.6,262.8,15.29,0,22.57,23.39,0.06
"2022-04-25 11:00:00",16390,13.73,100.9056,1.473,181.5,14.21,22.77,88,297.6,17.68,0,24.14,24.68,0.06
"2022-04-25 12:00:00",16391,13.77,100.8488,1.374,180.2,14.54,22.61,87.5,227.2,13.82,0,23.69,24.33,0.06
"2022-04-25 13:00:00",16392,13.33,100.8082,1.317,180.7,15.79,22.76,90.4,156.2,10.48,0,23.21,24.18,0.06
"2022-04-25 14:00:00",16393,13.33,100.7758,1.339,184.3,15.88,23.11,81.6,305.5,18,0,23.14,24.48,0.06
"2022-04-25 15:00:00",16394,13.65,100.719,0.869,168.7,11.69,23.62,86.3,171.8,10.48,0,23.85,24.91,0.06
"2022-04-25 16:00:00",16395,13.01,100.8082,1.534,185.3,19.26,20.86,93.9,42.94,2.857,0,21.25,22.13,0.06
"2022-04-25 17:00:00",16396,12.97,100.8206,1.372,188,16.92,19.95,93.9,20.39,1.037,0,20.71,20.92,0.06
"2022-04-25 18:00:00",16397,12.94,100.921,1.578,182.7,16.53,19.77,93.4,3.391,0.196,0,20.13,20.44,0.06
"2022-04-25 19:00:00",16398,12.93,100.9543,1.454,186.5,15.1,19.52,92.5,0,0,0,19.89,20.04,0.059
"2022-04-25 20:00:00",16399,12.91,101.0766,1.576,190.9,18.81,19.51,90.8,0,0,0,19.75,19.81,0.06
"2022-04-25 21:00:00",16400,12.89,101.1573,1.307,194.4,14.54,19.62,90.8,0,0,0,19.82,19.9,0.059
"2022-04-25 22:00:00",16401,12.87,101.1818,1.68,191.3,18.61,19.67,89.7,0,0,0,19.79,19.84,0.059
"2022-04-25 23:00:00",16402,12.87,101.1243,1.723,191.4,22.92,19.63,87.7,0,0,0,19.65,19.74,0.059
"2022-04-26 00:00:00",16403,12.86,101.1488,1.668,192.3,21.26,19.66,86.2,0,0,0,19.65,19.68,0.059
"2022-04-26 01:00:00",16404,12.84,101.1491,1.614,193.1,25.71,19.55,86.3,0,0,0,19.37,19.63,0.059
"2022-04-26 02:00:00",16405,12.82,101.109,1.802,189.8,26.58,19.31,85.1,0,0,0,19.16,19.34,0.059
"2022-04-26 03:00:00",16406,12.81,101.0928,1.663,183.9,22.92,18.69,82.7,0,0,0,18.42,18.67,0.059
"2022-04-26 04:00:00",16407,12.81,101.1415,1.713,189.8,24.39,18.24,80.4,0,0,0,17.88,18.09,0.059
"2022-04-26 05:00:00",16408,12.79,101.1821,1.53,195.2,23.55,17.75,80.2,0,0,0,17.39,17.7,0.059
"2022-04-26 06:00:00",16409,12.8,101.239,1.593,189.3,20.54,17.6,77.04,0,0,0,17.48,17.62,0.059
"2022-04-26 07:00:00",16410,12.79,101.2877,1.393,188.2,21.11,17.42,74.01,32.23,1.426,0,17.08,17.32,0.059
"2022-04-26 08:00:00",16411,12.99,101.3526,1.619,193.7,21.95,18.26,73.88,129.1,7.136,0,17.63,18.14,0.059
"2022-04-26 09:00:00",16412,13.4,101.3646,1.655,188.9,21.17,19.49,72.21,226.9,13.45,0,18.13,19.43,0.059
"2022-04-26 10:00:00",16413,13.72,101.3845,1.968,182,26.84,20.98,66.38,326.3,19.6,0,20.77,21.33,0.058
"2022-04-26 11:00:00",16414,14.14,101.3407,2.128,176.7,27.45,23.22,65.09,621.9,31.62,0,22.64,24.28,0.058
"2022-04-26 12:00:00",16415,14.19,101.2741,1.798,173.6,26.39,24.71,61.07,765.9,37.23,0,25.7,26.97,0.058
"2022-04-26 13:00:00",16416,14.21,101.1907,1.68,168.9,26.83,25.14,59.63,753.9,36.5,0,27.63,28.1,0.058
"2022-04-26 14:00:00",16417,14.04,101.1658,1.466,160.5,24.88,25.15,61.47,665.2,31.87,0,27.36,27.97,0.058
"2022-04-26 15:00:00",16418,14.08,101.1448,1.625,154.7,23.03,24.6,65.63,516.2,23.93,0,26.27,27.04,0.057
"2022-04-26 16:00:00",16419,13.49,101.1527,1.308,154,21.89,24.14,68.87,329.4,14.3,0,23.59,25.76,0.057
"2022-04-26 17:00:00",16420,13.02,101.1978,1.298,160.5,18.55,22.02,76.52,85.3,5.006,0,20.5,21.78,0.057
"2022-04-26 18:00:00",16421,12.97,101.2549,0.818,159.6,12.02,19.76,78.83,2.526,0.349,0,18.69,19.59,0.056
"2022-04-26 19:00:00",16422,12.94,101.3445,0.058,158.4,2.029,17.4,91,0,0,0,17.11,18.1,0.057
"2022-04-26 20:00:00",16423,12.92,101.4175,0.446,200.3,11.62,16.84,82.7,0,0,0,16.52,16.71,0.056
"2022-04-26 21:00:00",16424,12.9,101.4906,0.777,218.8,12.53,16.6,85.8,0,0,0,16.33,16.53,0.056
"2022-04-26 22:00:00",16425,12.88,101.5231,0.608,218.1,11.34,16.01,86.7,0,0,0,16.02,16.22,0.056
"2022-04-26 23:00:00",16426,12.87,101.515,0.608,216,12.07,15.84,87.1,0,0,0,15.85,15.96,0.056
"2022-04-27 00:00:00",16427,12.86,101.515,0.55,221,9.52,15.64,89.4,0,0,0,15.61,15.8,0.056
"2022-04-27 01:00:00",16428,12.85,101.4906,0.408,202.6,9.21,15.21,92.5,0,0,0,15.49,15.58,0.056
"2022-04-27 02:00:00",16429,12.83,101.4988,0.625,196.9,13.58,15.29,94.6,0,0,0,15.46,15.54,0.056
"2022-04-27 03:00:00",16430,12.82,101.4825,0.64,201.6,11.32,15.4,95.2,0,0,0,15.49,15.61,0.056
"2022-04-27 04:00:00",16431,12.81,101.5312,0.498,193.9,10.74,15.37,93.8,0,0,0,15.54,15.62,0.056
"2022-04-27 05:00:00",16432,12.8,101.5393,1.022,197.3,16.37,16.12,90.7,0,0,0,15.64,15.8,0.055
"2022-04-27 06:00:00",16433,12.79,101.6043,0.946,197.1,16.6,16.19,89.1,0,0,0,15.7,15.78,0.055
"2022-04-27 07:00:00",16434,12.78,101.6611,1.172,194.3,18.25,16.86,83.5,21.9,1.537,0,15.72,16.05,0.056
"2022-04-27 08:00:00",16435,12.85,101.7414,0.931,192.3,17.4,18.87,72.02,187.2,8.62,0,16.38,17.58,0.055
"2022-04-27 09:00:00",16436,13.71,101.7903,1.583,192.3,23.62,21.58,65.55,420.2,18.87,0,19.4,20.99,0.055
"2022-04-27 10:00:00",16437,14.04,101.7922,1.777,178.7,27.6,23.27,64.09,609.8,28.17,0,22.46,24.07,0.055
"2022-04-27 11:00:00",16438,13.98,101.7605,2.028,178.8,28.44,24.15,65.09,705.2,34.13,0,25.12,25.83,0.055
"2022-04-27 12:00:00",16439,13.94,101.704,1.848,181.3,28.64,24.53,65.02,605.2,30.53,0,25.08,26.81,0.055
"2022-04-27 13:00:00",16440,13.99,101.6479,1.895,160.8,26.97,24.48,60.22,585.2,30.32,0,25.51,26.7,0.055
"2022-04-27 14:00:00",16441,13.98,101.6317,1.961,157.7,28.88,24.72,56.24,641.3,31.16,0,26.16,27.32,0.054
"2022-04-27 15:00:00",16442,13.95,101.6406,1.939,158.9,24.1,24.35,66.12,494.6,23.23,0,25.74,26.62,0.054
"2022-04-27 16:00:00",16443,13.42,101.6743,1.678,159.4,27.79,23.28,69.04,302.7,13.64,0,22.53,24.86,0.054
"2022-04-27 17:00:00",16444,13,101.6767,0.993,179.1,21.24,21.39,82.7,83,4.945,0,20.54,21.34,0.053
"2022-04-27 18:00:00",16445,12.96,101.7175,0.273,181.9,10.42,18.77,85.5,2.165,0.327,0,18.39,19.38,0.053
"2022-04-27 19:00:00",16446,12.93,101.7504,0.358,193.3,5.204,17.58,87.4,0,0,0,17.46,17.89,0.053
"2022-04-27 20:00:00",16447,12.91,101.7828,0.085,197.4,3.538,16.85,96.3,0,0,0,17.02,17.45,0.053
"2022-04-27 21:00:00",16448,12.9,101.7504,0.17,207.7,3.529,16.42,95.6,0,0,0,16.67,16.89,0.053
"2022-04-27 22:00:00",16449,12.88,101.7504,0.562,209.7,10.01,16.74,93.5,0,0,0,16.79,16.92,0.053
"2022-04-27 23:00:00",16450,12.87,101.7422,0.617,196.5,9.5,16.61,97.8,0,0,0,16.98,17.18,0.053
"2022-04-28 00:00:00",16451,12.86,101.6935,0.587,204.3,11.2,16.24,96.3,0,0,0,16.89,17.1,0.053
"2022-04-28 01:00:00",16452,12.85,101.6367,0.687,200.4,11.37,16.08,96.6,0,0,0,16.2,16.51,0.053
"2022-04-28 02:00:00",16453,12.83,101.6042,1.088,212.3,20.67,15.41,97.7,0,0,0,15.7,15.94,0.053
"2022-04-28 03:00:00",16454,12.82,101.5312,0.958,220.8,14.97,15.27,96.9,0,0,0,15.72,16.01,0.052
"2022-04-28 04:00:00",16455,12.8,101.4987,0.81,228.2,11.38,15.44,95.9,0,0,0,15.72,15.9,0.052
"2022-04-28 05:00:00",16456,12.79,101.515,0.728,226.7,8.83,16.44,94.5,0,0,0,16.29,16.73,0.053
"2022-04-28 06:00:00",16457,12.78,101.5393,0.827,218.8,10.06,16.34,94.7,0,0,0,16.41,16.68,0.052
"2022-04-28 07:00:00",16458,12.77,101.588,0.573,216.5,8.68,16.63,92.8,21.66,1.453,0,16.48,16.8,0.052
"2022-04-28 08:00:00",16459,12.88,101.6367,0.486,220.4,8.26,17.63,86.8,118.7,6.87,0,16.93,17.77,0.052
"2022-04-28 09:00:00",16460,13.48,101.6443,0.377,223.7,6.51,21.42,72.95,342.9,16.86,0,19.02,20.59,0.052
"2022-04-28 10:00:00",16461,14.04,101.6144,0.778,272.8,49.04,23.97,66.89,583.4,27.39,0,22.42,25.4,0.052
"2022-04-28 11:00:00",16462,13.95,101.5228,1.245,16.2,25.13,24.91,66.85,679.2,32.4,0,27.44,29.19,0.052
"2022-04-28 12:00:00",16463,13.94,101.4272,1.54,23.98,15.14,25.26,66.54,615,30.66,0,29.19,30.29,0.052
"2022-04-28 13:00:00",16464,13.97,101.3057,2.198,52.95,20.34,25.02,73.39,610.8,29.59,0,29.25,30.81,0.051
"2022-04-28 14:00:00",16465,14.05,101.2423,2.304,42.29,20.76,25.27,67.77,632.6,29.86,0,29.04,30.77,0.051
"2022-04-28 15:00:00",16466,14,101.2251,2.079,30.25,18.21,25.25,67.38,498.3,22.82,0,29.07,30.36,0.051
"2022-04-28 16:00:00",16467,13.52,101.2109,2.126,27.66,16.76,24.44,69.63,310.7,13.32,0,24.94,27.55,0.05
"2022-04-28 17:00:00",16468,13.01,101.1978,2.123,29.91,15.83,22.73,78.92,79.96,4.499,0,21.98,23.05,0.05
"2022-04-28 18:00:00",16469,12.93,101.2098,0.81,28.31,8.09,20.55,90.7,2.283,0.287,0,20.47,21.26,0.05
"2022-04-28 19:00:00",16470,12.94,101.2633,0,0,0,18.4,96.3,0,0,0,18.29,19.11,0.05
"2022-04-28 20:00:00",16471,12.91,101.3201,0,0,0,17.09,99,0,0,0,17.24,17.82,0.05
"2022-04-28 21:00:00",16472,12.87,101.3364,0,0,0,16.58,100,0,0,0,16.94,17.17,0.05
"2022-04-28 22:00:00",16473,12.88,101.3364,0.001,17.81,0,16.83,98.9,0,0,0,16.5,16.72,0.049
"2022-04-28 23:00:00",16474,12.84,101.2714,0.002,17.34,0,16.26,99.9,0,0,0,16.33,16.48,0.049
"2022-04-29 00:00:00",16475,12.85,101.2308,0,0,0,15.74,100,0,0,0,15.95,16.14,0.049
"2022-04-29 01:00:00",16476,12.82,101.1984,0.002,16.86,0.028,15.61,100,0,0,0,15.4,15.7,0.049
"2022-04-29 02:00:00",16477,12.81,101.1091,0,0,0,15.39,100,0,0,0,15.46,15.67,0.049
"2022-04-29 03:00:00",16478,12.8,101.0847,0.003,15.81,0,15.97,100,0,0,0,15.28,15.58,0.049
"2022-04-29 04:00:00",16479,12.77,101.0685,0,0,0,14.66,100,0,0,0,15.02,15.28,0.049
"2022-04-29 05:00:00",16480,12.75,101.0698,0,0,0,13.96,100,0,0,0,14.57,14.84,0.049
"2022-04-29 06:00:00",16481,12.74,101.081,0,0,0,13.68,100,0,0,0,14.34,14.46,0.049
"2022-04-29 07:00:00",16482,12.73,101.1346,0.005,15.79,0.008,14.7,100,32.42,1.446,0,14.14,14.42,0.049
"2022-04-29 08:00:00",16483,13.01,101.1659,0.254,4.28,6.689,18.1,89.4,200.5,8.22,0,15.75,18.08,0.049
"2022-04-29 09:00:00",16484,13.75,101.1086,1.909,336.8,18.9,21.63,73.48,414.3,18.02,0,19.79,21.09,0.049
"2022-04-29 10:00:00",16485,14.25,101.0723,2.394,343,24.23,23.85,65.91,587.1,26.91,0,23.2,25.36,0.049
"2022-04-29 11:00:00",16486,14.21,100.9717,2.435,356.3,26.59,25.33,62.89,705.2,33.21,0,27.25,28.61,0.049
"2022-04-29 12:00:00",16487,14.11,100.8499,2.625,355.1,29.34,26.08,59.2,752.2,35.72,0,29.66,30.31,0.048
"2022-04-29 13:00:00",16488,14.25,100.7278,2.433,8.09,26.32,26.92,57.11,737.7,34.92,0,30.57,31.49,0.048
"2022-04-29 14:00:00",16489,14.25,100.6235,2.384,8.23,25.41,27.39,56.88,653,30.55,0,31.11,31.88,0.048
"2022-04-29 15:00:00",16490,14.2,100.5891,2.363,15.69,25.72,27.31,59.57,508,22.83,0,29.89,30.78,0.047
"2022-04-29 16:00:00",16491,13.45,100.5745,2.24,25.96,20.64,26.37,71.67,308.8,12.92,0,26.07,28.51,0.047
"2022-04-29 17:00:00",16492,13.01,100.5729,2.008,26.81,15.65,23.94,81.9,75.89,4.398,0,22.8,24.05,0.047
"2022-04-29 18:00:00",16493,12.95,100.6134,1.147,14.38,13.55,21.88,87.5,1.67,0.275,0,20.9,21.75,0.046
"2022-04-29 19:00:00",16494,12.94,100.6276,0.463,7.318,7.266,20.75,91.9,0,0,0,20.22,20.56,0.046
"2022-04-29 20:00:00",16495,12.9,100.6626,0.065,2.595,2.616,19.8,95.8,0,0,0,18.84,19.48,0.046
"2022-04-29 21:00:00",16496,12.86,100.6626,0.135,10.61,2.67,19.48,95.9,0,0,0,18.3,18.53,0.046
"2022-04-29 22:00:00",16497,12.88,100.6706,0.452,7.566,7.577,20.48,96.1,0,0,0,18.66,19.26,0.046
"2022-04-29 23:00:00",16498,12.87,100.6626,0.012,0.026,0.945,19.75,98.8,0,0,0,18.18,18.62,0.046
"2022-04-30 00:00:00",16499,12.85,100.6382,0.08,4.543,2.651,19.74,99.1,0,0,0,17.84,18.08,0.046
"2022-04-30 01:00:00",16500,12.86,100.5733,0.08,4.38,3.583,19.82,99.8,0,0,0,17.74,17.91,0.046
"2022-04-30 02:00:00",16501,12.83,100.5408,0.079,356.6,3.395,19.82,98,0,0,0,17.81,18.24,0.046
"2022-04-30 03:00:00",16502,12.83,100.5327,0.454,9.82,8.27,20.01,90.1,0,0,0,18.55,18.91,0.046
"2022-04-30 04:00:00",16503,12.82,100.687,0.834,216.4,41.76,18.82,98.1,0,0,0,17.86,18.14,0.046
"2022-04-30 05:00:00",16504,12.79,100.6545,0.189,201.7,5.074,17.68,100,0,0,0,17,17.8,0.046
"2022-04-30 06:00:00",16505,12.79,100.7113,0.231,205,4.93,18.03,99.7,0,0,0,16.99,17.7,0.046
"2022-04-30 07:00:00",16506,12.75,100.7681,0.268,192.7,5.585,18.76,95.4,26.58,1.393,0,17.88,18.31,0.046
"2022-04-30 08:00:00",16507,12.98,100.8482,0.583,198.4,8.13,20.37,91.7,98.7,5.119,0,19.02,19.88,0.046
"2022-04-30 09:00:00",16508,13.33,100.8732,1.131,197.1,16.23,22.06,79.13,363.8,15.1,0,20.41,21.81,0.046
"2022-04-30 10:00:00",16509,14.03,100.8904,1.854,184.6,25.77,24.81,70.56,563.3,26.32,0,23.56,25.1,0.045
"2022-04-30 11:00:00",16510,13.97,100.8177,2.111,193.1,24.68,25.92,69.3,686,32.18,0,26.06,27.5,0.045
"2022-04-30 12:00:00",16511,13.98,100.8355,2.321,184.1,29.23,25.95,73.43,613.2,31.22,0,26.54,28.12,0.045
"2022-04-30 13:00:00",16512,14.1,100.8222,2.38,189.3,35.79,25.03,69.17,527.2,27,0,25.91,26.83,0.045
"2022-04-30 14:00:00",16513,13.5,100.897,2.412,181.6,33.83,24.04,79.68,276.2,15.7,0,23.67,25.74,0.044
"2022-04-30 15:00:00",16514,13.19,100.9469,1.879,182.6,30.3,20.79,91.8,77.8,4.912,0,20.8,21.79,0.044
"2022-04-30 16:00:00",16515,13.75,101.0112,1.906,175.2,34.44,21.64,84.8,232.6,10.35,0,21.11,21.75,0.044
"2022-04-30 17:00:00",16516,13,101.1492,1.564,164.7,28.15,21.69,95.4,80.1,3.303,0,21.05,21.58,0.044
"2022-04-30 18:00:00",16517,12.95,101.2214,0.567,192.6,16.97,19.53,99.4,1.296,0.089,0.508,19.94,20.41,0.044
"2022-04-30 19:00:00",16518,12.94,101.2714,0.474,219,12.59,19.16,100,0,0,0,19.57,19.81,0.044
"2022-04-30 20:00:00",16519,12.92,101.4012,0.966,200,19.3,18.98,98.8,0,0,0,19.02,19.52,0.044
"2022-04-30 21:00:00",16520,12.91,101.4094,0.712,190.4,14.63,18.46,99.4,0,0,0,18.56,18.8,0.044
"2022-04-30 22:00:00",16521,12.9,101.5068,0.617,209.2,12.59,17.93,100,0,0,0,18.04,18.3,0.043
"2022-04-30 23:00:00",16522,12.88,101.5231,0.482,219.7,7.807,17.33,100,0,0,0,17.61,17.83,0.043
"2022-05-01 00:00:00",16523,12.87,101.515,0.496,221.7,9.24,16.85,100,0,0,0,17.24,17.43,0.044
"2022-05-01 01:00:00",16524,12.85,101.5312,0.535,224.1,9.08,16.61,100,0,0,0,17.04,17.16,0.043
"2022-05-01 02:00:00",16525,12.84,101.5231,0.821,225.4,11.18,16.69,100,0,0,0.254,16.96,17.02,0.043
"2022-05-01 03:00:00",16526,12.82,101.5312,0.558,220.8,7.923,16.6,99.4,0,0,0,16.69,16.85,0.043
"2022-05-01 04:00:00",16527,12.81,101.5718,0.448,214.5,8.16,16.39,99.4,0,0,0,16.57,16.63,0.043
"2022-05-01 05:00:00",16528,12.79,101.588,0.315,212.1,5.955,16.18,98.3,0,0,0,16.29,16.44,0.043
"2022-05-01 06:00:00",16529,12.77,101.653,0.314,211.9,6.413,15.93,98.3,0,0,0,15.9,16.12,0.043
"2022-05-01 07:00:00",16530,12.76,101.726,0.384,208,8.19,16.06,94.2,28.64,1.419,0,15.86,16.07,0.043
"2022-05-01 08:00:00",16531,13.03,101.8153,0.549,206.8,8.7,18.67,84.5,214.6,8.46,0,16.67,17.65,0.043
"2022-05-01 09:00:00",16532,13.75,101.8791,0.721,200.8,12.59,21.27,76.14,405,18.16,0,18.67,19.76,0.043
"2022-05-01 10:00:00",16533,14.24,101.9155,1.507,191.6,22.16,23.27,72.47,577.5,27.02,0,20.87,22.17,0.043
"2022-05-01 11:00:00",16534,14.07,101.8969,1.72,177.6,23.58,24.83,66.18,685.3,33.17,0,23.68,25.16,0.043
"2022-05-01 12:00:00",16535,13.94,101.8232,1.597,170,26.23,25.67,64.19,707.5,34.97,0,26.06,27.35,0.043
"2022-05-01 13:00:00",16536,13.98,101.7679,1.557,169.7,25.76,25.91,61.88,650.3,32.25,0,26.87,28.13,0.043
"2022-05-01 14:00:00",16537,13.93,101.7497,1.487,160.2,23.78,26.17,60.92,585.5,28.65,0,27.71,28.67,0.042
"2022-05-01 15:00:00",16538,14.04,101.7589,1.405,147.9,20.34,25.82,67.88,494.4,23.31,0,27.12,28.04,0.042
"2022-05-01 16:00:00",16539,13.54,101.7695,1.08,159.8,18.9,24.87,72.53,278.3,13.03,0,24.1,26.09,0.042
"2022-05-01 17:00:00",16540,13,101.7903,0.647,158.6,14.39,22.75,82.2,68.71,4.354,0,21.5,22.45,0.041
"2022-05-01 18:00:00",16541,12.95,101.8057,0.007,176.3,0.009,19.72,94.2,1.597,0.248,0,19.29,20.44,0.041
"2022-05-01 19:00:00",16542,12.93,101.8072,0.003,176.3,0.006,18.24,96.9,0,0,0,17.83,18.53,0.041
"2022-05-01 20:00:00",16543,12.91,101.8721,0.018,176.8,0.077,17.76,95.7,0,0,0,17.06,17.46,0.041
"2022-05-01 21:00:00",16544,12.89,101.9208,0.354,180.3,2.6,18.32,92.6,0,0,0,17.06,17.56,0.041
"2022-05-01 22:00:00",16545,12.88,101.9371,0.715,198.8,10.13,18.15,93.2,0,0,0,17.54,17.65,0.041
"2022-05-01 23:00:00",16546,12.87,101.929,0.652,202.8,9.4,17.64,94.6,0,0,0,17.15,17.42,0.041
"2022-05-02 00:00:00",16547,12.83,101.9127,0.725,207.7,10.35,16.99,93.5,0,0,0,16.83,16.97,0.041
"2022-05-02 01:00:00",16548,12.8,101.9127,0.84,211.6,11.56,16.7,94.6,0,0,0,16.35,16.63,0.041
"2022-05-02 02:00:00",16549,12.81,101.8478,0.975,214.2,13.63,15.94,94.5,0,0,0,15.79,16.03,0.04
"2022-05-02 03:00:00",16550,12.81,101.8072,0.97,205.2,11.48,15.44,94.2,0,0,0,15.19,15.54,0.041
"2022-05-02 04:00:00",16551,12.77,101.791,0.871,199.1,12.75,14.9,94.9,0,0,0,14.83,15.01,0.041
"2022-05-02 05:00:00",16552,12.74,101.7992,0.821,197.5,12.34,14.73,91.6,0,0,0,14.61,14.7,0.04
"2022-05-02 06:00:00",16553,12.72,101.8317,0.781,204.7,12.1,14.82,88.4,0,0,0,14.39,14.51,0.04
"2022-05-02 07:00:00",16554,12.75,101.8722,0.952,222,13.16,15.15,81.8,32.2,1.406,0,14.32,14.52,0.04
"2022-05-02 08:00:00",16555,13.05,101.9452,1.023,214.2,16.54,17.59,75.22,204.3,8.3,0,15.02,16.36,0.04
"2022-05-02 09:00:00",16556,13.74,101.977,1.174,204.7,22.71,21.18,70.57,404.4,18.02,0,18.04,20.12,0.04
"2022-05-02 10:00:00",16557,14.2,101.9553,1.402,194.6,26.87,23.66,65.58,572.6,26.85,0,22.09,23.84,0.04
"2022-05-02 11:00:00",16558,14.17,101.9118,1.298,178.8,28.81,25.37,61.74,684.4,33.06,0,25.47,26.63,0.04
"2022-05-02 12:00:00",16559,13.84,101.8229,1.146,179.2,27.4,26.3,60.8,696,34.66,0,27.53,28.49,0.04
"2022-05-02 13:00:00",16560,13.94,101.7338,1.201,178.4,28.75,26.94,58.75,702.1,34.11,0,28.32,29.59,0.04
"2022-05-02 14:00:00",16561,13.95,101.6703,1.279,181.1,28.7,26.83,52.67,606,29.47,0,28.94,29.48,0.039
"2022-05-02 15:00:00",16562,14.17,101.6619,1.052,149.2,24.68,26.93,54.65,485.1,22.71,0,27.7,29.09,0.039
"2022-05-02 16:00:00",16563,13.4,101.6638,1.264,153,21.15,25.28,69.45,292,13.09,0,24,26.26,0.039
"2022-05-02 17:00:00",16564,13,101.6848,0.617,152.1,13.26,23.16,81.8,61.9,4.272,0,21.9,22.8,0.039
"2022-05-02 18:00:00",16565,12.95,101.6998,0.013,171.3,0.613,19.89,88.2,1.5,0.231,0,18.8,20.34,0.039
"2022-05-02 19:00:00",16566,12.93,101.7585,0.06,165.2,2.326,18.74,97,0,0,0,18.11,18.57,0.039
"2022-05-02 20:00:00",16567,12.91,101.7747,0.003,172.8,0.018,18.08,98.2,0,0,0,17.33,17.63,0.039
"2022-05-02 21:00:00",16568,12.89,101.8153,0.025,172.8,0.616,18.63,96.2,0,0,0,17.3,18.02,0.039
"2022-05-02 22:00:00",16569,12.85,101.8153,0.128,177.2,2.278,18.79,97.9,0,0,0,18.15,18.62,0.038
"2022-05-02 23:00:00",16570,12.85,101.7828,0.325,184.3,9.88,18.41,98.7,0,0,0,18.33,18.57,0.039
"2022-05-03 00:00:00",16571,12.83,101.791,0.617,209.1,12.59,18.07,99.1,0,0,0,18.43,18.56,0.039
"2022-05-03 01:00:00",16572,12.85,101.726,0.091,228.3,1.266,17.81,99.7,0,0,0,18.78,18.97,0.038
"2022-05-03 02:00:00",16573,12.83,101.7179,0.073,229,0.91,17.31,100,0,0,0,18.36,18.73,0.038
"2022-05-03 03:00:00",16574,12.8,101.7017,0.21,229.6,3.338,16.59,100,0,0,0,17.26,17.61,0.038
"2022-05-03 04:00:00",16575,12.81,101.6773,0.453,226,8.8,16.55,100,0,0,0,17.11,17.18,0.038
"2022-05-03 05:00:00",16576,12.79,101.653,0.321,220.8,6.325,16.48,100,0,0,0,16.86,17,0.038
"2022-05-03 06:00:00",16577,12.77,101.6854,0.466,219.2,9.34,16.69,100,0,0,0,16.82,16.92,0.038
"2022-05-03 07:00:00",16578,12.76,101.7098,0.062,221.4,2.365,16.67,99.5,27.15,1.352,0,16.49,16.79,0.038
"2022-05-03 08:00:00",16579,13.04,101.746,0.147,221.3,5.406,19.84,88.2,208.6,8.21,0,16.78,18.36,0.038
"2022-05-03 09:00:00",16580,13.7,101.748,0.541,220.2,15.84,22.55,78.77,392.4,17.82,0,19.86,21.13,0.038
"2022-05-03 10:00:00",16581,13.94,101.7173,0.689,273.8,47.66,24.85,71.3,556.8,26.16,0,22.58,24.8,0.038
"2022-05-03 11:00:00",16582,13.93,101.6447,1.539,38.85,23.45,25.65,64.19,646.9,31.24,0,27.27,29.17,0.038
"2022-05-03 12:00:00",16583,13.92,101.5641,1.821,45.04,21.51,26.29,65.7,688.3,32.71,0,31,31.82,0.038
"2022-05-03 13:00:00",16584,14,101.4665,2.098,52.31,27.34,26.45,64.75,720.5,34.68,0,32.13,32.64,0.038
"2022-05-03 14:00:00",16585,13.95,101.4187,1.989,42.24,21.99,26.37,67.41,612.3,29.57,0,31.86,32.66,0.038
"2022-05-03 15:00:00",16586,14.16,101.4108,1.989,47.67,25.21,26.06,71,486.5,22.43,0,30.02,31.29,0.037
"2022-05-03 16:00:00",16587,13.75,101.4304,2.085,49.78,21.78,25.13,71.88,292.9,12.77,0,25.91,28.58,0.037
"2022-05-03 17:00:00",16588,13,101.4657,1.464,62.95,13.32,23.27,82,62.55,4.082,0,23.07,24.03,0.037
"2022-05-03 18:00:00",16589,12.95,101.4937,0.148,63.3,3.268,20.71,91.8,1.564,0.214,0,20.2,21.64,0.037
"2022-05-03 19:00:00",16590,12.91,101.5637,0,0,0,19.07,95,0,0,0,18.67,19.37,0.037
"2022-05-03 20:00:00",16591,12.85,101.5799,0,0,0,18.17,97.7,0,0,0,17.8,18.2,0.037
"2022-05-03 21:00:00",16592,12.88,101.6042,0,0,0,17.19,99.3,0,0,0,17.59,17.77,0.037
"2022-05-03 22:00:00",16593,12.91,101.6124,0,0,0,18.22,97.5,0,0,0,18.12,18.8,0.037
"2022-05-03 23:00:00",16594,12.88,101.6286,0.185,98.8,18.8,17.61,98,0,0,0,17.57,17.85,0.037
"2022-05-04 00:00:00",16595,12.87,101.6205,0.13,116.5,0.024,17.65,98.2,0,0,0,17.55,17.69,0.036
"2022-05-04 01:00:00",16596,12.83,101.6042,0.01,116.5,0.004,17.5,99.1,0,0,0,17.26,17.48,0.036
"2022-05-04 02:00:00",16597,12.84,101.5718,0.001,116.5,0,16.15,100,0,0,0,16.07,16.68,0.037
"2022-05-04 03:00:00",16598,12.82,101.5718,0.05,116.5,0.028,15.86,100,0.001,0,0,15.43,15.79,0.036
"2022-05-04 04:00:00",16599,12.81,101.5718,0.092,116.5,0.006,17.43,100,0,0,0,16.17,16.96,0.036
"2022-05-04 05:00:00",16600,12.79,101.5555,0.06,116.5,0.007,17.19,100,0,0,0,16.52,17.26,0.036
"2022-05-04 06:00:00",16601,12.77,101.6042,0.002,116.5,0,15.82,100,0,0,0,15.37,15.94,0.036
"2022-05-04 07:00:00",16602,12.77,101.6286,0,0,0,14.92,100,31.84,1.263,0,15.23,15.37,0.036
"2022-05-04 08:00:00",16603,13.06,101.7086,0.17,116.5,0.032,19.82,87.2,191.6,7.622,0,15.74,18.36,0.036
"2022-05-04 09:00:00",16604,13.74,101.7566,0.423,71.37,31.26,23.69,74.98,383.7,17,0,20.34,21.56,0.036
"2022-05-04 10:00:00",16605,13.93,101.7335,0.986,340.3,44.12,25.58,66.38,542.7,25.46,0,23.12,25.5,0.036
"2022-05-04 11:00:00",16606,13.96,101.7173,1.172,307.7,25.77,26.89,59.51,674.3,31.95,0,27.3,29.56,0.036
"2022-05-04 12:00:00",16607,13.9,101.6278,0.871,332,16.36,27.4,56.89,663.4,32.14,0,30.94,31.83,0.036
"2022-05-04 13:00:00",16608,13.98,101.5552,1.051,359.6,49.13,27.59,71.09,524,26.09,0,29.82,31.73,0.036
"2022-05-04 14:00:00",16609,14.08,101.5247,1.696,83.1,25.67,26.72,69.21,528.8,26.37,0,28.55,30.39,0.036
"2022-05-04 15:00:00",16610,13.96,101.4996,2.081,81.3,21.15,26.32,68.61,460.7,21.68,0,29.4,30.21,0.036
"2022-05-04 16:00:00",16611,13.97,101.5455,1.932,81.2,21.79,24.75,82.2,254.9,10.74,0,25.79,27.97,0.036
"2022-05-04 17:00:00",16612,13.03,101.5712,1.848,70.68,16.86,22.96,89.2,64.65,3.618,0,23.4,24.46,0.036
"2022-05-04 18:00:00",16613,12.96,101.596,0.347,84.2,10.6,21.13,95.8,1.356,0.198,0,20.71,22.08,0.036
"2022-05-04 19:00:00",16614,12.94,101.669,0.038,95.2,1.502,19.87,96.6,0,0,0,19.27,19.73,0.035
"2022-05-04 20:00:00",16615,12.92,101.7083,0.216,90.2,4.038,20.51,95.2,0,0,0,19.35,20.3,0.035
"2022-05-04 21:00:00",16616,12.92,101.7339,0.011,86.8,1.242,20.65,96.8,0,0,0,20.26,20.89,0.035
"2022-05-04 22:00:00",16617,12.9,101.726,0,0,0,19.89,98.7,0,0,0,19.04,19.86,0.035
"2022-05-04 23:00:00",16618,12.89,101.7341,0.03,101.9,0.012,18.69,99.3,0,0,0,18.12,18.34,0.035
"2022-05-05 00:00:00",16619,12.87,101.7017,0.029,127.5,4.971,18.42,100,0.008,0,0,18.12,18.33,0.035
"2022-05-05 01:00:00",16620,12.87,101.6854,0.094,161.4,0.176,19.19,99.5,0,0,0,18.93,19.63,0.035
"2022-05-05 02:00:00",16621,12.86,101.653,0.158,172.4,4.484,18.23,100,0,0,0,18.55,19.28,0.035
"2022-05-05 03:00:00",16622,12.85,101.5961,0.094,178.3,3.564,17.55,100,0,0,0,17.77,18.16,0.035
"2022-05-05 04:00:00",16623,12.83,101.5799,0.546,207.8,12.35,18.29,100,0,0,0,17.79,18.51,0.035
"2022-05-05 05:00:00",16624,12.81,101.5637,0.702,220.1,11.49,18.25,100,0,0,0,18.31,18.51,0.035
"2022-05-05 06:00:00",16625,12.8,101.5799,0.109,223.1,1.613,18.14,100,0,0,0,17.5,18.28,0.035
"2022-05-05 07:00:00",16626,12.78,101.5718,0,0,0,16.55,100,24.46,1.276,0,16.28,16.64,0.035
"2022-05-05 08:00:00",16627,13.04,101.6212,0.271,214.1,2.49,20.83,87.2,202.8,8.07,0,16.75,19.27,0.035
"2022-05-05 09:00:00",16628,13.71,101.6728,0.444,215.8,5.45,24.21,75.21,386.6,18.2,0,20.86,22.04,0.035
"2022-05-05 10:00:00",16629,14.01,101.6361,0.476,196,18.53,25.88,75.81,462.3,23.06,0,23.54,25.46,0.035
"2022-05-05 11:00:00",16630,13.98,101.6059,0.622,133.7,14.76,25.07,78.19,287,16.8,0,26.02,26.58,0.035
"2022-05-05 12:00:00",16631,14.16,101.5233,0.627,85.5,12.76,25.68,70.41,410,22.38,0,27.13,28.19,0.035
"2022-05-05 13:00:00",16632,13.97,101.4093,0.855,108.7,31.02,26.88,59.87,611.2,31.52,0,28.64,29.58,0.035
"2022-05-05 14:00:00",16633,13.69,101.3777,1.64,74.74,25.34,27.24,63.16,590.3,29.35,0,30.15,31.13,0.035
"2022-05-05 15:00:00",16634,14.18,101.3456,1.548,64.9,19.61,26.54,65.24,387,20.03,0,28.98,29.84,0.035
"2022-05-05 16:00:00",16635,13.36,101.3796,1.268,71.34,16.28,26.07,74.57,253.4,12.36,0,26.2,28.63,0.035
"2022-05-05 17:00:00",16636,12.99,101.3926,0.298,89.1,9.18,23.82,89.8,55.44,4.008,0,23.27,24.5,0.034
"2022-05-05 18:00:00",16637,12.95,101.3867,0.002,88.8,0,20.97,97.5,0.986,0.189,0,20.68,21.9,0.035
"2022-05-05 19:00:00",16638,12.93,101.4175,0,0,0,19.25,99.3,0,0,0,19.5,20.02,0.034
"2022-05-05 20:00:00",16639,12.91,101.3932,0,0,0,18.64,100,0,0,0,18.75,19.07,0.034
"2022-05-05 21:00:00",16640,12.9,101.377,0,0,0,18,100,0,0,0,18.15,18.5,0.034
"2022-05-05 22:00:00",16641,12.88,101.3364,0,0,0,17.66,100,0,0,0,17.59,17.94,0.034
"2022-05-05 23:00:00",16642,12.87,101.3039,0,0,0,17.51,100,0,0,0,17.24,17.4,0.034
"2022-05-06 00:00:00",16643,12.86,101.2633,0,0,0,17.31,100,0,0,0,16.82,17.04,0.034
"2022-05-06 01:00:00",16644,12.85,101.2227,0.192,120.7,6.917,17.85,100,0,0,0,16.61,17.45,0.034
"2022-05-06 02:00:00",16645,12.84,101.174,0.136,130.9,4.852,18.11,100,0,0,0,17.96,18,0.034
"2022-05-06 03:00:00",16646,12.83,101.1334,0.133,154.3,0.06,18.34,100,0,0,0,18.03,18.13,0.034
"2022-05-06 04:00:00",16647,12.81,101.1172,0.093,154.5,0.084,18.3,100,0,0,0,17.95,18.22,0.034
"2022-05-06 05:00:00",16648,12.79,101.1091,0.024,154.9,0.005,17.28,100,0,0,0,16.83,17.3,0.034
"2022-05-06 06:00:00",16649,12.77,101.1253,0.106,154.9,0.017,17.59,100,0,0,0,17.22,17.41,0.034
"2022-05-06 07:00:00",16650,12.77,101.1091,0.097,155,0.018,17.84,98.5,28.36,1.261,0,17.48,17.65,0.034
"2022-05-06 08:00:00",16651,13.03,101.1502,0.187,155.2,0.564,20.75,88.3,214.9,8.06,0,18.26,19.56,0.034
"2022-05-06 09:00:00",16652,13.7,101.1539,0.498,116,44.59,24.25,74.22,374.5,17.59,0,21.03,22.83,0.034
"2022-05-06 10:00:00",16653,14.18,101.1088,0.906,8,23.16,26.25,65.11,555.1,26.28,0,24.19,26.48,0.034
"2022-05-06 11:00:00",16654,14.17,101.0351,1.075,355.3,28.82,27.33,59.4,670.1,32.43,0,29.08,30.5,0.034
"2022-05-06 12:00:00",16655,14.17,100.9544,1.192,346.2,37.38,28.27,54.35,721,35.02,0,31.59,32.77,0.034
"2022-05-06 13:00:00",16656,14.16,100.8246,0.985,318.9,28.61,29.43,49.02,701.5,34.15,0,32.86,33.88,0.034
"2022-05-06 14:00:00",16657,14.17,100.7364,0.943,326.8,32.7,30.06,49.15,619.1,29.68,0,33.48,34.13,0.034
"2022-05-06 15:00:00",16658,14.17,100.696,1.372,43.84,28.59,29.51,66.52,474.5,21.74,0,31.68,33.37,0.034
"2022-05-06 16:00:00",16659,13.29,100.6894,1.64,65.86,23.28,27.66,71,288.4,12.5,0,27.26,29.95,0.034
"2022-05-06 17:00:00",16660,12.99,100.7027,1.054,66.44,12.59,24.86,82.6,54.01,3.905,0,23.57,25.08,0.034
"2022-05-06 18:00:00",16661,12.95,100.7127,0.091,54.42,3.509,21.81,93.1,0.798,0.176,0,20.54,22,0.033
"2022-05-06 19:00:00",16662,12.93,100.7677,0.023,49.07,1.652,20.24,97.3,0,0,0,19.04,19.61,0.033
"2022-05-06 20:00:00",16663,12.91,100.7925,0,0,0,19.56,99,0,0,0,17.94,18.44,0.033
"2022-05-06 21:00:00",16664,12.89,100.825,0,0,0,18.31,100,0,0,0,17.38,17.6,0.033
"2022-05-06 22:00:00",16665,12.88,100.8737,0,0,0,18.26,100,0,0,0,16.61,16.97,0.033
"2022-05-06 23:00:00",16666,12.87,100.8412,0.046,0.084,0.076,18.12,100,0,0,0,16.59,17.1,0.033
"2022-05-07 00:00:00",16667,12.86,100.8087,0,0,0,17.22,100,0,0,0,16.12,16.62,0.033
"2022-05-07 01:00:00",16668,12.84,100.8006,0,0,0,15.8,100,0,0,0,15.5,15.85,0.033
"2022-05-07 02:00:00",16669,12.83,100.7601,0,0,0,15.19,100,0,0,0,14.81,15.17,0.033
"2022-05-07 03:00:00",16670,12.81,100.7519,0.034,0.048,0.012,16.81,100,0,0,0,14.56,15,0.033
"2022-05-07 04:00:00",16671,12.8,100.7357,0.086,325.3,6.211,16.97,100,0,0,0,15.79,16.08,0.033
"2022-05-07 05:00:00",16672,12.79,100.7438,0.3,322.3,3.834,17.12,100,0.008,0,0,15.8,17.14,0.033
"2022-05-07 06:00:00",16673,12.77,100.7438,0.153,305.4,3.761,17.73,100,0,0,0,18.03,18.39,0.033
"2022-05-07 07:00:00",16674,12.77,100.7682,0.03,299.2,0.242,17.39,100,20.17,1.13,0,17.62,18.1,0.033
"2022-05-07 08:00:00",16675,12.92,100.8331,0.156,309.3,3.597,18.71,100,178.9,7.396,0,17.62,19.05,0.033
"2022-05-07 09:00:00",16676,13.72,100.8732,0.81,344.4,21.98,21.6,86.8,397.8,16.3,0,21.07,22.43,0.033
"2022-05-07 10:00:00",16677,14.22,100.8605,1.202,341.7,23.27,24.59,72.59,549,24.83,0,22.75,25.26,0.033
"2022-05-07 11:00:00",16678,14.2,100.7851,1.384,4.647,26.24,26.54,63.68,665.6,31.11,0,27.82,29.66,0.033
"2022-05-07 12:00:00",16679,14.2,100.7039,1.487,2.509,31.34,27.64,61.49,717.5,33.97,0,31.15,32.28,0.033
"2022-05-07 13:00:00",16680,14.19,100.6384,1.241,358.2,29.32,28.97,54.1,698.8,33.21,0,33.14,33.95,0.033
"2022-05-07 14:00:00",16681,14.19,100.59,1.081,13.98,19.11,29.65,44.98,613.3,28.72,0,34.14,34.51,0.033
"2022-05-07 15:00:00",16682,14.18,100.5971,1.008,35.53,23.31,30.22,69.43,466.9,21.1,0,32.46,33.54,0.033
"2022-05-07 16:00:00",16683,13.32,100.5928,1.736,63.06,21.9,27.56,75.17,280.5,11.9,0,27.02,30.1,0.033
"2022-05-07 17:00:00",16684,13,100.654,1.087,38.35,19.8,24.82,84.3,52.64,3.69,0,23.9,25.16,0.033
"2022-05-07 18:00:00",16685,12.96,100.6887,0.118,30,2.821,21.71,96.3,0.718,0.164,0,20.4,22.25,0.033
"2022-05-07 19:00:00",16686,12.93,100.7519,0.001,35.91,0,20.33,98.9,0,0,0,18.68,19.44,0.033
"2022-05-07 20:00:00",16687,12.91,100.7762,0,0,0,19.9,99.8,0,0,0,17.68,18.11,0.032
"2022-05-07 21:00:00",16688,12.9,100.8331,0,0,0,19.13,100,0,0,0,17.26,17.42,0.033
"2022-05-07 22:00:00",16689,12.88,100.8493,0,0,0,18.4,100,0,0,0,16.55,16.94,0.032
"2022-05-07 23:00:00",16690,12.87,100.825,0,0,0,18.05,100,0,0,0,16.12,16.38,0.032
"2022-05-08 00:00:00",16691,12.86,100.8331,0.08,288.1,12.75,18.08,100,0,0,0,16.07,16.63,0.032
"2022-05-08 01:00:00",16692,12.85,100.8331,0.01,277.3,0.007,18.1,100,0,0,0,16.39,17.02,0.032
"2022-05-08 02:00:00",16693,12.83,100.7925,0,0,0,16.03,100,0,0,0,15.41,15.83,0.032
"2022-05-08 03:00:00",16694,12.82,100.7925,0,0,0,15.81,100,0,0,0,15.13,15.29,0.032
"2022-05-08 04:00:00",16695,12.8,100.7925,0,0,0,15.65,100,0,0,0,15.32,15.63,0.032
"2022-05-08 05:00:00",16696,12.78,100.8574,0,0,0,15.86,100,0.006,0,0,15.45,15.6,0.032
"2022-05-08 06:00:00",16697,12.76,100.9224,0.008,276.4,0.017,16.95,100,0,0,0,15.4,15.71,0.032
"2022-05-08 07:00:00",16698,12.76,100.9711,0.063,216.2,6.201,17.26,100,19.04,0.981,0,15.56,16.39,0.032
"2022-05-08 08:00:00",16699,12.86,101.036,0.484,172.5,14.7,18.34,100,128.2,5.568,0,17.97,18.99,0.032
"2022-05-08 09:00:00",16700,13.57,101.085,0.643,188,17.26,20.24,96,325.6,13.4,0,20.16,21.07,0.032
"2022-05-08 10:00:00",16701,14.2,101.0831,1.176,174.8,22.9,24.13,81.3,500.4,21.88,0,22.47,24.21,0.032
"2022-05-08 11:00:00",16702,14.11,101.0545,1.382,176.3,20.55,25.17,78.97,471.8,22.46,0,25.86,26.47,0.032
"2022-05-08 12:00:00",16703,14.02,100.9883,1.299,168.1,22.69,25.52,75.37,465,22.67,0,26.74,27.44,0.032
"2022-05-08 13:00:00",16704,14.01,100.951,1.372,165.5,23.03,25.32,80.9,355.5,17.33,0,25.94,27.59,0.032
"2022-05-08 14:00:00",16705,14.03,100.8695,1.553,164.3,27.26,24.9,76.61,486.3,20.95,0,25.77,27.31,0.032
"2022-05-08 15:00:00",16706,13.16,100.9372,1.822,169.8,31.97,23.62,80.8,206.7,10.34,0,23.34,25.25,0.032
"2022-05-08 16:00:00",16707,13.2,100.9706,1.275,177.2,28.71,22.52,80.8,156.2,7.412,0,22.76,23.49,0.032
"2022-05-08 17:00:00",16708,12.98,101.0193,1.273,171.6,31.85,21.22,82.6,23.09,1.759,0,20.8,21.65,0.032
"2022-05-08 18:00:00",16709,12.95,101.1205,1.278,176.3,28.8,20.49,84.3,0.25,0.075,0,20.29,20.51,0.032
"2022-05-08 19:00:00",16710,12.94,101.1652,1.137,185.6,26.53,20.02,86.8,0,0,0,20.02,20.11,0.032
"2022-05-08 20:00:00",16711,12.93,101.2714,0.805,210.6,24.7,19.98,83.3,0,0,0,19.87,19.96,0.032
"2022-05-08 21:00:00",16712,12.92,101.2958,0.398,227.1,15.1,19.32,83.1,0,0,0,19.32,19.54,0.032
"2022-05-08 22:00:00",16713,12.9,101.3201,0.361,202.8,10.06,18.84,86.2,0,0,0,18.84,19.23,0.032
"2022-05-08 23:00:00",16714,12.88,101.2308,0.24,207.3,8.59,17.98,89.4,0,0,0,18.29,18.47,0.032
"2022-05-09 00:00:00",16715,12.87,101.1334,0.39,186.2,20.72,17.89,85.5,0,0,0,17.9,18.05,0.032
"2022-05-09 01:00:00",16716,12.86,101.1334,0.592,210.3,14.76,17.84,86.3,0,0,0,17.69,17.81,0.032
"2022-05-09 02:00:00",16717,12.85,101.1415,0.621,211.7,18.25,17.19,88,0,0,0,16.76,17.26,0.032
"2022-05-09 03:00:00",16718,12.83,101.1253,0.849,217,19.14,16.96,86.5,0,0,0,16.76,16.84,0.032
"2022-05-09 04:00:00",16719,12.81,101.1253,1.121,205.1,23.28,17.16,85.1,0,0,0,16.76,16.85,0.032
"2022-05-09 05:00:00",16720,12.79,101.1253,0.765,199.3,21.82,16.84,86.2,0,0,0,16.26,16.61,0.032
"2022-05-09 06:00:00",16721,12.76,101.174,0.317,195.8,10.72,15.78,92.6,0,0,0,15.27,15.84,0.032
"2022-05-09 07:00:00",16722,12.75,101.2633,0.347,202.9,11.72,15.21,86,19.78,1.096,0,14.94,15.12,0.032
"2022-05-09 08:00:00",16723,12.97,101.2877,0.51,191.2,16.16,17.99,75.4,175.7,7.234,0,15.57,16.84,0.032
"2022-05-09 09:00:00",16724,13.74,101.279,1.385,191.4,31.04,20.74,69.3,372.5,16.42,0,18.48,20.26,0.032
"2022-05-09 10:00:00",16725,14.25,101.269,1.715,178.9,36.18,22.86,67.38,540.8,25.14,0,21.91,23.51,0.032
"2022-05-09 11:00:00",16726,14.23,101.2171,1.395,188.9,34.98,24.48,61.22,652.1,31.26,0,24.82,26.01,0.032
"2022-05-09 12:00:00",16727,14.21,101.1343,1.176,177.1,34.39,25.76,56.23,701.7,34.1,0,26.86,27.93,0.032
"2022-05-09 13:00:00",16728,14.14,101.0684,0.919,181.4,36.18,26.7,56,683.1,33.21,0,28.94,29.46,0.032
"2022-05-09 14:00:00",16729,13.92,101.0437,1.012,155.9,33.88,26.87,62.13,604.7,28.71,0,28.88,29.65,0.032
"2022-05-09 15:00:00",16730,14.24,101.0051,1.202,134,30.79,25.8,60.98,456.6,21.14,0,27.42,28.17,0.032
"2022-05-09 16:00:00",16731,13.34,100.9898,0.734,137.8,24.64,25.14,66.07,273.9,12.01,0,23.8,26.24,0.032
"2022-05-09 17:00:00",16732,12.99,101.0193,0.211,154.4,7.423,22.25,84.6,50.88,3.609,0,21.11,22.31,0.032
"2022-05-09 18:00:00",16733,12.96,101.0765,0,0,0,19.04,92.5,0.665,0.14,0,18.48,19.57,0.032
"2022-05-09 19:00:00",16734,12.93,101.1497,0,0,0,17.69,94.2,0,0,0,17.37,17.87,0.032
"2022-05-09 20:00:00",16735,12.91,101.2146,0,0,0,16.83,98.2,0,0,0,16.74,17.04,0.032
"2022-05-09 21:00:00",16736,12.9,101.2308,0.261,200.5,7.442,18.09,87.8,0,0,0,16.48,16.99,0.031
"2022-05-09 22:00:00",16737,12.89,101.2471,0.502,218.5,12.6,18.2,80.7,0,0,0,16.8,17,0.032
"2022-05-09 23:00:00",16738,12.87,101.2308,0.425,227.6,12.77,17.7,87.7,0,0,0,16.79,16.97,0.032
"2022-05-10 00:00:00",16739,12.86,101.1984,0.492,229.2,15.16,17.06,86.3,0,0,0,16.33,16.66,0.031
"2022-05-10 01:00:00",16740,12.85,101.1821,0.396,230.4,14.02,16.77,86.9,0,0,0,15.97,16.13,0.031
"2022-05-10 02:00:00",16741,12.84,101.1415,0.489,229.1,14.47,16.73,83.2,0,0,0,15.97,16.05,0.031
"2022-05-10 03:00:00",16742,12.83,101.1091,0.589,228.5,13.2,16.51,83.5,0,0,0,15.41,15.72,0.031
"2022-05-10 04:00:00",16743,12.81,101.101,0.417,235.5,12.95,15.47,87.9,0,0,0,15.06,15.24,0.031
"2022-05-10 05:00:00",16744,12.79,101.101,0.619,235.4,15.74,15.69,86.3,0,0,0,15.07,15.16,0.031
"2022-05-10 06:00:00",16745,12.76,101.1415,0.682,233.4,17.82,15.87,85.3,0,0,0,15.04,15.12,0.031
"2022-05-10 07:00:00",16746,12.75,101.2065,0.634,230.8,17.26,16.06,81.8,25.37,1.091,0,14.92,15.21,0.031
"2022-05-10 08:00:00",16747,13.03,101.2616,0.872,223.5,20.95,18.96,74.83,182.6,7.351,0,16.01,17.5,0.031
"2022-05-10 09:00:00",16748,13.8,101.2788,1.088,201.7,27.07,22.12,72.82,377.7,16.61,0,19.27,21.14,0.031
"2022-05-10 10:00:00",16749,14.21,101.2563,1.03,178,27.16,24.4,64.23,542,25.12,0,22.84,24.53,0.031
"2022-05-10 11:00:00",16750,14.19,101.1923,1.039,184.9,33.39,26,57.18,652.1,31.16,0,25.92,27.04,0.031
"2022-05-10 12:00:00",16751,14.19,101.101,0.953,148.6,39.5,27.03,55.77,700.6,33.97,0,27.73,28.86,0.031
"2022-05-10 13:00:00",16752,14.1,100.9949,0.792,157.7,45.86,27.63,49.78,680.7,33,0,29.07,30.13,0.032
"2022-05-10 14:00:00",16753,14.1,100.9384,0.655,152.1,32.03,28.02,57.79,593.7,28.39,0,29.85,30.22,0.031
"2022-05-10 15:00:00",16754,14.21,100.9219,1.184,130.4,37.93,26.89,61.52,457.9,21.02,0,28.42,29.57,0.032
"2022-05-10 16:00:00",16755,13.33,100.9427,0.746,124.6,30.08,26.1,63.02,272,11.84,0,24.53,27.08,0.032
"2022-05-10 17:00:00",16756,12.99,100.9868,0.108,145.3,8.73,22.98,79.86,49.34,3.518,0,21.27,22.89,0.032
"2022-05-10 18:00:00",16757,12.96,101.0034,0,0,0,18.77,94.7,0.49,0.132,0,18.55,19.84,0.031
"2022-05-10 19:00:00",16758,12.93,101.0604,0.007,150,0.003,16.73,97.8,0,0,0,17.48,17.99,0.031
"2022-05-10 20:00:00",16759,12.91,101.101,0,0,0,16.02,99.1,0,0,0,16.68,17,0.031
"2022-05-10 21:00:00",16760,12.89,101.0766,0,0,0,15.83,99.6,0,0,0,16.3,16.52,0.031
"2022-05-10 22:00:00",16761,12.87,101.0685,0,0,0,15.39,100,0,0,0,15.84,16.1,0.031
"2022-05-10 23:00:00",16762,12.86,101.0442,0.025,184,4.624,15.46,100,0,0,0,15.21,15.5,0.031
"2022-05-11 00:00:00",16763,12.85,100.9873,0.128,232.5,9.74,16.14,97.9,0,0,0,15.51,15.82,0.031
"2022-05-11 01:00:00",16764,12.84,100.9792,0.039,262.5,1.867,15.75,99.9,0,0,0,15.66,15.86,0.031
"2022-05-11 02:00:00",16765,12.83,100.9224,0.005,266,0.159,15.02,100,0,0,0,14.78,15.45,0.031
"2022-05-11 03:00:00",16766,12.81,100.8937,0,0,0,13.71,100,0,0,0,14.19,14.42,0.031
"2022-05-11 04:00:00",16767,12.79,100.8588,0.007,268.9,0.042,14.8,100,0,0,0,13.91,14.05,0.031
"2022-05-11 05:00:00",16768,12.77,100.8331,0.008,268.8,0.016,15.27,100,0,0,0,13.98,14.15,0.031
"2022-05-11 06:00:00",16769,12.75,100.8575,0.009,268.8,0.013,14.74,100,0,0,0,13.79,13.87,0.031
"2022-05-11 07:00:00",16770,12.74,100.9007,0.034,269.9,0.248,14.35,100,21.55,0.958,0,13.61,13.77,0.031
"2022-05-11 08:00:00",16771,12.96,100.9386,0.442,327.1,18.86,17.86,83.8,170.3,6.441,0,14.67,17.16,0.031
"2022-05-11 09:00:00",16772,13.83,100.9221,1.536,346.8,27.54,22.01,66.04,356.9,15.23,0,19.19,20.63,0.031
"2022-05-11 10:00:00",16773,14.26,100.8687,2.082,3.81,30.45,24.44,65.8,528.7,23.53,0,23.14,25.66,0.031
"2022-05-11 11:00:00",16774,14.25,100.7779,2.457,355.1,34.46,25.86,62.32,643,29.42,0,27.81,29.02,0.031
"2022-05-11 12:00:00",16775,14.25,100.6902,2.34,350.4,36.29,26.99,56.76,690,31.89,0,30.04,30.88,0.031
"2022-05-11 13:00:00",16776,14.23,100.6375,1.763,351.5,34.34,28.04,55.54,670,30.9,0,31.87,32.62,0.031
"2022-05-11 14:00:00",16777,14.22,100.589,1.604,3.058,31.48,28.59,56.28,586.4,26.46,0,32.72,33.08,0.031
