"TOA5","Science Centre AWS","CR1000","88296","CR1000.Std.31.08","CPU:Vasi_Science Centre AWS.CR1","64103","Hourly"
"TIMESTAMP","RECORD","BattV_Min","BP_kPa","WS_ms_S_WVT","WindDir_D1_WVT","WindDir_SD1_WVT","AirTC_Avg","RH","SlrW_Avg","CUV5_W_Avg","Rain_mm_Tot","T107_C_Min","T107_C_Avg","VW_Avg"
"TS","RN","Volts","kPa","meters/second","Deg","Deg","Deg C","%","W/m^2","W/m^2","mm","Deg C","Deg C",""
"","","Min","Smp","WVc","WVc","WVc","Avg","Smp","Avg","Avg","Tot","Min","Avg","Avg"
"2021-10-13 16:00:00",11739,14.14,100.3776,3.123,25.91,26.79,27.98,66.56,402.6,17.92,0,28.6,30.66,0.053
"2021-10-13 17:00:00",11740,13.63,100.3939,2.546,29.22,25.39,25.64,76.01,189.9,8.09,0,25.4,27.18,0.053
"2021-10-13 18:00:00",11741,12.97,100.4183,2.607,25.76,28.17,23.63,85.4,43.71,1.973,0,23.27,24.26,0.052
"2021-10-13 19:00:00",11742,12.93,100.4511,2.567,21.37,27.67,22.34,90.9,0,0.009,0,22.32,22.65,0.052
"2021-10-13 20:00:00",11743,12.89,100.5014,2.592,19.56,25.57,22.23,91.4,0,0,0,22.15,22.25,0.052
"2021-10-13 21:00:00",11744,12.91,100.568,1.308,6.599,22.67,21.91,93.3,0,0,0,21.19,21.84,0.052
"2021-10-13 22:00:00",11745,12.87,100.5786,0.331,358.1,14.03,21.09,96.1,0,0,0,20.69,20.88,0.052
"2021-10-13 23:00:00",11746,12.88,100.5472,0.223,348.9,13.08,20.85,96.6,0,0,0,20.33,20.62,0.051
"2021-10-14 00:00:00",11747,12.87,100.5157,0.085,322.3,7.863,20.15,98.1,0,0,0,19.44,20.11,0.051
"2021-10-14 01:00:00",11748,12.84,100.4673,0.07,313.4,4.696,19.42,98.8,0,0,0,19.11,19.41,0.051
"2021-10-14 02:00:00",11749,12.83,100.4118,0,0,0,18.68,99.3,0,0,0,17.63,18.47,0.051
"2021-10-14 03:00:00",11750,12.83,100.3813,0.02,346.7,2.577,17.91,99.5,0,0,0,17.51,17.59,0.051
"2021-10-14 04:00:00",11751,12.81,100.3567,0.489,353.4,15.54,17.94,97.8,0,0,0,17.66,17.8,0.051
"2021-10-14 05:00:00",11752,12.74,100.3648,1.031,358.4,21.3,18.49,94.6,0,0,0,17.73,18.01,0.051
"2021-10-14 06:00:00",11753,12.78,100.3793,1.574,359.3,25.87,19.29,85,13.62,1.095,0,18.12,18.38,0.051
"2021-10-14 07:00:00",11754,12.87,100.405,1.957,353.5,27.15,21.42,69.82,154.2,6.27,0,19.02,20.63,0.051
"2021-10-14 08:00:00",11755,13.51,100.4102,2.653,349.6,28,24.51,55.01,415.7,14.48,0,22.32,24.73,0.051
"2021-10-14 09:00:00",11756,13.93,100.3656,2.741,355.3,33.38,27.58,44.83,634.4,23.9,0,27.03,29.15,0.051
"2021-10-14 10:00:00",11757,14.13,100.2859,2.907,358.6,31.55,30.45,35.44,817,33.07,0,30.59,32.19,0.05
"2021-10-14 11:00:00",11758,14.09,100.1786,2.695,354,29.59,33.99,27.1,941,39.94,0,34.28,36.02,0.05
"2021-10-14 12:00:00",11759,14.1,100.0704,3.357,353.2,32.19,36.35,22.89,987,41.81,0,37.38,38.25,0.049
"2021-10-14 13:00:00",11760,14.1,99.98272,3.142,12.18,35.18,37.49,34.47,928,36.71,0,38.69,39.63,0.049
"2021-10-14 14:00:00",11761,14.13,99.93198,3.296,34.28,27.22,34.82,39.21,843,33.95,0,36.39,37.56,0.048
"2021-10-14 15:00:00",11762,14.09,99.89468,3.219,29.3,29.84,33.19,43.52,689.9,27.33,0,35.06,35.81,0.048
"2021-10-14 16:00:00",11763,14.08,99.90331,2.802,30.86,27.05,31.88,45.98,479.9,17.75,0,32.94,34.08,0.047
"2021-10-14 17:00:00",11764,13.41,99.9311,2.947,29.32,26.41,29.69,56.63,237,8.04,0,28.18,30.78,0.047
"2021-10-14 18:00:00",11765,12.96,100.0125,2.164,24.47,23.17,26.32,66.63,26.89,1.773,0,25.18,26.48,0.047
"2021-10-14 19:00:00",11766,12.95,100.0693,1.651,17.48,22.86,24.32,75.75,0,0.008,0,23.46,24.22,0.047
"2021-10-14 20:00:00",11767,12.92,100.1531,1.154,16.25,21.44,23.24,84.1,0,0,0,22.68,22.96,0.046
"2021-10-14 21:00:00",11768,12.9,100.3638,1.237,16.4,36.32,22.91,89.2,0,0,0,21.89,22.59,0.046
"2021-10-14 22:00:00",11769,12.9,100.5841,1.768,170.7,46.74,22.78,81.7,0,0,0,21.89,22.38,0.046
"2021-10-14 23:00:00",11770,12.89,100.6279,2.296,161.5,46.08,21.84,84.2,0,0,0,21.42,21.73,0.046
"2021-10-15 00:00:00",11771,12.89,100.6279,2.105,159.1,47.01,21.13,83.3,0,0,0,20.66,21.02,0.046
"2021-10-15 01:00:00",11772,12.83,100.6216,2.05,160,43.1,20.56,83.4,0,0,0,20.19,20.44,0.046
"2021-10-15 02:00:00",11773,12.81,100.6216,1.871,164.5,46.5,20.03,84.6,0,0,0,19.76,19.96,0.046
"2021-10-15 03:00:00",11774,12.79,100.6865,1.417,170.4,42.48,19.6,86.7,0,0,0,19.34,19.53,0.045
"2021-10-15 04:00:00",11775,12.79,100.7029,1.111,168.7,43.52,19.23,88.1,0,0,0,19.04,19.18,0.046
"2021-10-15 05:00:00",11776,12.78,100.7781,0.684,166.6,39.07,18.81,90.7,0,0,0,18.59,18.8,0.045
"2021-10-15 06:00:00",11777,12.76,100.8779,0.422,194,26.24,18.66,89.2,18.99,1.183,0,18.48,18.67,0.045
"2021-10-15 07:00:00",11778,12.85,100.8851,1.115,177.9,40.39,20.45,79.92,152,6.659,0,19.36,21.03,0.045
"2021-10-15 08:00:00",11779,13.54,100.9052,1.38,164.7,45.97,22.7,71.2,401.9,15.58,0,22.25,23.66,0.045
"2021-10-15 09:00:00",11780,14,100.8727,1.309,164,45.87,24.39,68.05,553,23.97,0,25.16,26.26,0.045
"2021-10-15 10:00:00",11781,14.06,100.7822,0.991,99.5,60.35,25.81,62.49,805,33.63,0,26.37,28.8,0.045
"2021-10-15 11:00:00",11782,14.05,100.6595,1.368,69.87,51.11,26.68,62.42,899,38.08,0,29.77,30.74,0.045
"2021-10-15 12:00:00",11783,14.19,100.5066,1.974,70.43,30.52,26.89,61.94,955,41.56,0,30.18,30.74,0.044
"2021-10-15 13:00:00",11784,14.25,100.3857,2.592,74.59,29.32,26.72,66.57,921,39.93,0,29.81,30.49,0.044
"2021-10-15 14:00:00",11785,14.29,100.2721,3.094,59.64,28.01,26.39,67.69,816,33.73,0,29.31,30.16,0.044
"2021-10-15 15:00:00",11786,14.23,100.1748,3.077,49.36,27.67,26.22,71.56,654.4,25.76,0,29.09,29.95,0.043
"2021-10-15 16:00:00",11787,14.23,100.1667,3.069,30.73,29.41,25.65,74.5,443.1,16.19,0,27.44,28.79,0.043
"2021-10-15 17:00:00",11788,13.59,100.1505,3.244,24.04,27.69,24,84.1,210.6,7.357,0,24.29,25.87,0.043
"2021-10-15 18:00:00",11789,12.95,100.1266,2.821,24.17,26.81,22.64,90.9,33.12,1.66,0,22.74,23.41,0.043
"2021-10-15 19:00:00",11790,12.92,100.1206,2.48,19.52,24.14,22,95.1,0,0.007,0,22.34,22.46,0.042
"2021-10-15 20:00:00",11791,12.91,100.2425,2.492,7.727,29.39,22.32,94.6,0,0,0,22.38,22.56,0.042
"2021-10-15 21:00:00",11792,12.91,100.2426,1.241,353.6,24.23,22.2,93.7,0,0,0,21.94,22.21,0.042
"2021-10-15 22:00:00",11793,12.9,100.2042,0.412,338,17.2,21.68,96.5,0,0,0,21.27,21.62,0.042
"2021-10-15 23:00:00",11794,12.89,100.1393,0.088,324.7,7.94,21.21,97.4,0,0,0,21.25,21.6,0.042
"2021-10-16 00:00:00",11795,12.86,100.0574,0.212,344.8,15,21.4,98.1,0.045,0,0,21.56,21.83,0.042
"2021-10-16 01:00:00",11796,12.86,99.99312,0.554,331.4,17.29,21.43,99,0,0,0,21.53,21.68,0.042
"2021-10-16 02:00:00",11797,12.85,99.92614,1.001,339.9,20.23,21.42,100,0,0,0,21.65,21.76,0.041
"2021-10-16 03:00:00",11798,12.83,99.89429,1.169,345.1,24.12,21.81,91.5,0,0,0,21.46,21.65,0.041
"2021-10-16 04:00:00",11799,12.81,99.89898,2.667,344,27.72,24.62,76.43,0,0,0,21.91,22.92,0.041
"2021-10-16 05:00:00",11800,12.8,99.93949,2.887,350,32.97,25.32,69.19,0,0,0,23.71,23.91,0.041
"2021-10-16 06:00:00",11801,12.8,100.0125,1.998,341.5,24.6,25.09,69.66,25.16,1.086,0,23.66,23.77,0.041
"2021-10-16 07:00:00",11802,12.85,100.0856,1.573,341.2,27.95,26.07,64.15,173.4,5.676,0,24.17,25.61,0.041
"2021-10-16 08:00:00",11803,13.43,100.1737,1.909,336.6,29.02,28.2,57.87,377.9,12.86,0,26.98,28.55,0.041
"2021-10-16 09:00:00",11804,13.71,100.1465,1.753,340.1,32.37,30.92,49.59,582,21.88,0,30.44,32.45,0.041
"2021-10-16 10:00:00",11805,14.08,100.0876,2.471,354.8,36.06,33.27,60.41,751.2,30.08,0,33.91,35.27,0.041
"2021-10-16 11:00:00",11806,14.09,100.0413,2.142,119.6,40.78,29.14,70.2,868,36.14,0,31.33,32.56,0.04
"2021-10-16 12:00:00",11807,14.18,100.0283,2.378,126.8,40.4,28.05,74.95,916,40.5,0,30.11,31.43,0.04
"2021-10-16 13:00:00",11808,14.17,99.97977,2.952,142.5,37.15,27.01,74.08,874,38.28,0,29.28,30.08,0.04
"2021-10-16 14:00:00",11809,14.15,99.98807,2.818,142,34.81,26.41,77.97,611.5,28.42,0,27.61,29.1,0.04
"2021-10-16 15:00:00",11810,14.16,99.98816,2.991,143.6,33.83,25.19,79.68,419.5,19.28,0,26.37,27.34,0.039
"2021-10-16 16:00:00",11811,13.96,100.0369,3.023,145.7,35.23,23.93,80.5,215.7,9.9,0,24.74,25.42,0.039
"2021-10-16 17:00:00",11812,13.38,100.118,2.861,146.5,35.69,23.44,81.4,130.5,5.833,0,23.78,24.44,0.039
"2021-10-16 18:00:00",11813,12.92,100.1829,2.939,151.3,38.8,22.71,82.9,18.25,1.079,0,22.97,23.3,0.039
"2021-10-16 19:00:00",11814,12.91,100.2806,2.658,149,36.52,22.38,81.7,0.01,0,0,22.49,22.77,0.039
"2021-10-16 20:00:00",11815,12.88,100.4604,2.466,153.9,40.58,22.04,90.8,0,0,0,21.58,22.39,0.039
"2021-10-16 21:00:00",11816,12.9,100.5039,2.174,161.3,45.8,20.54,82.2,0,0,0,20.62,20.88,0.038
"2021-10-16 22:00:00",11817,12.89,100.5679,2.02,165.1,45.71,20.74,89.2,0,0,0,20.82,21.09,0.038
"2021-10-16 23:00:00",11818,12.88,100.5321,1.937,159,39.62,20.56,87.4,0,0,0,20.54,20.78,0.038
"2021-10-17 00:00:00",11819,12.87,100.6493,1.817,146.9,36.74,21.25,82.6,0,0,0,20.92,21.19,0.038
"2021-10-17 01:00:00",11820,12.86,100.6845,1.39,189.1,42.56,19.75,98.6,0.001,0,0.762,19.5,20.34,0.038
"2021-10-17 02:00:00",11821,12.84,100.6864,0.803,162.5,36.03,18.66,99.5,0.005,0,0.762,19.27,19.4,0.038
"2021-10-17 03:00:00",11822,12.82,100.7353,1.175,175.6,43.5,18.63,99.1,0.003,0,0,19.01,19.18,0.038
"2021-10-17 04:00:00",11823,12.79,100.6464,1.164,165.4,41.55,18.4,97.8,0.003,0,0,18.86,18.93,0.038
"2021-10-17 05:00:00",11824,12.78,100.8489,1.185,148.6,40.95,18.79,94.8,0.261,0,0,18.58,19.01,0.038
"2021-10-17 06:00:00",11825,12.76,100.9797,1.52,146.8,33.8,18.19,97.1,2.037,0.092,0.254,18.21,18.33,0.038
"2021-10-17 07:00:00",11826,12.75,100.9797,1.61,148.3,34.09,17.72,97.4,19.39,0.903,0.508,18.1,18.17,0.038
"2021-10-17 08:00:00",11827,12.74,101.0704,1.563,147.4,29.88,17.67,93.4,27.48,1.293,0,17.74,17.97,0.038
"2021-10-17 09:00:00",11828,12.75,101.1172,1.547,145.5,32.36,18.47,85.4,58.94,3.109,0,17.92,18.33,0.038
"2021-10-17 10:00:00",11829,12.9,101.1321,1.416,145,31.24,19.15,81.5,79.44,4.68,0,18.64,18.94,0.038
"2021-10-17 11:00:00",11830,13.12,101.0903,1.132,138.4,33.86,19.46,81.8,78.49,4.863,0,19.16,19.4,0.038
"2021-10-17 12:00:00",11831,13.23,100.9998,1.18,144.4,28.5,19.56,84.2,86.7,5.782,0,19.56,19.66,0.038
"2021-10-17 13:00:00",11832,13.23,101.0192,0.968,153.9,41.36,18.74,98.1,75.23,5.171,0.254,18.28,19.28,0.038
"2021-10-17 14:00:00",11833,13.25,100.9463,1.067,154.5,29.97,17.34,97.1,126.9,7.961,0.254,17.96,18.27,0.038
"2021-10-17 15:00:00",11834,13.21,100.9794,0.935,152.2,30.3,17.65,98.7,82.5,5.285,0.762,17.94,18.48,0.038
"2021-10-17 16:00:00",11835,13.22,101.0211,1.245,143.4,32.23,17.12,99.2,68.91,4.066,0.508,17.72,17.86,0.038
"2021-10-17 17:00:00",11836,13.01,101.0447,0.702,146.1,28.18,17.5,98.1,44,2.292,0,17.99,18.12,0.038
"2021-10-17 18:00:00",11837,12.9,101.113,1.24,141.5,34.45,17.18,98.5,6.911,0.46,0.762,17.5,17.67,0.038
"2021-10-17 19:00:00",11838,12.81,101.1868,0.321,150.8,18.81,17.21,97.2,0.13,0,0,17.5,17.58,0.038
"2021-10-17 20:00:00",11839,12.75,101.2827,0.435,169,27.43,17.23,97.1,0.048,0,0.254,17.36,17.73,0.038
"2021-10-17 21:00:00",11840,12.71,101.2858,0.996,149.8,26.71,16.93,97.1,0.031,0,0,17.16,17.26,0.038
"2021-10-17 22:00:00",11841,12.7,101.3761,0.646,199.8,27,16.81,97.4,0.116,0,0,16.91,17.17,0.038
"2021-10-17 23:00:00",11842,12.7,101.4319,1.234,162.4,36.23,17.11,88.1,1.564,0,0,16.91,17.08,0.038
"2021-10-18 00:00:00",11843,12.67,101.4576,1.493,153.6,33.89,16.89,97.2,0.364,0,0.508,16.43,16.9,0.038
"2021-10-18 01:00:00",11844,12.71,101.4419,0.842,172.6,36.26,16.2,99.2,0,0,0.254,16.46,16.56,0.038
"2021-10-18 02:00:00",11845,12.71,101.45,1.065,187.4,32.91,16,99.4,0,0,0,16.26,16.39,0.038
"2021-10-18 03:00:00",11846,12.71,101.5312,1.272,171.2,39.58,15.71,98.5,0.005,0,0.762,15.8,16.09,0.038
"2021-10-18 04:00:00",11847,12.7,101.5718,1.388,157.8,38.54,15.38,99.5,0.072,0,1.27,15.49,15.7,0.039
"2021-10-18 05:00:00",11848,12.7,101.6611,0.994,188.3,34.33,15.29,99.6,0.027,0,0.762,15.57,15.73,0.04
"2021-10-18 06:00:00",11849,12.7,101.791,1.042,186.9,35.62,14.95,100,2.47,0.202,3.302,15.34,15.44,0.049
"2021-10-18 07:00:00",11850,12.7,101.8559,1.277,187,38.16,14.9,100,32.42,1.818,1.524,15.24,15.4,0.077
"2021-10-18 08:00:00",11851,12.72,101.9533,1.312,188.8,40.32,14.77,99.3,80.1,4.807,0.762,15.17,15.41,0.088
"2021-10-18 09:00:00",11852,13.16,102.0261,0.905,180.6,34.66,15.57,95.9,173.3,10.2,0,15.51,16.33,0.091
"2021-10-18 10:00:00",11853,13.48,101.9961,1.511,177,43.66,16.66,86.2,399.8,21.95,0,16.49,17.48,0.091
"2021-10-18 11:00:00",11854,13.83,101.9828,2.304,160.7,43.18,17.82,91,480.6,26.56,0.508,17.64,18.98,0.091
"2021-10-18 12:00:00",11855,14.17,101.9206,2.151,154.6,41.92,18.57,73.01,729.1,38.23,0,18.15,20.1,0.09
"2021-10-18 13:00:00",11856,13.85,101.9033,2.457,147.5,37.55,19.5,95.1,416.7,24.23,0,17.58,20.96,0.09
"2021-10-18 14:00:00",11857,14.09,101.8462,1.59,145.7,32.4,17.17,78.49,352.5,19.65,0.254,17.63,18.43,0.088
"2021-10-18 15:00:00",11858,14.18,101.7898,2.251,150.8,36.98,19.22,72.02,460.5,24.42,0,19.58,20.41,0.088
"2021-10-18 16:00:00",11859,14.01,101.8414,1.976,146.1,36.12,18.22,79.42,215.3,11.29,0,18.71,19.37,0.087
"2021-10-18 17:00:00",11860,13.7,101.8599,1.271,145.8,29.36,18.32,70.75,125.7,6.12,0,18.34,18.91,0.086
"2021-10-18 18:00:00",11861,13.01,101.9037,0.982,146.9,27.85,17.74,74.88,24.69,1.787,0,17.16,17.93,0.085
"2021-10-18 19:00:00",11862,12.96,101.945,0.349,155.7,17,16.29,80.7,0.294,0.015,0,15.58,16.32,0.084
"2021-10-18 20:00:00",11863,12.94,102.0345,0.305,165.9,20.85,15.91,81.5,0.038,0,0,15.31,15.68,0.084
"2021-10-18 21:00:00",11864,12.93,102.0751,0.36,221.3,22.47,15.72,87.9,0,0,0,15.63,15.8,0.083
"2021-10-18 22:00:00",11865,12.91,102.067,0.364,183.3,26.57,14.89,96.5,0,0,0,14.79,15.42,0.082
"2021-10-18 23:00:00",11866,12.91,102.1157,0.256,204.1,19.57,13.95,95.4,0,0,0,13.95,14.49,0.082
"2021-10-19 00:00:00",11867,12.86,102.1157,0.631,212.8,21.8,13.38,94.2,0,0,0,13.7,13.8,0.082
"2021-10-19 01:00:00",11868,12.86,102.0588,0.372,202,20.01,13.52,92.3,0,0,0,13.93,14.05,0.082
"2021-10-19 02:00:00",11869,12.88,102.002,0.356,214.4,18.45,13.73,90.1,0,0,0,14.18,14.23,0.081
"2021-10-19 03:00:00",11870,12.88,102.002,0.697,210,25.36,13.97,87.2,0,0,0,14.18,14.27,0.081
"2021-10-19 04:00:00",11871,12.87,101.9939,0.276,210.3,16.16,13.84,88.1,0,0,0,13.11,14.04,0.081
"2021-10-19 05:00:00",11872,12.86,102.002,0.441,210.1,21.38,12.93,89.2,0,0,0,12.59,12.86,0.081
"2021-10-19 06:00:00",11873,12.85,102.067,0.433,201.7,17.08,12.79,84.9,31.46,1.785,0,12.51,12.85,0.08
"2021-10-19 07:00:00",11874,12.91,102.1319,0.823,203.1,27.15,14.66,76.07,158.8,8.75,0,14.1,15.19,0.08
"2021-10-19 08:00:00",11875,13.25,102.1552,1.189,167.8,41.52,18.42,64.42,495.7,21.52,0,16.53,18.64,0.08
"2021-10-19 09:00:00",11876,13.68,102.2117,1.532,161.1,47.26,20.49,59.2,689.6,32.27,0,20.43,21.73,0.08
"2021-10-19 10:00:00",11877,13.99,102.2036,1.807,141.5,46.51,21.38,62.54,777.3,36.71,0,22.37,23.6,0.079
"2021-10-19 11:00:00",11878,14.02,102.1143,1.524,130.7,38.12,20.82,58.63,529.2,29.5,0,21.24,22.62,0.079
"2021-10-19 12:00:00",11879,14.15,102.0575,1.744,118,42.17,21.54,55.72,588.3,32.27,0,22.19,23.58,0.078
"2021-10-19 13:00:00",11880,14.25,101.9926,1.563,117.9,40.74,21.21,55,479.9,26.84,0,22.5,23.17,0.078
"2021-10-19 14:00:00",11881,14.25,101.9682,1.714,109,40.76,22.02,55.35,727.6,37.37,0,22.97,24.83,0.078
"2021-10-19 15:00:00",11882,14.27,101.952,1.73,102.1,45.93,20.78,59.79,353.9,21.05,0,21.96,22.62,0.077
"2021-10-19 16:00:00",11883,13.99,101.9682,1.497,103.3,36.81,20.23,62.62,231.6,15.46,0,20.51,21.64,0.077
"2021-10-19 17:00:00",11884,13.6,101.9782,1.266,96.4,31.34,19.39,61.02,126,8.15,0,19.41,19.99,0.077
"2021-10-19 18:00:00",11885,12.98,102.0337,0.862,83.8,19.76,18.26,73.78,28.46,2.384,0,17.19,18.58,0.076
"2021-10-19 19:00:00",11886,12.94,102.1075,0.018,114.7,4.69,15.9,79.47,0,0.019,0,14.88,15.74,0.076
"2021-10-19 20:00:00",11887,12.92,102.1725,0,0,0,15.02,81.7,0,0,0,14.09,14.59,0.075
"2021-10-19 21:00:00",11888,12.9,102.1887,0,0,0,14.24,83.3,0,0,0,13.51,13.78,0.075
"2021-10-19 22:00:00",11889,12.88,102.205,0,0,0,13.91,86.2,0,0,0,13.04,13.3,0.075
"2021-10-19 23:00:00",11890,12.87,102.1644,0,0,0,13.11,91.7,0,0,0,12.85,13.02,0.075
"2021-10-20 00:00:00",11891,12.86,102.0921,0,0,0,11.95,96.3,0,0,0,12.57,12.72,0.074
"2021-10-20 01:00:00",11892,12.83,102.0153,0.009,225.7,1.842,11.5,95.9,0,0,0,12.4,12.54,0.074
"2021-10-20 02:00:00",11893,12.81,101.9466,0.076,229.6,8.56,12.34,90.1,0,0,0,12.37,12.5,0.074
"2021-10-20 03:00:00",11894,12.8,101.8803,0.38,234,20.64,13.17,87.7,0,0,0,12.59,12.82,0.074
"2021-10-20 04:00:00",11895,12.8,101.8803,0.286,224.8,17.94,13.19,89.9,0,0,0,12.61,12.85,0.073
"2021-10-20 05:00:00",11896,12.79,101.9047,0.265,222.2,20,12.58,88.7,0,0,0,12.22,12.55,0.073
"2021-10-20 06:00:00",11897,12.8,101.9452,0.212,234.2,19.58,13.68,82,32.77,1.768,0,12.73,13.36,0.073
"2021-10-20 07:00:00",11898,12.9,101.9938,0.401,244.8,27.34,16.84,71.87,245.6,9.7,0,14.73,17.25,0.073
"2021-10-20 08:00:00",11899,13.48,101.9926,0.794,294,58.17,19.82,60.88,468.8,20.87,0,18.72,20.25,0.073
"2021-10-20 09:00:00",11900,13.87,101.9763,1.27,21.06,40.12,21.08,61.74,549.8,26.03,0,22.49,24.01,0.073
"2021-10-20 10:00:00",11901,14.12,101.8952,1.679,34.07,32.24,21.83,58.76,745.5,35.35,0,23.44,25.54,0.073
"2021-10-20 11:00:00",11902,14.2,101.8222,2.109,28.57,30.71,21.9,55.94,665.4,34.61,0,23.69,25.03,0.072
"2021-10-20 12:00:00",11903,14.22,101.7085,2.34,43.47,28.99,22.48,56.37,618,33.02,0,24.94,25.79,0.072
"2021-10-20 13:00:00",11904,14.16,101.6112,2.9,44.68,31.39,23.05,54.69,828,41.79,0,25.26,26.48,0.072
"2021-10-20 14:00:00",11905,14.32,101.5057,3.254,47.32,29.22,23.27,53.97,900,42.91,0,26.06,27.11,0.071
"2021-10-20 15:00:00",11906,14.24,101.4245,3.45,48.36,28.98,23.04,52.92,734.5,34.07,0,26.1,26.61,0.071
"2021-10-20 16:00:00",11907,14.22,101.4002,3.2,44.48,27.25,22.7,52.52,524.2,22.85,0,24.63,25.58,0.071
"2021-10-20 17:00:00",11908,13.44,101.4326,2.981,38.42,28.23,21.79,60.26,281.1,11.21,0,21.33,23.22,0.071
"2021-10-20 18:00:00",11909,12.96,101.4766,2.399,32.28,25.29,19.91,67.75,26.88,2.53,0,19.24,20.18,0.071
"2021-10-20 19:00:00",11910,12.93,101.5149,1.28,29.84,23.33,18.37,73.55,0.021,0.022,0,18.13,18.54,0.07
"2021-10-20 20:00:00",11911,12.92,101.5538,0.444,27.15,14.52,17.41,79.97,0,0,0,16.9,17.54,0.07
"2021-10-20 21:00:00",11912,12.9,101.5961,0.088,19.33,7.771,16.56,85.7,0,0,0,15.52,16.24,0.07
"2021-10-20 22:00:00",11913,12.88,101.5555,0,0,0,14.88,93.1,0,0,0,14.75,15.08,0.07
"2021-10-20 23:00:00",11914,12.87,101.5474,0.009,261.6,1.96,14.6,93,0,0,0,14.46,14.67,0.07
"2021-10-21 00:00:00",11915,12.83,101.4825,0.085,249.6,11.12,14.3,92,0,0,0,14.34,14.46,0.07
"2021-10-21 01:00:00",11916,12.83,101.4013,0.065,239.9,9.97,14.26,91.7,0,0,0,14.3,14.35,0.07
"2021-10-21 02:00:00",11917,12.82,101.3201,0.001,246,0,13.62,94.8,0,0,0,13.81,14,0.069
"2021-10-21 03:00:00",11918,12.81,101.2714,0,0,0,12.45,97.6,0,0,0,13.5,13.72,0.069
"2021-10-21 04:00:00",11919,12.8,101.2471,0,0,0,12.24,98.7,0,0,0,13.34,13.48,0.069
"2021-10-21 05:00:00",11920,12.79,101.2795,0,0,0,13,99.1,0.113,0,0,13.56,14.1,0.069
"2021-10-21 06:00:00",11921,12.79,101.3201,0.008,331.1,2.435,14.71,91,42.85,1.7,0,14.72,15.47,0.069
"2021-10-21 07:00:00",11922,12.93,101.3581,0.94,344.4,26.45,18.13,79.32,233.6,8.98,0,16.74,18.62,0.069
"2021-10-21 08:00:00",11923,13.51,101.3028,2.148,339.8,28.17,21.18,69.64,474.3,20,0,20.25,22.02,0.069
"2021-10-21 09:00:00",11924,13.76,101.2541,2.953,355.7,30.51,23.26,56.83,695.3,31.3,0,24.15,25.57,0.069
"2021-10-21 10:00:00",11925,14.18,101.1877,2.984,356.9,29.64,24.72,53.62,864,40.48,0,26.37,27.81,0.068
"2021-10-21 11:00:00",11926,14.14,101.0577,3.237,7.657,33.96,26.17,50.86,972,46.76,0,28.68,29.43,0.068
"2021-10-21 12:00:00",11927,14.26,100.953,3.433,22.17,34.93,26.88,59.76,1012,49.27,0,29.59,30.15,0.068
"2021-10-21 13:00:00",11928,14.29,100.855,3.92,34.69,31.85,26.05,63.71,977,46.88,0,29.19,29.69,0.068
"2021-10-21 14:00:00",11929,14.31,100.7672,4.022,33.97,26.97,25.73,65.11,872,40.77,0,28.96,29.44,0.068
"2021-10-21 15:00:00",11930,14.25,100.7023,3.784,29.53,29.66,25.16,64.84,706.3,31.61,0,27.97,28.64,0.067
"2021-10-21 16:00:00",11931,14.25,100.7023,3.608,32.08,31.2,24.76,67.77,496.7,20.87,0,26.75,27.56,0.067
"2021-10-21 17:00:00",11932,13.5,100.7266,3.455,29,27.79,23.66,74.46,254.4,10.01,0,23.6,25.21,0.067
"2021-10-21 18:00:00",11933,12.95,100.7672,2.763,29.21,27.36,22.23,80.2,30.54,2.305,0,21.95,22.69,0.066
"2021-10-21 19:00:00",11934,12.93,100.8248,2.174,23.65,22.82,21.37,83.9,0.034,0.021,0,21.24,21.54,0.066
"2021-10-21 20:00:00",11935,12.92,100.8838,1.822,25.67,20.74,21.12,85.8,0,0,0,20.98,21.09,0.066
"2021-10-21 21:00:00",11936,12.91,100.9497,1.129,16.9,17.76,20.75,89.3,0,0,0,20.45,20.73,0.066
"2021-10-21 22:00:00",11937,12.9,100.9439,1.756,16.23,23.82,21.03,87.1,0,0,0,20.45,20.77,0.066
"2021-10-21 23:00:00",11938,12.9,100.9403,2.289,15.48,23.82,21.56,84.9,0,0,0,21.18,21.35,0.066
"2021-10-22 00:00:00",11939,12.89,100.9214,1.909,13.21,25.86,21.65,84.7,0,0,0,21.48,21.52,0.066
"2021-10-22 01:00:00",11940,12.88,100.8809,1.935,13.75,25.77,21.68,85.3,0,0,0,21.53,21.58,0.066
"2021-10-22 02:00:00",11941,12.86,100.8087,1.72,11.28,27.73,21.39,87.2,0,0,0,21.05,21.3,0.066
"2021-10-22 03:00:00",11942,12.85,100.7531,1.864,8.46,23.5,20.81,88.7,0,0,0,20.22,20.61,0.066
"2021-10-22 04:00:00",11943,12.84,100.7313,1.056,3.734,19.1,20.03,90.8,0,0,0,19.8,19.96,0.065
"2021-10-22 05:00:00",11944,12.83,100.6988,1.853,7.938,23.87,20.11,90.3,0.021,0,0,19.8,19.9,0.065
"2021-10-22 06:00:00",11945,12.83,100.7724,1.96,8.6,25.7,20.33,87.6,26.26,1.465,0,19.89,20.1,0.065
"2021-10-22 07:00:00",11946,12.93,100.7519,3.014,7.015,28.26,21.44,78.55,173.6,7.443,0,20.56,21.67,0.065
"2021-10-22 08:00:00",11947,13.56,100.7023,3.501,10.14,26.21,22.64,71.39,300.7,14.2,0,22.73,23.36,0.065
"2021-10-22 09:00:00",11948,14.09,100.6455,3.775,3.852,33.29,24.45,65.94,634,28.07,0,24.93,26.41,0.065
"2021-10-22 10:00:00",11949,14.2,100.5553,3.833,6.729,30.02,25.99,59.87,802,37.52,0,27.86,28.59,0.065
"2021-10-22 11:00:00",11950,14.18,100.4465,3.56,1.974,32.04,27.79,56.06,957,45.03,0,30.15,31.09,0.065
"2021-10-22 12:00:00",11951,14.19,100.4476,3.752,12.3,31.14,28.86,54.93,986,46.75,0,31.1,31.98,0.065
"2021-10-22 13:00:00",11952,14.19,100.3248,3.318,7.887,33.08,29.01,64.89,719.2,35.48,0,31.08,31.9,0.064
"2021-10-22 14:00:00",11953,13.95,100.2037,3.748,27.84,30.21,27.71,73.61,706,32.4,0,27.19,31.28,0.064
"2021-10-22 15:00:00",11954,13.99,100.1261,4.022,28.54,28.95,25,74.71,329.8,15.98,0,26.21,26.87,0.063
"2021-10-22 16:00:00",11955,14.16,100.0774,3.921,25.54,29.93,24.66,74.6,302.5,13.91,0,25.59,26.3,0.063
"2021-10-22 17:00:00",11956,13.44,100.0937,4.295,22.63,31.62,24.89,78.5,285.1,10.48,0,24.66,26.26,0.063
"2021-10-22 18:00:00",11957,12.96,100.0612,3.99,22.7,30.32,23.29,86.8,30.09,2.33,0,22.98,23.69,0.063
"2021-10-22 19:00:00",11958,12.93,100.1589,3.504,28.08,28.51,22.58,89.7,0.051,0.025,0,22.59,22.72,0.063
"2021-10-22 20:00:00",11959,12.92,100.3777,3.245,22.59,32.08,22.77,88.1,0,0,0,22.59,22.84,0.063
"2021-10-22 21:00:00",11960,12.92,100.256,2.327,10.37,29.04,22.89,87.9,0,0,0,22.65,22.86,0.063
"2021-10-22 22:00:00",11961,12.91,100.2722,2.031,5.204,26.32,22.55,91.2,0,0,0,22.07,22.42,0.062
"2021-10-22 23:00:00",11962,12.87,100.2645,1.909,6.441,23.52,22.15,92.2,0,0,0,21.81,21.95,0.062
"2021-10-23 00:00:00",11963,12.89,100.2235,2.06,5.654,24.74,22.31,89.9,0,0,0,21.81,22.12,0.062
"2021-10-23 01:00:00",11964,12.87,100.248,1.64,3.862,22.63,22.21,91.4,0,0,0,21.38,21.93,0.062
"2021-10-23 02:00:00",11965,12.86,100.2583,0.355,0.787,14.14,21.15,94.7,0,0,0,20.18,20.8,0.062
"2021-10-23 03:00:00",11966,12.84,100.2385,0.346,12.26,10.46,20.4,95.5,0,0,0,19.84,19.99,0.062
"2021-10-23 04:00:00",11967,12.83,100.2306,0.913,9.38,16.93,20.27,94.5,0,0,0,19.7,19.91,0.062
"2021-10-23 05:00:00",11968,12.82,100.2723,0.526,5.052,15.86,19.91,95.9,0,0.004,0,19.16,19.49,0.062
"2021-10-23 06:00:00",11969,12.79,100.3045,0.419,333.3,18.08,19.95,90.9,45.1,1.957,0,19.13,19.68,0.062
"2021-10-23 07:00:00",11970,12.9,100.2966,1.347,357,25.6,22.6,72.54,243.6,9.61,0,20.97,23.06,0.062
"2021-10-23 08:00:00",11971,13.38,100.3128,2.335,352.4,30.35,25.44,60.93,483.4,20.51,0,24.36,26.02,0.062
"2021-10-23 09:00:00",11972,13.57,100.2495,2.609,351.8,29.46,27.82,55.39,698.3,31.71,0,28.1,29.9,0.062
"2021-10-23 10:00:00",11973,14.02,100.1843,2.585,3.939,28.5,29.99,48.21,867,40.98,0,31.17,32.74,0.061
"2021-10-23 11:00:00",11974,13.99,100.0653,2.605,18.58,33.67,31.58,55.17,975,46.92,0,34.05,34.78,0.061
"2021-10-23 12:00:00",11975,14.17,99.96722,3.375,32.4,26.14,30.64,57.19,1019,49.1,0,33.3,33.86,0.061
"2021-10-23 13:00:00",11976,14.21,99.87209,3.871,33.9,27.25,29.79,63.55,989,46.68,0,32.56,33.43,0.061
"2021-10-23 14:00:00",11977,14.26,99.79992,3.773,38.16,29.2,28.58,65.61,882,41.78,0,31.91,32.61,0.06
"2021-10-23 15:00:00",11978,14.16,99.6958,3.724,30.8,27.74,28.11,65.52,708,32.2,0,31.07,31.67,0.06
"2021-10-23 16:00:00",11979,14.17,99.6879,3.962,27.84,30.48,26.93,71.56,480.7,19.87,0,28.46,29.73,0.06
"2021-10-23 17:00:00",11980,13.42,99.64734,3.875,24.96,28.42,25.77,78.57,238.1,9.22,0,25.82,27.31,0.059
"2021-10-23 18:00:00",11981,12.95,99.69602,3.24,21.68,26.34,24.43,85.8,30.95,2.147,0,24.34,25.02,0.059
"2021-10-23 19:00:00",11982,12.93,99.75283,2.724,25.53,25.2,23.71,88.8,0.111,0.025,0,23.86,24.05,0.059
"2021-10-23 20:00:00",11983,12.92,99.86663,2.466,14.47,26.16,23.79,89.5,0,0,0,23.84,23.9,0.059
"2021-10-23 21:00:00",11984,12.91,99.98077,0.219,5.463,26.12,23.19,93.1,0,0,0,22.54,23.29,0.059
"2021-10-23 22:00:00",11985,12.9,100.3218,1.146,182,38.72,22.84,89.7,0,0,0,22.32,22.77,0.058
"2021-10-23 23:00:00",11986,12.89,100.467,2.424,171.6,50.1,23.7,85.6,0,0,0,23.24,23.54,0.058
"2021-10-24 00:00:00",11987,12.86,100.613,3.45,166.6,49.76,23.8,78.88,0,0,0,23.36,23.83,0.058
"2021-10-24 01:00:00",11988,12.86,100.7104,3.873,157.5,50.38,22.83,68.41,0,0,0,22.37,22.82,0.058
"2021-10-24 02:00:00",11989,12.78,100.7916,3.764,162.7,50.71,22.48,67.38,0,0,0,22.11,22.37,0.058
"2021-10-24 03:00:00",11990,12.84,100.9056,3.624,151,44.81,22.01,71.1,0,0,0,21.65,21.86,0.058
"2021-10-24 04:00:00",11991,12.82,101.0603,3.417,153,41.96,21.61,67.56,0,0,0,21.46,21.57,0.058
"2021-10-24 05:00:00",11992,12.81,101.1266,3.54,149.8,39.14,21.36,68.54,0,0.005,0,20.91,21.3,0.058
"2021-10-24 06:00:00",11993,12.81,101.306,3.03,145,39.64,21.22,69.41,22.66,0.974,0,20.84,21.18,0.058
"2021-10-24 07:00:00",11994,12.81,101.4489,3.014,150.8,37.85,21.33,67.02,43.77,2.307,0,21.4,21.48,0.058
"2021-10-24 08:00:00",11995,12.87,101.498,2.963,148.2,33.44,21.49,68.32,95.4,5.435,0,21.52,21.76,0.058
"2021-10-24 09:00:00",11996,13.24,101.5138,3.292,150.8,40.89,22.05,65.37,245.9,13.57,0,22,22.7,0.058
"2021-10-24 10:00:00",11997,13.82,101.5949,3.219,147.9,37.6,22.43,65.98,319.9,17.9,0,22.89,23.48,0.057
"2021-10-24 11:00:00",11998,14.18,101.6355,3.114,145.2,35.45,22.62,65.04,383.5,22.28,0,23.34,23.89,0.057
"2021-10-24 12:00:00",11999,14.23,101.5463,3.093,145.3,38.93,22.9,61.81,475.9,26.95,0,23.82,24.54,0.057
"2021-10-24 13:00:00",12000,14.18,101.5868,2.994,147.6,35.85,22.55,67.09,390.7,22.66,0,23.47,24.21,0.057
"2021-10-24 14:00:00",12001,14.24,101.5625,2.909,146.8,35.52,22.46,66.87,434.5,24.34,0,23.8,24.21,0.057
"2021-10-24 15:00:00",12002,14.22,101.5625,2.895,146.8,38.37,22.4,59.62,424.3,22.32,0,22.98,24.21,0.056
"2021-10-24 16:00:00",12003,14.15,101.5706,3.141,149.8,37.19,21.85,62.21,389.5,19.31,0,22.51,23.3,0.056
"2021-10-24 17:00:00",12004,14.03,101.6274,2.714,147.9,39.4,21.29,65.41,249.3,10.23,0,21.5,22.31,0.056
"2021-10-24 18:00:00",12005,12.98,101.7045,2.232,148.9,39.71,20.09,67.44,31.27,1.863,0,20.3,20.68,0.056
"2021-10-24 19:00:00",12006,12.94,101.7632,2.029,150.1,36.38,19.9,68.36,0.097,0.013,0,20.05,20.2,0.056
"2021-10-24 20:00:00",12007,12.92,101.83,1.813,146.3,34.29,19.86,71.29,0,0,0,19.89,20.04,0.056
"2021-10-24 21:00:00",12008,12.91,101.8956,1.543,148.6,36.15,19.71,76.06,0,0,0,19.36,19.87,0.056
"2021-10-24 22:00:00",12009,12.9,101.9179,1.534,148,39.42,19.9,71.92,0,0,0,19.78,19.97,0.056
"2021-10-24 23:00:00",12010,12.9,101.8939,1.473,148.9,36.87,19.77,71.14,0,0,0,19.81,19.93,0.055
"2021-10-25 00:00:00",12011,12.88,101.8283,1.455,152,38.12,19.55,70.91,0,0,0,19.61,19.71,0.055
"2021-10-25 01:00:00",12012,12.87,101.7817,0.986,179.1,41.81,18.78,80.4,0,0,0,18.68,19.27,0.055
"2021-10-25 02:00:00",12013,12.85,101.7417,1.303,202.2,37.93,17.79,81.5,0,0,0,18.18,18.42,0.055
"2021-10-25 03:00:00",12014,12.83,101.7999,1.215,201.3,40.61,17.52,84.4,0,0,0,17.74,18.08,0.055
"2021-10-25 04:00:00",12015,12.8,101.8092,0.837,205.7,33.19,17.33,82.1,0,0,0,17.73,17.86,0.055
"2021-10-25 05:00:00",12016,12.78,101.8475,0.997,197.4,32.71,17.33,83.3,0,0,0,17.83,17.89,0.055
"2021-10-25 06:00:00",12017,12.78,101.8755,0.759,196.9,35.68,16.98,90.2,12.09,0.726,0,17.29,17.65,0.055
"2021-10-25 07:00:00",12018,12.8,101.9065,0.921,194.9,34.33,17.26,85,53.74,2.753,0,17.37,17.77,0.055
"2021-10-25 08:00:00",12019,12.83,101.9121,1.145,180.9,38.85,18.03,82.7,76.56,4.603,0,17.92,18.46,0.055
"2021-10-25 09:00:00",12020,13.14,101.9182,1.236,179.7,44.57,18.62,81.9,91.4,5.767,0,18.84,19.21,0.055
"2021-10-25 10:00:00",12021,13.24,101.9002,0.897,175.3,39.47,19.34,80.8,79.09,5.445,0,19.53,19.91,0.055
"2021-10-25 11:00:00",12022,13.05,101.7963,0.924,193.5,35.78,19.07,89.8,80.9,5.472,0,19.48,19.75,0.055
"2021-10-25 12:00:00",12023,13.35,101.7211,1.134,150.7,40.58,18.74,89.9,134.3,8.86,0,19.35,19.7,0.055
"2021-10-25 13:00:00",12024,13.17,101.7005,0.718,190.7,39.68,18.69,96.9,85,6.017,0.508,19.16,19.65,0.055
"2021-10-25 14:00:00",12025,13.2,101.6686,1.05,192,40.73,17.71,99,74.25,5.109,2.286,18.19,18.69,0.055
"2021-10-25 15:00:00",12026,12.98,101.5313,0.934,207.6,36.04,17.17,99.5,12.11,1.051,2.286,17.77,17.92,0.055
"2021-10-25 16:00:00",12027,12.9,101.5883,0.354,200.2,19.75,17.25,99.7,11.58,0.991,4.064,17.66,17.87,0.055
"2021-10-25 17:00:00",12028,12.84,101.4935,0.692,184.6,36.39,16.86,99.9,12.57,0.959,3.81,17.19,17.44,0.08
"2021-10-25 18:00:00",12029,12.77,101.585,0.479,176.5,30.77,16.53,99.8,3.851,0.304,2.032,17.05,17.13,0.101
"2021-10-25 19:00:00",12030,12.76,101.5771,0.571,200.7,26.25,16.57,100,0.034,0,3.556,17.09,17.16,0.104
"2021-10-25 20:00:00",12031,12.76,101.5753,0.678,168.4,48.16,16.65,100,0.036,0,1.27,17.04,17.22,0.108
"2021-10-25 21:00:00",12032,12.76,101.6074,1.133,219.8,28.23,16.81,100,0.012,0,3.302,17.24,17.29,0.104
"2021-10-25 22:00:00",12033,12.73,101.6379,1.483,205.5,39.38,16.97,100,0.017,0,3.556,17.24,17.34,0.107
"2021-10-25 23:00:00",12034,12.75,101.6153,1.458,199,40.34,16.56,100,0.162,0,1.016,16.81,17,0.11
"2021-10-26 00:00:00",12035,12.74,101.6185,1.107,187.7,32.05,16.39,100,0.057,0,0.254,16.78,16.86,0.104
"2021-10-26 01:00:00",12036,12.74,101.6502,1.114,194.6,32.33,16.42,100,0.02,0,8.13,16.72,16.84,0.099
"2021-10-26 02:00:00",12037,12.76,101.554,0.744,188.1,29.15,16.26,100,0,0,6.858,16.61,16.65,0.119
"2021-10-26 03:00:00",12038,12.72,101.3835,0.175,208.8,9.79,16.19,100,0,0,3.556,16.59,16.67,0.119
"2021-10-26 04:00:00",12039,12.72,101.5045,0.391,226.3,18.3,16.18,100,0,0,1.016,16.61,16.72,0.113
"2021-10-26 05:00:00",12040,12.72,101.4573,0.111,249.5,8.08,16.2,100,0.015,0.001,1.016,16.63,16.73,0.104
"2021-10-26 06:00:00",12041,12.69,101.5285,0.007,242.3,1.047,16.32,100,18.15,0.996,0,16.85,16.97,0.101
"2021-10-26 07:00:00",12042,12.72,101.646,0.679,198.6,26.73,16.79,100,61.42,3.611,0,17.13,17.37,0.096
"2021-10-26 08:00:00",12043,12.77,101.6756,0.784,202.3,24.4,17.4,99.7,84.6,5.374,0,17.6,17.88,0.093
"2021-10-26 09:00:00",12044,13.22,101.6966,0.948,200.9,30.22,18.36,96.8,191.8,11.91,0,18.33,18.87,0.09
"2021-10-26 10:00:00",12045,13.64,101.6923,1.006,199.7,26.84,20.72,88.8,451.7,25.25,0,19.94,21.65,0.088
"2021-10-26 11:00:00",12046,14.05,101.6599,1.226,194.1,35.99,23.32,81.3,617.4,34.27,0,23.65,24.86,0.087
"2021-10-26 12:00:00",12047,14.07,101.5949,0.986,196.6,40.79,24.2,73.03,551.2,31.97,0,25.2,25.8,0.085
"2021-10-26 13:00:00",12048,14.04,101.5381,0.931,175.3,45,24.7,74.67,466.4,26.91,0,25.68,26.31,0.084
"2021-10-26 14:00:00",12049,14.05,101.4972,0.877,163.3,40.76,25.01,80.7,452.4,26.81,0,26.13,26.66,0.082
"2021-10-26 15:00:00",12050,13.93,101.4976,0.954,115.1,39.09,24.32,82,309.9,17.78,0,24.89,26.09,0.081
"2021-10-26 16:00:00",12051,13.73,101.5219,0.753,145.6,30.81,22.92,82.4,129.7,8.04,0,23.42,23.96,0.08
"2021-10-26 17:00:00",12052,13.2,101.5787,0.429,130.2,23.18,22.71,86.3,85.4,4.969,0,23.13,23.49,0.079
"2021-10-26 18:00:00",12053,12.99,101.6112,0.387,148,17.47,21.89,91.1,10.7,0.741,0,22,22.45,0.079
"2021-10-26 19:00:00",12054,12.95,101.6691,0.166,157,10.72,21.39,92.4,0.03,0.01,0,21.57,21.82,0.078
"2021-10-26 20:00:00",12055,12.87,101.725,0.219,184.4,21.44,21.23,95.4,0,0,0,21.45,21.51,0.077
"2021-10-26 21:00:00",12056,12.92,101.7979,0.139,168.5,16.22,21.26,95.2,0,0,0,21.43,21.48,0.077
"2021-10-26 22:00:00",12057,12.92,101.8066,0.14,166.4,16.65,21.26,94.9,0,0,0,21.31,21.4,0.076
"2021-10-26 23:00:00",12058,12.9,101.8144,0.226,158.8,16.39,21.07,95.4,0,0,0,20.84,21.14,0.076
"2021-10-27 00:00:00",12059,12.89,101.824,0.52,148.2,21.38,20.97,93.5,0.015,0,0,20.68,20.91,0.076
"2021-10-27 01:00:00",12060,12.89,101.8161,0.784,142.2,26.43,21.09,91.9,0,0,0,20.77,20.93,0.075
"2021-10-27 02:00:00",12061,12.87,101.8224,0.848,145,25.14,20.98,90,0,0,0,20.47,20.79,0.075
"2021-10-27 03:00:00",12062,12.88,101.8247,0.894,148.3,24.87,20.5,91.7,0,0,0,19.82,20.27,0.075
"2021-10-27 04:00:00",12063,12.88,101.8621,0.271,157,12.43,19.68,93.4,0,0,0,19.37,19.51,0.075
"2021-10-27 05:00:00",12064,12.87,101.9192,0.036,168.9,6.15,19.57,96.4,0.07,0.016,0,18.99,19.44,0.074
"2021-10-27 06:00:00",12065,12.86,101.9764,0.027,206.1,3.301,19.07,97,30.63,2.167,0,18.93,19.16,0.074
"2021-10-27 07:00:00",12066,12.93,102.0182,0.136,170.7,13.64,21.08,87.4,155.4,8.26,0,19.59,21.33,0.074
"2021-10-27 08:00:00",12067,13.22,102.0252,0.704,142.9,27.42,22.21,79.64,242.7,12.28,0,21.55,22.45,0.073
"2021-10-27 09:00:00",12068,13.64,102.0332,1.342,124.9,35.89,23.43,76.06,368.5,20.55,0,23.1,24.21,0.073
"2021-10-27 10:00:00",12069,13.82,102.0332,0.975,120.2,36.37,22.25,95,210.5,13.51,0.254,22.15,23.5,0.073
"2021-10-27 11:00:00",12070,13.93,101.9763,1.406,88.8,30.85,21.89,87.5,361.9,21.24,0.254,22.27,23.09,0.073
"2021-10-27 12:00:00",12071,14.14,101.9601,1.657,103.7,41.19,22.72,77.46,422,25.24,0,23.05,23.88,0.073
"2021-10-27 13:00:00",12072,14.1,101.9358,1.611,113.1,41.88,23.44,78.15,356.3,21.19,0,23.81,24.82,0.073
"2021-10-27 14:00:00",12073,14.2,101.8709,1.651,104.5,38.01,23.64,74.44,400.5,23.73,0,23.92,25.08,0.073
"2021-10-27 15:00:00",12074,14.03,101.8465,1.552,105.5,38.18,23.22,78.51,283.5,16.38,0,23.77,24.62,0.072
"2021-10-27 16:00:00",12075,13.45,101.879,1.108,114,39.89,22.38,79.87,128.1,7.757,0,22.66,23.27,0.072
"2021-10-27 17:00:00",12076,13.09,101.9114,0.76,116.6,33.38,21.95,81.6,66.98,4.061,0,22.2,22.5,0.072
"2021-10-27 18:00:00",12077,12.98,101.952,0.584,105.5,25.75,21.45,82.6,16.71,1.111,0,21.38,21.76,0.072
"2021-10-27 19:00:00",12078,12.95,102.0088,0.066,147.3,10.35,20.74,85.9,0,0.012,0,20.86,21.07,0.072
"2021-10-27 20:00:00",12079,12.93,102.0351,0.1,118.7,17.2,20.61,86.9,0,0,0,20.04,20.66,0.072
"2021-10-27 21:00:00",12080,12.91,102.0478,0.001,170.6,0,19.81,89.2,0.03,0,0,19.59,19.8,0.072
"2021-10-27 22:00:00",12081,12.9,102.0201,0.032,107.9,9.29,20.17,90.7,0,0,0,20.05,20.23,0.071
"2021-10-27 23:00:00",12082,12.89,101.9946,0.279,99.4,16.14,20.67,85.4,0,0,0,20.3,20.43,0.071
"2021-10-28 00:00:00",12083,12.86,101.995,0.544,99.5,19.86,20.94,84.2,0,0,0,20.51,20.58,0.071
"2021-10-28 01:00:00",12084,12.86,101.9889,0.253,100.1,18.14,19.94,94.5,0.001,0,0.254,19.7,20.1,0.071
"2021-10-28 02:00:00",12085,12.86,101.9601,0.098,119.2,17.53,19.14,95,0.075,0,0,19.24,19.36,0.071
"2021-10-28 03:00:00",12086,12.83,101.926,0.092,127.6,18.75,19.24,96.1,0.213,0,0.254,19.34,19.44,0.071
"2021-10-28 04:00:00",12087,12.82,101.8794,0.055,103.4,8.49,18.93,93.1,0.673,0,0,18.76,19.16,0.071
"2021-10-28 05:00:00",12088,12.83,101.9121,0.039,159.8,6.429,18.62,92.5,0.816,0.016,0,18.22,18.5,0.071
"2021-10-28 06:00:00",12089,12.82,101.9608,0.003,150.4,0.573,18.97,92,34.01,1.72,0,18.32,18.74,0.071
"2021-10-28 07:00:00",12090,12.87,101.9853,0.14,77.87,11.89,21.14,71.45,174.2,9.13,0,19.52,20.81,0.07
"2021-10-28 08:00:00",12091,13.45,101.9682,1.627,79.94,31.27,23.26,65.38,424.2,18.8,0,22.12,23.23,0.071
"2021-10-28 09:00:00",12092,13.88,101.9439,2.008,76.6,27.86,23.37,67.53,368.2,20.07,0,23.51,24.19,0.07
"2021-10-28 10:00:00",12093,14.05,101.9195,2.666,69.85,25.12,24.19,60.23,748.6,36.36,0,24.27,26.23,0.071
"2021-10-28 11:00:00",12094,14.15,101.8461,2.489,67.64,27.23,24.43,66.84,616.8,32.7,0,25.68,27.15,0.07
"2021-10-28 12:00:00",12095,14.16,101.7572,2.752,66.26,24.14,24.38,64.82,783.1,41.81,0,25.7,26.94,0.07
"2021-10-28 13:00:00",12096,14.17,101.6761,3.247,67.72,24.62,24.55,66.28,885,45.07,0,26.96,27.75,0.07
"2021-10-28 14:00:00",12097,14.23,101.5849,3.553,58.9,22.71,24.6,67.85,861,41.97,0,25.66,28.36,0.07
"2021-10-28 15:00:00",12098,14.23,101.5544,3.17,53.76,23.88,23.52,64.57,524.6,27.34,0,25.18,26.19,0.07
"2021-10-28 16:00:00",12099,14.15,101.5299,3.3,52.2,25.42,23.98,67.37,586,24.98,0,25.27,27.17,0.07
"2021-10-28 17:00:00",12100,13.47,101.53,3.064,56.84,23.05,22.83,69.77,236.5,11.52,0,22.97,24.44,0.07
"2021-10-28 18:00:00",12101,12.97,101.5384,2.051,43.98,22.26,21.57,74.88,30.87,2.88,0,21.25,22.04,0.07
"2021-10-28 19:00:00",12102,12.93,101.5437,0.744,40.76,19.49,20.06,82,0.18,0.053,0,19.88,20.54,0.069
"2021-10-28 20:00:00",12103,12.93,101.5387,0.024,24.25,2.997,18.64,87.5,0,0,0,18.98,19.36,0.069
"2021-10-28 21:00:00",12104,12.91,101.5306,0.187,32.4,9.46,19.27,81.9,0.037,0,0,18.94,19.43,0.069
"2021-10-28 22:00:00",12105,12.87,101.5129,0.417,21.91,11.86,20.04,81.1,0,0,0,19.75,20.08,0.069
"2021-10-28 23:00:00",12106,12.9,101.4388,0.237,32.39,10.35,20,83.4,0,0,0,19.75,20.27,0.068
"2021-10-29 00:00:00",12107,12.89,101.3676,0.521,23.45,14.92,19.49,87.9,0,0,0,19.16,19.58,0.068
"2021-10-29 01:00:00",12108,12.87,101.3198,0.001,310.5,0,18.12,92.7,0,0,0,18.33,18.55,0.068
"2021-10-29 02:00:00",12109,12.85,101.2794,0.104,314.6,12.94,18.37,87.7,0.012,0,0,18.33,18.66,0.068
"2021-10-29 03:00:00",12110,12.83,101.2379,0.135,314.4,9.25,18.84,89.6,0,0,0,19.07,19.16,0.068
"2021-10-29 04:00:00",12111,12.83,101.2384,0.026,332.7,3.52,18.59,91.5,0,0,0,19.07,19.15,0.068
"2021-10-29 05:00:00",12112,12.8,101.2222,0.027,348.3,3.415,18.22,91.1,0.031,0.017,0,18.49,18.83,0.068
"2021-10-29 06:00:00",12113,12.81,101.2709,0.21,332.1,14.01,18.47,86,47.82,2.22,0,18.26,18.71,0.068
"2021-10-29 07:00:00",12114,12.86,101.2163,0.861,346.4,21.8,19.8,71.59,191.5,10.21,0,19.18,20.31,0.068
"2021-10-29 08:00:00",12115,13.4,101.1811,2.81,11.84,30.85,22.72,61.55,515.5,22.87,0,22.44,23.38,0.068
"2021-10-29 09:00:00",12116,13.73,101.0999,2.998,11.54,30.15,23.79,61.43,580.5,27.98,0,24.48,25.72,0.068
"2021-10-29 10:00:00",12117,14.06,101.0188,2.728,7.948,30.92,23.91,67.06,381.2,20.91,0,24.68,25.82,0.068
"2021-10-29 11:00:00",12118,14.16,100.8808,3.404,13.69,32.09,24.78,61.36,736.2,38.6,0,24.71,27.19,0.067
"2021-10-29 12:00:00",12119,14.17,100.7669,3.56,14.05,28.2,25.09,63.45,582.1,31.82,0,26.44,27.4,0.067
"2021-10-29 13:00:00",12120,14.26,100.6536,4.292,26.09,26.88,25.17,55.52,833,42.9,0,26.24,27.73,0.067
"2021-10-29 14:00:00",12121,14.21,100.5481,4.275,27.89,28.83,25.82,54.84,870,42.38,0,28.41,29.08,0.067
"2021-10-29 15:00:00",12122,14.25,100.4832,4.065,29.39,28,25.59,55.37,721.1,33.96,0,28.26,28.69,0.066
"2021-10-29 16:00:00",12123,14.26,100.4426,4.278,26.32,31.75,24.51,62.27,509.6,22.73,0,25.93,26.95,0.066
"2021-10-29 17:00:00",12124,13.48,100.4183,4.173,24.33,25.76,23.46,67.35,254.8,11.12,0,23.25,24.72,0.066
"2021-10-29 18:00:00",12125,12.97,100.4183,3.204,28.77,29.09,22.22,77.87,31.05,2.778,0,22.11,22.67,0.066
"2021-10-29 19:00:00",12126,12.93,100.4349,2.813,24.96,26.91,21.7,81.7,0.255,0.051,0,21.68,21.86,0.066
"2021-10-29 20:00:00",12127,12.94,100.5091,2.866,26.56,26.29,21.79,82.5,0,0,0,21.67,21.74,0.066
"2021-10-29 21:00:00",12128,12.92,100.516,2.865,18.31,28.93,21.83,82.9,0,0,0,21.62,21.73,0.065
"2021-10-29 22:00:00",12129,12.9,100.4681,3.094,15.6,28.46,21.84,82,0,0,0,21.71,21.77,0.065
"2021-10-29 23:00:00",12130,12.91,100.7355,0.931,314.4,46.62,21.09,94.8,0.129,0,0.254,20.91,21.43,0.065
"2021-10-30 00:00:00",12131,12.89,100.6176,0.084,3.505,10.93,19.93,97.8,0.007,0,1.524,20.52,20.9,0.065
"2021-10-30 01:00:00",12132,12.87,100.4176,1.089,11.39,18.05,19.56,97.8,0.018,0,0.508,19.93,20.3,0.065
"2021-10-30 02:00:00",12133,12.85,100.3686,2.203,16.34,22.61,19.53,96,0.342,0,0,19.66,19.76,0.065
"2021-10-30 03:00:00",12134,12.82,100.3348,1.654,5.53,27.1,19.62,93.4,1.11,0,0,19.52,19.6,0.065
"2021-10-30 04:00:00",12135,12.81,100.3455,1.192,1.251,20.74,19.48,92.4,0.178,0,0,18.96,19.23,0.065
"2021-10-30 05:00:00",12136,12.79,100.3374,1.218,352.7,25.08,19.18,91.3,0.072,0.021,0,18.67,18.79,0.065
"2021-10-30 06:00:00",12137,12.8,100.3613,1.167,1.473,21.74,19.23,89.8,48.89,2.366,0,18.67,18.92,0.065
"2021-10-30 07:00:00",12138,13.03,100.3947,1.66,4.083,24.14,20.57,83,175.2,8.74,0,19.71,20.63,0.065
"2021-10-30 08:00:00",12139,13.43,100.4345,2.148,355.2,28.43,22.83,70.03,494.8,22.31,0,21.1,22.72,0.065
"2021-10-30 09:00:00",12140,13.6,100.4884,1.511,344.9,36.21,24.81,66,670,32.6,0,24.18,26.24,0.065
"2021-10-30 10:00:00",12141,13.95,100.4625,0.667,295.8,47.62,25.77,62.41,559.8,28.93,0,26.96,27.9,0.065
"2021-10-30 11:00:00",12142,13.89,100.4498,0.426,195.4,45.14,25.84,70.28,322.3,19.05,0,26.1,27.5,0.065
"2021-10-30 12:00:00",12143,13.9,100.4345,1.545,68.04,23.52,24.9,73.57,335.7,19.48,0,25.78,26.68,0.065
"2021-10-30 13:00:00",12144,13.74,100.4426,0.709,155.9,36.84,24.35,75.36,205.3,13.01,0,24.81,25.36,0.065
"2021-10-30 14:00:00",12145,14.18,100.4507,1.258,157.9,40.94,23.48,94.4,346.8,20.75,0,23.05,25.15,0.065
"2021-10-30 15:00:00",12146,14.03,100.4264,1.438,144.8,35.42,21,95.2,240.9,14.49,0.508,21.81,22.32,0.065
"2021-10-30 16:00:00",12147,13.41,100.5104,1.825,158.8,41.86,20.3,97.4,116.1,7.277,0.254,20.53,21.1,0.065
"2021-10-30 17:00:00",12148,13.13,100.5943,1.719,160.2,38.64,19.48,98,67.88,4.123,0.254,19.89,20.17,0.065
"2021-10-30 18:00:00",12149,12.94,100.6946,1.421,170.2,39.58,18.6,97.4,18.46,1.297,0,18.8,19.29,0.065
"2021-10-30 19:00:00",12150,12.9,100.8651,1.296,189,35.93,17.99,89,1.419,0.001,0,17.97,18.44,0.065
"2021-10-30 20:00:00",12151,12.91,100.8762,1.657,193.4,40.41,17.07,95.6,0.294,0,0,16.9,17.38,0.065
"2021-10-30 21:00:00",12152,12.9,100.9467,0.714,190.9,26.19,16.21,96,0,0,0,16.48,16.71,0.065
"2021-10-30 22:00:00",12153,12.89,100.9305,0.68,193.9,25.54,16.2,93.9,0,0,0,16.42,16.54,0.065
"2021-10-30 23:00:00",12154,12.88,100.9305,0.579,193.4,24.76,16.29,93.3,0,0,0,16.48,16.53,0.065
"2021-10-31 00:00:00",12155,12.87,100.898,0.314,212.2,16.29,16.23,94.9,0,0,0,16.5,16.6,0.065
"2021-10-31 01:00:00",12156,12.85,100.8655,0.334,208.9,14.44,16.32,94.3,0,0,0,16.59,16.7,0.065
"2021-10-31 02:00:00",12157,12.83,100.8331,0.085,210.2,8.06,16.05,96.5,0,0,0,16.29,16.56,0.065
"2021-10-31 03:00:00",12158,12.81,100.825,0,0,0,14.95,98.2,0,0,0,15.12,15.68,0.065
"2021-10-31 04:00:00",12159,12.79,100.8331,0.053,226.6,3.492,14.53,97.5,0,0,0,14.83,15.01,0.065
"2021-10-31 05:00:00",12160,12.77,100.8655,0.058,239.7,5.144,14.45,97.9,0.176,0.031,0,14.8,14.9,0.065
"2021-10-31 06:00:00",12161,12.77,100.9467,0.576,215.3,17.66,16.16,86.9,67.73,2.834,0,14.88,16.07,0.065
"2021-10-31 07:00:00",12162,12.88,101.0029,0.906,206.6,22.78,19.51,73.5,283.1,12.03,0,18.07,20.09,0.065
"2021-10-31 08:00:00",12163,13.24,101.0107,1.19,179.4,36.79,22.11,66.86,523.7,24.13,0,21.44,22,0.065
"2021-10-31 09:00:00",12164,13.52,101.0104,1.109,155.5,38.5,23.98,64.66,735,35.69,0,22.82,24.68,0.065
"2021-10-31 10:00:00",12165,13.92,100.965,1.289,143.2,42.91,25.35,62.64,858,42.36,0,25.73,27.27,0.065
"2021-10-31 11:00:00",12166,13.89,100.9158,1.076,139.5,51.54,25.9,58.33,832,43.19,0,26.43,28.13,0.065
"2021-10-31 12:00:00",12167,13.97,100.8547,1.524,115.4,42.89,26.36,57.07,983,51.07,0,28.09,28.96,0.065
"2021-10-31 13:00:00",12168,14.2,100.766,1.839,109.9,43.87,26.23,61.3,1021,52.15,0,29.12,29.64,0.065
"2021-10-31 14:00:00",12169,14.22,100.7068,1.741,105.8,39.69,26.42,59.32,912,45.9,0,29.35,29.85,0.065
"2021-10-31 15:00:00",12170,14.14,100.6591,1.907,93.3,32.86,25.75,64.59,753.3,36.81,0,28.51,29.32,0.064
"2021-10-31 16:00:00",12171,14.14,100.6369,2.253,81.2,28.61,24.95,64.32,542.3,25.11,0,26.97,27.91,0.064
"2021-10-31 17:00:00",12172,13.24,100.6536,2.062,76.97,24.25,24.35,69.7,296.2,12.96,0,23.9,25.82,0.064
"2021-10-31 18:00:00",12173,12.94,100.6861,1.418,78.54,23.7,22.42,82.4,27.89,3.177,0,22.26,23.04,0.064
"2021-10-31 19:00:00",12174,12.91,100.7149,0.217,78.43,9.24,20.61,90.3,0.393,0.075,0,20.39,21.44,0.064
"2021-10-31 20:00:00",12175,12.88,100.7514,0,0,0,19.16,94.5,0,0,0,19.41,19.78,0.064
"2021-10-31 21:00:00",12176,12.82,100.809,0,0,0,18.17,96.9,0,0,0,18.76,19.05,0.063
"2021-10-31 22:00:00",12177,12.89,100.7962,0,0,0,17.98,96.7,0,0,0,18.42,18.65,0.063
"2021-10-31 23:00:00",12178,12.87,100.7908,0,0,0,17.81,97.2,0,0,0,18.06,18.23,0.063
"2021-11-01 00:00:00",12179,12.84,100.7423,0.001,262.5,0.001,17.68,97.4,0,0,0,17.96,18.05,0.063
"2021-11-01 01:00:00",12180,12.85,100.6784,0,0,0,17.57,98.1,0,0,0,17.55,17.75,0.063
"2021-11-01 02:00:00",12181,12.82,100.6058,0,0,0,16.89,99.1,0,0,0,16.89,17.31,0.063
"2021-11-01 03:00:00",12182,12.81,100.5895,0,0,0,15.98,99.8,0,0,0,16.53,16.73,0.063
"2021-11-01 04:00:00",12183,12.78,100.5977,0,0,0,15.65,100,0.003,0,0,16.16,16.44,0.063
"2021-11-01 05:00:00",12184,12.75,100.5895,0,0,0,15.59,100,0.283,0.035,0,16.13,16.2,0.063
"2021-11-01 06:00:00",12185,12.77,100.6464,0,0,0,15.96,100,52.39,2.845,0,16.11,17.42,0.063
"2021-11-01 07:00:00",12186,12.91,100.6543,0.314,358.6,14.36,19.76,87.6,276.6,11.87,0,20.02,22,0.063
"2021-11-01 08:00:00",12187,13.34,100.613,1.612,0.371,29.93,23.07,74.03,522.6,23.75,0,22.9,23.4,0.063
"2021-11-01 09:00:00",12188,13.53,100.5546,1.942,353.8,31.82,25.22,60.6,734,35.18,0,24.52,26.83,0.063
"2021-11-01 10:00:00",12189,13.93,100.4457,2.464,8.57,33.4,26.64,58.15,902,44.37,0,28.28,29.69,0.063
"2021-11-01 11:00:00",12190,13.99,100.3251,2.54,28.21,29.99,27.73,61.07,977,49.44,0,30.76,31.36,0.062
"2021-11-01 12:00:00",12191,14.1,100.2379,2.896,38.99,27.73,28.02,61.44,1042,52.63,0,30.99,31.42,0.062
"2021-11-01 13:00:00",12192,14.22,100.1235,3.442,31.31,29.52,28.44,59.38,1013,50.63,0,31.72,32.33,0.062
"2021-11-01 14:00:00",12193,14.22,100.0246,3.47,30.48,25.98,28.11,61.74,916,44.82,0,31.67,32.19,0.062
"2021-11-01 15:00:00",12194,14.12,99.90481,3.774,26.37,28.11,27.5,64.41,757.4,35.89,0,30.3,31.09,0.061
"2021-11-01 16:00:00",12195,14.18,99.86637,3.888,29.16,29.55,26.56,67.45,541.4,23.93,0,28.6,29.4,0.061
"2021-11-01 17:00:00",12196,13.35,99.86602,2.968,28.56,25.73,25.87,75.38,284.9,11.73,0,25.69,27.56,0.061
"2021-11-01 18:00:00",12197,12.96,99.90701,2.402,41.96,22.73,23.86,84.4,35.82,2.939,0,23.8,24.63,0.06
"2021-11-01 19:00:00",12198,12.91,99.96382,1.692,36.43,26.59,22.73,86.6,0.766,0.07,0,22.88,23.25,0.06
"2021-11-01 20:00:00",12199,12.91,100.0378,1.54,26.52,22.11,22.5,87.9,0,0,0,22.66,22.75,0.06
"2021-11-01 21:00:00",12200,12.89,100.0533,1.802,23.08,25.74,22.66,90.4,0,0,0,22.69,22.73,0.06
"2021-11-01 22:00:00",12201,12.89,100.1099,1.484,17.85,21.37,22.64,90.7,0,0,0,22.52,22.63,0.06
"2021-11-01 23:00:00",12202,12.89,100.0858,0.143,14.11,9.42,21.87,94.6,0,0,0,21.6,22.05,0.06
"2021-11-02 00:00:00",12203,12.87,100.031,0,0,0,21.13,96.8,0,0,0,21.2,21.38,0.06
"2021-11-02 01:00:00",12204,12.85,99.97329,0.015,346.8,3.706,21.32,96.8,0,0,0,21.41,21.79,0.06
"2021-11-02 02:00:00",12205,12.85,99.90222,0.13,9.1,11.03,21.35,98.2,0,0,0,21.46,21.69,0.06
"2021-11-02 03:00:00",12206,12.82,99.84438,0.737,7.47,15.07,21.56,97.7,0,0,0,21.35,21.54,0.06
"2021-11-02 04:00:00",12207,12.8,99.8386,0.519,8.85,12.4,21.2,98.2,0,0,0,20.88,21.16,0.059
"2021-11-02 05:00:00",12208,12.81,99.96132,0.161,326.9,21.86,20.59,99.3,0.329,0.035,0,20.26,20.53,0.059
"2021-11-02 06:00:00",12209,12.8,100.1799,0.438,215.7,41.27,20.79,98.4,66.68,2.573,0,20.57,21.05,0.059
"2021-11-02 07:00:00",12210,12.96,100.2966,0.878,185.1,30.67,22.42,87.6,243.6,9.63,0,21.73,23.18,0.059
"2021-11-02 08:00:00",12211,13.19,100.3939,1.401,175.7,38.76,22.78,97.1,132,6.166,0,21.77,23.69,0.059
"2021-11-02 09:00:00",12212,13.19,100.4102,1.774,174.5,40.31,21.4,83.8,203.1,11.45,0,21.38,22,0.059
"2021-11-02 10:00:00",12213,14.14,100.4183,2.234,163.8,46.5,23.47,72.9,478.8,25.64,0,22.59,24.42,0.059
"2021-11-02 11:00:00",12214,14.23,100.3926,2.515,158.9,51.24,25.27,65.88,728,37.91,0,26.42,27.08,0.059
"2021-11-02 12:00:00",12215,14.12,100.3833,2.744,161.4,48.24,26.66,62.39,1017,50.19,0,28.13,28.93,0.059
"2021-11-02 13:00:00",12216,14.1,100.3263,2.674,154.3,48.25,26.8,63.19,885,44.58,0,28.53,29.36,0.059
"2021-11-02 14:00:00",12217,14.16,100.3177,2.981,154.7,46.57,26.4,61.87,903,42.76,0,28.31,29.13,0.059
"2021-11-02 15:00:00",12218,14.19,100.3817,2.68,147.9,44.86,26.21,62.19,774.1,34.21,0,27.8,29.09,0.058
"2021-11-02 16:00:00",12219,14.24,100.4101,2.973,148.4,41.02,24.61,64.62,490,21,0,25.68,26.59,0.058
"2021-11-02 17:00:00",12220,13.64,100.4913,2.774,150.8,41.75,23.34,68.73,240.8,9.71,0,23.17,24.31,0.058
"2021-11-02 18:00:00",12221,12.97,100.5806,2.689,153.6,41.68,21.9,68.04,43.57,2.79,0,21.72,22.34,0.057
"2021-11-02 19:00:00",12222,12.9,100.6866,2.141,159.5,44.76,21.18,71.4,0.731,0.074,0,21.19,21.39,0.057
"2021-11-02 20:00:00",12223,12.89,100.7689,2.067,169.8,52.53,21,73.46,0,0,0,20.86,21.3,0.057
"2021-11-02 21:00:00",12224,12.92,100.8522,1.971,172.9,49.6,20.53,75.37,0,0,0,20.59,20.8,0.057
"2021-11-02 22:00:00",12225,12.91,100.9216,1.83,172.7,51.07,20.07,80.1,0,0,0,20.01,20.27,0.057
"2021-11-02 23:00:00",12226,12.89,100.9868,1.684,177.2,46.79,19.54,83.4,0,0,0,19.48,19.73,0.057
"2021-11-03 00:00:00",12227,12.88,100.9788,1.085,188.9,40.92,18.93,87,0,0,0,18.95,19.19,0.056
"2021-11-03 01:00:00",12228,12.86,100.9549,0.639,201.7,32.27,18.35,90.5,0,0,0,18.42,18.7,0.056
"2021-11-03 02:00:00",12229,12.85,100.9344,0.666,201.3,30.64,17.89,91,0,0,0,18.21,18.31,0.056
"2021-11-03 03:00:00",12230,12.83,100.9073,0.75,182.5,37.11,17.69,92.9,0,0,0,17.9,18.27,0.056
"2021-11-03 04:00:00",12231,12.81,100.8822,1.153,183.6,42.4,18.02,89.9,0,0,0,17.99,18.48,0.056
"2021-11-03 05:00:00",12232,12.79,100.9381,1.371,189.8,45.44,18.56,89.1,0.144,0.013,0,18.82,18.96,0.056
"2021-11-03 06:00:00",12233,12.78,101.0841,1.093,198.7,37.77,18.79,88.4,16.98,1.007,0,19.03,19.24,0.056
"2021-11-03 07:00:00",12234,12.8,101.1225,0.944,199.6,36.25,19.36,84.8,88.5,4.654,0,19.56,20.01,0.056
"2021-11-03 08:00:00",12235,13.46,101.1168,1.373,187.2,46.37,21.06,75.73,298.5,14.92,0,20.84,22.13,0.056
"2021-11-03 09:00:00",12236,13.94,101.173,1.647,173.6,45.83,22.98,70.25,438.1,21.66,0,23.8,24.57,0.056
"2021-11-03 10:00:00",12237,14.15,101.1486,1.519,155.9,49.64,24.35,63.97,551.7,28.49,0,25.59,26.3,0.056
"2021-11-03 11:00:00",12238,14.19,101.0744,1.531,154.6,45.65,25.18,63.25,610.6,31.99,0,26.93,27.53,0.056
"2021-11-03 12:00:00",12239,14.18,101.0396,1.433,137.9,46.39,25.97,62.34,711.2,36.14,0,27.83,28.8,0.055
"2021-11-03 13:00:00",12240,14.1,100.9915,1.537,130.5,48.25,26.05,56.8,847,41.78,0,28.1,29.28,0.055
"2021-11-03 14:00:00",12241,14.08,100.9494,1.718,102.9,39.6,26.26,59.49,873,43.33,0,29.71,30.39,0.055
"2021-11-03 15:00:00",12242,14.07,100.9203,1.685,104.1,43.5,25.36,60.06,647.9,32.67,0,27.58,29.01,0.054
"2021-11-03 16:00:00",12243,14.09,100.872,1.542,108.4,41.59,25.32,62.33,524.8,23.65,0,27.05,28.37,0.054
"2021-11-03 17:00:00",12244,13.5,100.9052,1.572,99.5,37.7,24.03,71.41,271.5,11.56,0,23.74,25.71,0.054
"2021-11-03 18:00:00",12245,12.97,100.9782,1.098,91.5,29.33,22.2,78.21,41.19,3.104,0,22.27,23.02,0.054
"2021-11-03 19:00:00",12246,12.93,101.0332,0.07,112.3,12.64,20.34,86.2,0.568,0.086,0,20.32,21.21,0.053
"2021-11-03 20:00:00",12247,12.91,101.1167,0.004,167,2.445,19.32,87.9,0,0,0,19.35,19.75,0.053
"2021-11-03 21:00:00",12248,12.9,101.1913,0,0,0,18.75,92.6,0,0,0,18.28,18.85,0.053
"2021-11-03 22:00:00",12249,12.89,101.1971,0,0,0,18.12,93.4,0,0,0,17.8,18.03,0.053
"2021-11-03 23:00:00",12250,12.88,101.1981,0,0,0,17.85,94.5,0,0,0,17.46,17.62,0.053
"2021-11-04 00:00:00",12251,12.87,101.1659,0,0,0,16.82,96.9,0,0,0,17.39,17.61,0.053
"2021-11-04 01:00:00",12252,12.86,101.1252,0.025,212,5.236,17.33,94.5,0,0,0,17.83,18.01,0.053
"2021-11-04 02:00:00",12253,12.84,101.0671,0.029,211.6,5.497,17.58,94.2,0,0,0,17.63,17.9,0.053
"2021-11-04 03:00:00",12254,12.83,101.0601,0.001,236.3,0,17.23,96.3,0,0,0,17.15,17.45,0.053
"2021-11-04 04:00:00",12255,12.81,101.0604,0.012,195.7,4.781,16.88,97.2,0,0,0,16.91,17.06,0.052
"2021-11-04 05:00:00",12256,12.79,101.1172,0.003,201.4,0.586,16.62,97.6,0.357,0.042,0,16.56,16.77,0.052
"2021-11-04 06:00:00",12257,12.77,101.197,0.008,196.1,4.029,17.42,92.6,60.08,2.635,0,16.85,17.94,0.052
"2021-11-04 07:00:00",12258,12.92,101.2382,0.228,179,18.98,21.25,76.18,262.2,11.07,0,20.12,22.19,0.052
"2021-11-04 08:00:00",12259,13.46,101.2379,0.688,77.52,51.49,24.01,68.52,484.8,21.75,0,24.06,24.84,0.052
"2021-11-04 09:00:00",12260,13.67,101.2107,1.289,61.21,46.23,24.93,64.21,668.3,29.92,0,25.49,27.37,0.052
"2021-11-04 10:00:00",12261,13.98,101.17,1.853,59.13,32.48,26.21,64.86,848,39.78,0,29.29,30.19,0.052
"2021-11-04 11:00:00",12262,13.9,101.1133,2.28,41.05,32.16,26.4,61.91,1005,48.88,0,30.59,31.2,0.051
"2021-11-04 12:00:00",12263,14.22,101.0814,2.825,55.21,27.92,26.85,64.39,1050,52.52,0,30.61,31.17,0.051
"2021-11-04 13:00:00",12264,14.24,100.985,3.255,52.67,27.12,27.03,62.03,1022,50.73,0,30.64,31.62,0.051
"2021-11-04 14:00:00",12265,14.19,100.9195,3.29,38.64,28.21,26.98,58.93,843,41.85,0,30.53,31.54,0.05
"2021-11-04 15:00:00",12266,14.21,100.8557,3.269,49.87,27.65,26.27,64.41,578.5,29.13,0,28.86,29.79,0.05
"2021-11-04 16:00:00",12267,13.99,100.8402,3.158,44.77,28.12,25.64,66.19,464.7,21.39,0,27.64,28.66,0.049
"2021-11-04 17:00:00",12268,13.44,100.897,2.99,33.38,26.11,24.77,74.95,275.9,11.46,0,24.7,26.69,0.049
"2021-11-04 18:00:00",12269,12.97,100.8727,2.693,32.4,26.09,23.16,81.4,51.9,3.026,0,23.33,24.01,0.049
"2021-11-04 19:00:00",12270,12.84,100.9626,1.315,37.72,22.75,22.13,85.8,0.764,0.089,0,22.29,22.71,0.049
"2021-11-04 20:00:00",12271,12.92,101.1826,0.361,8.64,23.56,21.78,86.5,0,0,0,22.27,22.37,0.048
"2021-11-04 21:00:00",12272,12.91,100.9797,1.444,22.99,20.65,21.88,85.5,0,0,0,22.25,22.41,0.048
"2021-11-04 22:00:00",12273,12.88,100.9144,1.749,50.65,30.59,22.33,84.4,0,0,0,22.36,22.46,0.048
"2021-11-04 23:00:00",12274,12.89,101.0366,1.196,44.47,26.09,22.06,87,0,0,0,21.59,22.1,0.048
"2021-11-05 00:00:00",12275,12.87,101.0763,0.803,346.6,22,21.77,87.4,0.005,0,0,21.53,21.86,0.048
"2021-11-05 01:00:00",12276,12.87,100.9656,0.306,358.2,18.83,21.12,93.8,0,0,0,20.49,21.7,0.048
"2021-11-05 02:00:00",12277,12.85,100.8484,0,0,0,19.71,96.7,0,0,0,19.66,20.01,0.048
"2021-11-05 03:00:00",12278,12.83,100.8082,0,0,0,19.56,97,0,0,0,19.48,19.67,0.048
"2021-11-05 04:00:00",12279,12.81,100.895,0.025,326.4,2.395,20.14,95.9,0,0,0,19.95,20.26,0.047
"2021-11-05 05:00:00",12280,12.8,100.9265,0.048,348.6,9.25,20.63,96,0.303,0.025,0,20.75,21.05,0.047
"2021-11-05 06:00:00",12281,12.79,100.9399,0.478,17.01,15.31,21.03,94,18.35,1.143,0,21.27,21.56,0.047
"2021-11-05 07:00:00",12282,12.79,100.9863,1.51,11.69,25.14,22.14,91.7,70.82,4.006,0,21.92,22.49,0.047
"2021-11-05 08:00:00",12283,13.28,101.0107,2.426,17.22,26.09,23.9,83.6,235,12.69,0,23.42,24.79,0.047
"2021-11-05 09:00:00",12284,13.66,101.0188,2.515,11.37,26.69,25.27,79.58,319.4,17.92,0,25.56,26.68,0.047
"2021-11-05 10:00:00",12285,13.75,100.962,2.578,18.29,26.47,25,78.31,218,12.85,0,25.94,26.23,0.047
"2021-11-05 11:00:00",12286,13.93,100.8808,2.338,15.3,32.12,25.76,77.85,339.8,19.47,0,26.21,27.51,0.047
"2021-11-05 12:00:00",12287,14.11,100.7753,2.529,24.7,28.54,26.32,74.53,419.2,23.73,0,27.08,28.31,0.047
"2021-11-05 13:00:00",12288,14.11,100.6279,2.905,29.33,28.38,27.18,75.16,492,26.61,0,28.57,29.69,0.046
"2021-11-05 14:00:00",12289,14.15,100.4633,3.4,19.09,30.96,27.46,74.91,597.8,30.57,0,28.86,29.97,0.046
"2021-11-05 15:00:00",12290,13.59,100.4912,2.93,30.42,29.61,26.79,82.7,253.7,14.38,0,26.37,28.72,0.046
"2021-11-05 16:00:00",12291,13,100.6455,1.106,57.44,44.29,24.46,87.6,30.32,1.985,0,24.8,25.51,0.046
"2021-11-05 17:00:00",12292,12.92,100.5968,1.6,70.66,31.14,23.66,90.7,4.253,0.377,0,23.8,24.3,0.045
"2021-11-05 18:00:00",12293,12.93,100.6211,0.797,31.09,29.21,22.95,96,0.036,0.026,0,23.16,23.46,0.045
"2021-11-05 19:00:00",12294,12.92,100.6864,0.789,17.14,24.23,22.64,97.9,0.008,0,1.27,22.96,23.18,0.045
"2021-11-05 20:00:00",12295,12.92,100.459,3.843,13.96,29.21,22.71,95.8,0.837,0,0.762,22.64,22.73,0.045
"2021-11-05 21:00:00",12296,12.87,100.7591,2.222,347.2,37.1,23.1,96,0.737,0,0,22.69,22.83,0.045
"2021-11-05 22:00:00",12297,12.89,100.7104,1.188,320.3,25.76,22.95,97.5,0.01,0,0.254,22.76,22.84,0.045
"2021-11-05 23:00:00",12298,12.88,100.6378,1.566,343.4,31.15,22.58,93.1,0.393,0,0.254,22.02,22.35,0.045
"2021-11-06 00:00:00",12299,12.81,100.5903,2.114,335.4,28.36,22.36,95.7,0.257,0,0,21.86,21.95,0.045
"2021-11-06 01:00:00",12300,12.82,100.5565,1.384,326,22.69,22.28,97.1,0,0,0,21.92,21.99,0.045
"2021-11-06 02:00:00",12301,12.81,100.5564,0.982,319.3,20.86,21.89,97.7,0,0,0,21.49,21.67,0.045
"2021-11-06 03:00:00",12302,12.8,100.5248,0.211,309.3,12.61,21.32,98.5,0,0,0,20.95,21.25,0.045
"2021-11-06 04:00:00",12303,12.79,100.4766,0.63,304.6,17.69,21.1,97.9,0,0,0,20.88,20.97,0.045
"2021-11-06 05:00:00",12304,12.78,100.4725,0.127,326.2,6.829,20.76,98.1,0.304,0.057,0,19.92,20.47,0.045
"2021-11-06 06:00:00",12305,12.78,100.5254,0.107,343.7,0.316,21.31,92.4,67.91,2.999,0,19.96,21.02,0.045
"2021-11-06 07:00:00",12306,12.89,100.5643,0.352,254,53.09,23.75,83.7,278.8,11.72,0,22.48,24.41,0.045
"2021-11-06 08:00:00",12307,13.27,100.6119,1.171,173,30.21,25.88,76.59,515.1,23.06,0,25.88,26.21,0.045
"2021-11-06 09:00:00",12308,13.5,100.6401,1.272,140.4,37.22,27.91,74.46,720.5,32.88,0,26.96,28.69,0.045
"2021-11-06 10:00:00",12309,13.7,100.6139,1.704,135.8,39.76,27.61,72.81,811,38.61,0,28.94,29.79,0.045
"2021-11-06 11:00:00",12310,13.95,100.5827,1.751,120.4,43.23,27.81,72.47,847,42.05,0,29.38,30.71,0.044
"2021-11-06 12:00:00",12311,14.01,100.5919,1.84,116.8,42.9,27.66,77.63,781.5,39.74,0,29.8,30.73,0.044
"2021-11-06 13:00:00",12312,14.08,100.5303,1.73,114,43.64,27.72,76.49,686.3,35.1,0,29.37,30.74,0.044
"2021-11-06 14:00:00",12313,14.13,100.449,1.664,99,39.52,27.57,73.95,610,31.58,0,29.5,30.63,0.044
"2021-11-06 15:00:00",12314,14.12,100.3428,1.683,94.6,36.81,27.59,75.71,545.1,27.93,0,29.71,30.74,0.044
"2021-11-06 16:00:00",12315,13.92,100.3756,1.576,92.7,39.1,27.29,79.32,418.8,19.28,0,28.8,30.2,0.044
"2021-11-06 17:00:00",12316,13.06,100.4994,1.133,122.6,43.3,25.38,88.9,83.4,5.341,0,25.56,27,0.043
"2021-11-06 18:00:00",12317,12.95,100.3939,1.498,105.1,43.48,24.43,90.7,18.9,1.271,0,24.86,25.26,0.043
"2021-11-06 19:00:00",12318,12.92,100.6617,0.731,165.9,47.67,23.99,94.5,0.207,0.007,0,23.99,24.59,0.043
"2021-11-06 20:00:00",12319,12.91,100.7429,0.863,240.4,80.3,23.31,98.4,0.015,0.001,2.286,23.63,23.82,0.043
"2021-11-06 21:00:00",12320,12.9,100.6462,1.449,32.77,46.9,22.92,96,0.273,0,2.286,23.06,23.45,0.043
"2021-11-06 22:00:00",12321,12.82,100.6784,2.178,53.18,90.1,23.2,94.2,2.488,0,0.508,22.44,22.68,0.043
"2021-11-06 23:00:00",12322,12.89,100.7997,0.493,266.8,25.56,22.57,97.4,0.783,0,0,22.52,22.67,0.044
"2021-11-07 00:00:00",12323,12.87,100.6223,0.286,221.6,29.35,22.36,98.8,0.071,0,0,22.24,22.67,0.045
"2021-11-07 01:00:00",12324,12.86,100.5606,0.314,197.3,16.87,21.79,99.4,0,0,0,22.03,22.11,0.046
"2021-11-07 02:00:00",12325,12.85,100.6799,0.499,201.3,31.34,21.64,99.3,0,0,0,21.72,21.99,0.047
"2021-11-07 03:00:00",12326,12.84,100.6975,0.008,252.3,1.994,21.04,99.7,0,0,0,21.34,21.56,0.049
"2021-11-07 04:00:00",12327,12.82,100.6585,0,0,0,20.67,100,0,0,0,21.06,21.24,0.05
"2021-11-07 05:00:00",12328,12.79,100.6041,0,0,0,20.3,100,0.256,0.038,0,20.88,20.97,0.05
"2021-11-07 06:00:00",12329,12.79,100.5937,0,0,0,20.45,100,51.66,2.613,0,20.82,21.22,0.051
"2021-11-07 07:00:00",12330,12.91,100.6211,0.096,209.4,0.14,22.63,90.5,224.7,10.56,0,22.68,23.93,0.051
"2021-11-07 08:00:00",12331,13.47,100.5725,0.393,209.1,0.096,25.05,83.5,394.4,19.8,0,24.77,25.62,0.052
"2021-11-07 09:00:00",12332,13.69,100.4933,0.606,149.5,43.48,27.07,70.42,693.7,31.97,0,26.24,28.06,0.053
"2021-11-07 10:00:00",12333,13.95,100.462,0.886,109.2,33.11,27.96,74.37,736.4,36.93,0,29.28,30.44,0.053
"2021-11-07 11:00:00",12334,14.05,100.4134,0.892,100.5,45.91,28.83,70.43,753.3,39.4,0,30.67,31.89,0.053
"2021-11-07 12:00:00",12335,14.06,100.3489,1.792,76.12,25.93,29.25,74.48,1000,50.76,0,31.52,32.73,0.053
"2021-11-07 13:00:00",12336,14.11,100.3194,2.558,76.86,30.25,28.4,75.7,967,48.82,0,30.61,32.32,0.053
"2021-11-07 14:00:00",12337,14.11,100.2557,3.366,71.48,23.34,27.46,77.48,745.7,37.61,0,29.16,30.93,0.053
"2021-11-07 15:00:00",12338,14.15,100.191,3.257,61.31,23.18,26.4,84.8,353.6,20.15,0,27.75,28.8,0.052
"2021-11-07 16:00:00",12339,13.44,100.1342,2.745,63.41,22.89,25.57,87.1,142.6,8.14,0,26.6,27.18,0.052
"2021-11-07 17:00:00",12340,12.97,100.1505,2.257,63.78,22.22,25.2,89.8,53.67,3.158,0,25.75,26.36,0.052
"2021-11-07 18:00:00",12341,12.89,100.3858,1.066,80.2,31.56,24.77,92.8,5.314,0.415,0,25.44,25.6,0.052
"2021-11-07 19:00:00",12342,12.93,100.4832,0.334,149.8,15.59,24.56,94.1,0,0.003,0,25.12,25.24,0.052
"2021-11-07 20:00:00",12343,12.91,100.5643,0.135,155.9,9.82,24.5,95.1,0,0,0,24.97,25.12,0.051
"2021-11-07 21:00:00",12344,12.92,100.5968,0.323,215.7,47.15,24.32,97,0.001,0,0,24.6,24.87,0.051
"2021-11-07 22:00:00",12345,12.9,100.3939,0.421,70.19,43.83,23.87,99.1,0,0,0.254,24.24,24.49,0.051
"2021-11-07 23:00:00",12346,12.89,100.6374,0.338,235.2,49.5,23.47,98.8,0,0,0,23.81,24.05,0.051
"2021-11-08 00:00:00",12347,12.88,100.6212,0.226,211,21.65,23.23,98.7,0.022,0,0,23.58,23.7,0.051
"2021-11-08 01:00:00",12348,12.86,100.5968,0.115,204.1,7.547,23.12,98.8,0.197,0,0,23.51,23.59,0.051
"2021-11-08 02:00:00",12349,12.85,100.7105,0.184,258.7,15.27,23.1,99.1,0,0,5.08,23.17,23.63,0.051
"2021-11-08 03:00:00",12350,12.83,100.5811,0.042,312.5,2.537,22.16,99.5,0,0,2.286,22.69,22.91,0.052
"2021-11-08 04:00:00",12351,12.81,100.3454,0.691,84.4,64.27,21.95,99.6,0,0,0.508,22.1,22.4,0.076
"2021-11-08 05:00:00",12352,12.8,100.4288,0.062,356.8,4.833,21.71,99.3,0.223,0.031,0,22.07,22.25,0.083
"2021-11-08 06:00:00",12353,12.79,100.4365,0.866,330.8,20.14,22.17,98.3,11.55,0.736,0,22.17,22.42,0.084
"2021-11-08 07:00:00",12354,12.79,100.4183,0.623,50.85,22.85,22.49,97.2,60.5,3.883,0,22.49,22.74,0.085
"2021-11-08 08:00:00",12355,13.06,100.3209,1.658,14.15,20.14,24.58,87.3,448.4,20.28,0,23.18,24.7,0.086
"2021-11-08 09:00:00",12356,13.51,100.2966,1.663,27.56,25.42,25.61,83.4,327.4,17.33,0,25.31,25.96,0.086
"2021-11-08 10:00:00",12357,13.9,100.3777,2.014,16.66,33.89,26.9,81.1,469.7,24.59,0,26.96,28.25,0.086
"2021-11-08 11:00:00",12358,13.93,100.2884,1.569,348.7,31.9,26.95,83.9,302.9,17.85,0,27.78,28.22,0.085
"2021-11-08 12:00:00",12359,13.91,100.1505,1.729,351,30.5,26.66,81.3,457.5,24.41,0,26.86,28.09,0.085
