"TOA5","Science Centre AWS","CR1000","88296","CR1000.Std.31.08","CPU:Vasi_Science Centre AWS.CR1","64103","Hourly"
"TIMESTAMP","RECORD","BattV_Min","BP_kPa","WS_ms_S_WVT","WindDir_D1_WVT","WindDir_SD1_WVT","AirTC_Avg","RH","SlrW_Avg","CUV5_W_Avg","Rain_mm_Tot","T107_C_Min","T107_C_Avg","VW_Avg"
"TS","RN","Volts","kPa","meters/second","Deg","Deg","Deg C","%","W/m^2","W/m^2","mm","Deg C","Deg C",""
"","","Min","Smp","WVc","WVc","WVc","Avg","Smp","Avg","Avg","Tot","Min","Avg","Avg"
"2021-09-13 16:00:00",11019,14.32,50,2.88,54.97,28.64,25.21,75.15,352.3,12.34,0,27.22,28.07,0.058
"2021-09-13 17:00:00",11020,13.49,100.8646,2.348,63.13,22.46,23.51,82.3,177.1,5.968,0,23.48,25.24,0.058
"2021-09-13 18:00:00",11021,12.96,100.9214,0.649,108.2,31.75,21.77,92.7,15.8,1.062,0,21.5,22.42,0.058
"2021-09-13 19:00:00",11022,12.93,101.0051,0.253,154.7,17.32,20.23,96.7,0,0,0,20.09,20.75,0.058
"2021-09-13 20:00:00",11023,12.92,101.0678,0.098,152.8,8.63,19.17,98.9,0,0,0,19.26,19.61,0.057
"2021-09-13 21:00:00",11024,12.91,101.1003,0.002,156.6,0.008,18.78,99.7,0,0,0,18.1,18.52,0.057
"2021-09-13 22:00:00",11025,12.9,101.1241,0.011,204.6,1.278,19.03,99.5,0,0,0,18.16,19.17,0.057
"2021-09-13 23:00:00",11026,12.89,101.1329,0,0,0,18.71,99.1,0,0,0,17.94,18.64,0.057
"2021-09-14 00:00:00",11027,12.88,101.1277,0,0,0,17.49,100,0,0,0,16.63,17.44,0.057
"2021-09-14 01:00:00",11028,12.84,101.109,0,0,0,16.77,100,0,0,0,16.25,16.41,0.057
"2021-09-14 02:00:00",11029,12.8,101.0441,0,0,0,16.48,100,0,0,0,16.05,16.12,0.056
"2021-09-14 03:00:00",11030,12.82,100.9711,0,0,0,15.91,100,0,0,0,15.91,16.01,0.057
"2021-09-14 04:00:00",11031,12.76,100.963,0,0,0,15.57,100,0,0,0,15.84,16,0.056
"2021-09-14 05:00:00",11032,12.72,100.963,0,0,0,15.83,100,0,0,0,15.58,15.74,0.056
"2021-09-14 06:00:00",11033,12.76,100.9954,0,0,0,14.74,100,1.041,0.087,0,15.88,15.94,0.056
"2021-09-14 07:00:00",11034,12.76,101.0275,0,0,0,15.42,100,52.48,2.447,0,15.99,16.83,0.056
"2021-09-14 08:00:00",11035,13.05,101.0034,0.154,46.67,9.67,19.3,97.7,277.2,9.83,0,17.79,20.78,0.056
"2021-09-14 09:00:00",11036,14.06,100.9863,1.558,10.63,30.75,22.64,81.6,451.1,17.75,0,23.27,24.87,0.056
"2021-09-14 10:00:00",11037,14.01,100.8889,1.989,3.009,31.95,24.89,68.84,610.7,25.48,0,25.63,27.57,0.056
"2021-09-14 11:00:00",11038,14.19,100.7686,2.345,358.5,32.65,27.35,56.98,800,34.26,0,29.35,30.78,0.056
"2021-09-14 12:00:00",11039,14.18,100.5909,2.773,353.5,32.82,29.82,58.03,856,36.88,0,31.73,33.36,0.056
"2021-09-14 13:00:00",11040,14.19,100.4783,3.043,29.34,32.93,29.4,61.03,841,36.26,0,32.42,33.08,0.056
"2021-09-14 14:00:00",11041,14.25,100.3646,3.355,29.55,30.32,29.31,56.95,751.9,31.71,0,32.35,32.71,0.056
"2021-09-14 15:00:00",11042,14.26,100.2818,3.509,30.46,25.96,29.24,58.88,605.8,24.42,0,30.74,32.14,0.055
"2021-09-14 16:00:00",11043,14.27,100.2846,3.432,24,29.56,27.83,63.91,403.3,14.9,0,28.92,30.02,0.055
"2021-09-14 17:00:00",11044,13.41,100.2965,2.786,25.22,28.03,25.99,75.29,181.5,6.493,0,25.16,27.16,0.055
"2021-09-14 18:00:00",11045,12.96,100.3128,1.9,25.66,22.87,23.31,85.7,13.38,1.057,0,22.58,23.69,0.055
"2021-09-14 19:00:00",11046,12.93,100.3615,1.993,14.42,23.67,22.24,87.1,0,0,0,21.83,22.14,0.055
"2021-09-14 20:00:00",11047,12.92,100.4032,2.112,4.138,24.29,21.85,87.9,0,0,0,21.34,21.56,0.054
"2021-09-14 21:00:00",11048,12.85,100.4672,2.492,3.142,26.33,22.05,88,0,0,0,21.31,21.57,0.054
"2021-09-14 22:00:00",11049,12.9,100.4432,2.114,347.1,26.59,21.67,91.8,0,0,0,20.84,21.23,0.054
"2021-09-14 23:00:00",11050,12.86,100.4292,0.99,347.1,21.14,20.88,92.3,0,0,0,19.56,20.32,0.054
"2021-09-15 00:00:00",11051,12.87,100.417,0.719,320.1,17.25,19.71,95,0,0,0,18.91,19.3,0.054
"2021-09-15 01:00:00",11052,12.83,100.3784,0.183,303.1,9.33,18.65,95.8,0,0,0,17.25,17.9,0.054
"2021-09-15 02:00:00",11053,12.8,100.3188,0.509,332.9,12.04,17.97,97.2,0,0,0,17.05,17.46,0.054
"2021-09-15 03:00:00",11054,12.77,100.2421,0.656,339.4,11.61,17.93,98.8,0,0,0,17.07,17.5,0.054
"2021-09-15 04:00:00",11055,12.78,100.2266,0.873,344.5,17.93,18.38,92.2,0,0,0,17.15,17.59,0.054
"2021-09-15 05:00:00",11056,12.76,100.2404,1.074,336.2,14.13,19.36,87.7,0,0,0,17.29,17.84,0.054
"2021-09-15 06:00:00",11057,12.74,100.4611,0.851,323.5,55.63,19.21,83.6,1.28,0.119,0,17.01,17.35,0.053
"2021-09-15 07:00:00",11058,12.75,100.644,1.291,180.2,42.51,19.77,90.5,81,2.892,0,18.12,19.01,0.054
"2021-09-15 08:00:00",11059,13.36,100.7348,1.504,157.5,38.94,21.47,85.6,251.9,9.06,0,20.03,21.82,0.054
"2021-09-15 09:00:00",11060,13.93,100.7916,2.011,153.6,37.9,23.44,80.5,399,15.23,0,23.22,24.52,0.053
"2021-09-15 10:00:00",11061,13.96,100.7997,1.943,157.4,40.97,23.9,77.46,333.2,15.62,0,24.46,25.07,0.053
"2021-09-15 11:00:00",11062,14.05,100.7832,2.337,148.5,40.2,25.09,68.57,587.3,25.52,0,25.05,26.64,0.054
"2021-09-15 12:00:00",11063,14.13,100.7153,3.138,145.6,37.2,26.11,65.86,814,35.04,0,27.12,28.36,0.053
"2021-09-15 13:00:00",11064,14.08,100.6424,3.033,144.5,33.09,26.08,63.4,758.4,34.32,0,27.11,28.25,0.053
"2021-09-15 14:00:00",11065,14.15,100.6281,3.185,146.2,35.52,25.67,70.24,736.6,31.75,0,27.3,27.94,0.053
"2021-09-15 15:00:00",11066,14.15,100.6616,3.151,147.3,31.2,24.29,76.73,451.4,21.2,0,24.57,26.03,0.053
"2021-09-15 16:00:00",11067,14.17,100.7104,2.866,145.7,33.38,23.63,75.17,324.8,13.62,0,24.22,24.81,0.053
"2021-09-15 17:00:00",11068,13.41,100.7672,2.515,149.7,37.36,22.48,79.98,124,5.497,0,22.45,23.23,0.053
"2021-09-15 18:00:00",11069,12.95,100.8402,2.036,153.1,38.26,21.3,84.5,13.97,0.897,0,20.94,21.58,0.052
"2021-09-15 19:00:00",11070,12.9,100.9301,1.834,155.2,40.06,20.78,84.2,0,0,0,20.84,21,0.052
"2021-09-15 20:00:00",11071,12.89,101.0351,1.49,161.7,47.96,20.85,81.2,0,0,0,20.96,21.06,0.052
"2021-09-15 21:00:00",11072,12.89,101.1088,1.609,169.4,44.49,20.36,83.1,0,0,0,20.07,20.56,0.052
"2021-09-15 22:00:00",11073,12.87,101.1461,1.272,176.6,43.09,19.59,84.9,0,0,0,19.44,19.78,0.052
"2021-09-15 23:00:00",11074,12.84,101.1447,1.229,175.9,45.49,19.56,86.5,0,0,0,19.37,19.85,0.052
"2021-09-16 00:00:00",11075,12.84,101.1073,0.944,190.8,40.38,18.88,89.1,0,0,0,18.82,19.18,0.051
"2021-09-16 01:00:00",11076,12.83,101.1327,0.826,199.9,35.2,18.28,91.4,0,0,0,18.42,18.57,0.051
"2021-09-16 02:00:00",11077,12.85,101.1086,1.003,191.9,38.04,18.41,91.8,0,0,0,18.66,18.8,0.051
"2021-09-16 03:00:00",11078,12.82,101.0982,1.064,183.6,40.38,18.44,92,0,0,0,18.8,18.86,0.051
"2021-09-16 04:00:00",11079,12.79,101.0758,1.23,191.7,42.72,18.28,91.6,0,0,0,18.58,18.71,0.051
"2021-09-16 05:00:00",11080,12.78,101.0991,1.122,199.2,32.75,17.72,97,0,0,0,18.13,18.31,0.051
"2021-09-16 06:00:00",11081,12.74,101.1897,0.985,202,30.81,17.51,97,0.096,0.011,0,18.03,18.12,0.051
"2021-09-16 07:00:00",11082,12.72,101.238,0.833,195.1,32.73,17.67,98.3,9.94,0.617,0,18.13,18.28,0.051
"2021-09-16 08:00:00",11083,12.77,101.2617,0.697,190.4,31.47,18.31,93.9,99.8,5.055,0,18.33,18.98,0.051
"2021-09-16 09:00:00",11084,13.38,101.2709,0.957,187,36.8,19.52,89.7,122.3,6.588,0,19.75,20.2,0.051
"2021-09-16 10:00:00",11085,13.44,101.238,1.163,179,44.01,20.46,84.6,170.6,9.32,0,20.76,21.35,0.051
"2021-09-16 11:00:00",11086,13.66,101.1648,1.185,169,38.28,21.32,81,227.9,12.74,0,21.95,22.43,0.051
"2021-09-16 12:00:00",11087,13.84,101.0594,1.163,147.1,38.68,22.24,79.42,294.9,15.67,0,22.9,23.81,0.051
"2021-09-16 13:00:00",11088,13.94,100.9539,1.155,135.3,38.77,22.54,73.66,264.2,14.1,0,23.2,23.94,0.051
"2021-09-16 14:00:00",11089,13.99,100.8565,1.175,137.8,34.82,22.5,79.6,215.4,11.6,0,23.31,23.82,0.05
"2021-09-16 15:00:00",11090,13.28,100.824,1.1,112.1,35.62,21.36,90.5,85.4,5.031,0,21.12,22.46,0.051
"2021-09-16 16:00:00",11091,13.03,100.8,0.398,152.7,21.45,20.07,89.2,42.87,2.628,0,20.74,20.85,0.05
"2021-09-16 17:00:00",11092,12.97,100.8328,0.46,123.6,25.85,20.39,86.5,14.09,0.922,0,20.77,20.83,0.05
"2021-09-16 18:00:00",11093,12.95,100.8648,0.365,155,13.75,20.32,88.4,0.588,0.06,0,20.42,20.63,0.05
"2021-09-16 19:00:00",11094,12.94,100.8754,0.634,82.8,39.24,19.55,96.8,0,0,3.556,19.42,19.98,0.05
"2021-09-16 20:00:00",11095,12.92,100.9759,0.404,26.42,57.74,18.76,99.3,0,0,4.318,19.33,19.42,0.05
"2021-09-16 21:00:00",11096,12.89,101.0069,0.443,209.1,25.46,18.6,99.7,0,0,0.762,19.16,19.24,0.064
"2021-09-16 22:00:00",11097,12.88,101.0724,0.414,200.2,22.1,18.44,99.9,0,0,0.508,18.86,19.06,0.077
"2021-09-16 23:00:00",11098,12.87,101.1081,0.739,197.7,30.38,18.33,100,0,0,0,18.77,18.86,0.081
"2021-09-17 00:00:00",11099,12.85,101.1476,1.127,195.3,32.38,18.19,100,0.003,0,0,18.39,18.66,0.081
"2021-09-17 01:00:00",11100,12.83,101.1572,1.942,191,45.93,17.23,99,0.006,0,1.27,17.02,17.71,0.082
"2021-09-17 02:00:00",11101,12.8,101.184,2.335,191.1,48.68,16.22,99.5,0.108,0,0,16.56,16.66,0.085
"2021-09-17 03:00:00",11102,12.77,101.2107,2.14,170.5,48.8,16.45,98.4,0.03,0,0.508,16.63,16.83,0.085
"2021-09-17 04:00:00",11103,12.72,101.2442,1.735,169.5,43.28,16.29,98.9,0.024,0,0.254,16.5,16.62,0.086
"2021-09-17 05:00:00",11104,12.74,101.3029,0.981,188.6,35.72,16.15,97.5,0.02,0,0,16.13,16.37,0.087
"2021-09-17 06:00:00",11105,12.74,101.3764,1.514,187.1,44.6,15.94,98.3,1.52,0.118,0.254,16.11,16.25,0.086
"2021-09-17 07:00:00",11106,12.71,101.4499,1.728,187.6,45.57,15.72,98.1,37.71,1.986,0,16.03,16.11,0.085
"2021-09-17 08:00:00",11107,12.82,101.5703,1.54,195.5,42.58,15.72,95.3,112.8,6.009,0,16.09,16.28,0.085
"2021-09-17 09:00:00",11108,13.48,101.6334,1.655,178.7,46.48,17.42,86.5,274.2,15.59,0,16.68,17.86,0.085
"2021-09-17 10:00:00",11109,14.05,101.5787,2.073,178.7,47.94,19.94,72.04,637.1,31.2,0,18.76,21.06,0.084
"2021-09-17 11:00:00",11110,14.13,101.5544,2.239,167.6,43.72,21.63,68,775.9,38.86,0,22.82,23.36,0.084
"2021-09-17 12:00:00",11111,14.13,101.53,2.585,168.5,45.51,21.14,73.59,516.2,28.07,0,21.55,22.65,0.083
"2021-09-17 13:00:00",11112,14.16,101.5138,2.38,161.2,45.03,21.64,69.63,634.7,33.43,0,21.46,23.44,0.082
"2021-09-17 14:00:00",11113,14.16,101.5463,2.191,162.7,45.22,20.79,73.2,442.5,24.98,0,21.77,22.53,0.081
"2021-09-17 15:00:00",11114,13.89,101.6031,2.193,158.7,40.88,19.33,81.4,180,11.17,0,19.82,20.46,0.081
"2021-09-17 16:00:00",11115,14.07,101.6355,1.921,161.9,41.75,19.55,78.75,170.3,9.66,0,20.05,20.45,0.08
"2021-09-17 17:00:00",11116,13.48,101.6951,1.937,170.1,48.7,18.36,82.9,99.1,5.505,0,18.54,19.13,0.079
"2021-09-17 18:00:00",11117,12.97,101.7495,1.288,175.2,41.92,17.71,84,16.73,1.031,0,17.62,18.15,0.079
"2021-09-17 19:00:00",11118,12.93,101.7919,1.106,167,42.67,17.27,82.4,0,0,0,17.4,17.47,0.078
"2021-09-17 20:00:00",11119,12.93,101.8757,1.415,185.5,44.86,16.97,83.4,0,0,0,16.73,17.09,0.077
"2021-09-17 21:00:00",11120,12.92,101.9684,1.393,182.4,44.78,16.47,86.7,0,0,0,16.29,16.5,0.077
"2021-09-17 22:00:00",11121,12.91,102.0101,1.301,183.4,42.71,16.07,84.2,0,0,0,15.95,16.19,0.077
"2021-09-17 23:00:00",11122,12.9,102.0181,1.179,170.4,45.64,15.64,93.4,0,0,0,15.75,15.89,0.076
"2021-09-18 00:00:00",11123,12.87,102.0507,0.906,201.1,34.24,14.95,93.4,0,0,0,14.95,15.29,0.076
"2021-09-18 01:00:00",11124,12.87,102.0183,0.706,203.7,31.46,14.25,94.4,0,0,0,14.19,14.54,0.076
"2021-09-18 02:00:00",11125,12.86,102.0183,0.854,213.9,25.59,13.79,93.8,0,0,0,13.94,14.11,0.075
"2021-09-18 03:00:00",11126,12.84,101.9939,1.226,193.3,39.77,14.33,95.3,0,0,0,14.23,14.68,0.075
"2021-09-18 04:00:00",11127,12.82,101.9695,0.952,183.1,40.02,13.98,96.2,0,0,0,14.02,14.38,0.075
"2021-09-18 05:00:00",11128,12.81,101.9858,0.919,199.6,35.15,13.48,95.8,0,0,0,13.63,13.78,0.075
"2021-09-18 06:00:00",11129,12.74,102.0507,0.591,189.8,30.63,13.14,97.1,1.628,0.209,0,13.27,13.44,0.075
"2021-09-18 07:00:00",11130,12.78,102.1157,0.933,194.3,29.63,14.13,85.8,104.2,4.629,0,13.52,14.42,0.075
"2021-09-18 08:00:00",11131,13.55,102.1602,1.656,184.4,45.68,16.95,74.88,350.4,14.51,0,15.77,17.58,0.074
"2021-09-18 09:00:00",11132,14.19,102.2117,1.683,170.6,46.47,19.48,67.95,574.9,26.05,0,19.4,20.81,0.074
"2021-09-18 10:00:00",11133,14.12,102.2279,1.96,162.2,43.75,20.74,60.78,703.7,33.7,0,21.93,22.66,0.074
"2021-09-18 11:00:00",11134,14.03,102.1549,1.926,151.9,41.22,21.56,49.94,709.6,35.56,0,21.03,23.47,0.074
"2021-09-18 12:00:00",11135,14.23,102.0818,1.915,151.7,38.73,22.04,47.88,653.1,34.25,0,22.62,23.91,0.074
"2021-09-18 13:00:00",11136,14.19,102.0169,1.878,140.1,36.43,22.66,47.8,779.1,39.2,0,23.9,24.95,0.073
"2021-09-18 14:00:00",11137,14.16,101.9358,1.867,133.5,39.12,21.92,57.4,519.5,28.3,0,21.91,23.93,0.073
"2021-09-18 15:00:00",11138,14.05,101.9033,1.847,124.1,40.68,21.94,61.24,534.7,26.92,0,22.72,23.86,0.073
"2021-09-18 16:00:00",11139,14.1,101.8952,1.504,120,37.34,21.61,61.65,381.4,18.02,0,22.03,23.14,0.073
"2021-09-18 17:00:00",11140,13.41,101.879,1.488,129.2,37.76,20.45,64.74,191.3,8.53,0,19.53,21.12,0.072
"2021-09-18 18:00:00",11141,12.97,101.8859,0.303,133.3,23.52,18.17,72.1,13.13,1.315,0,16.86,18.34,0.072
"2021-09-18 19:00:00",11142,12.94,101.9288,0.005,172.4,0.315,15.88,79.15,0,0,0,14.47,15.55,0.072
"2021-09-18 20:00:00",11143,12.9,101.9533,0.028,189.2,2.402,14.49,87.6,0,0,0,13.51,14.04,0.071
"2021-09-18 21:00:00",11144,12.9,101.9777,0.027,176.2,4.356,14.38,80.1,0,0,0,13.1,13.27,0.071
"2021-09-18 22:00:00",11145,12.89,101.9452,0.01,142.8,11.1,14.21,92.3,0,0,0,12.82,13.11,0.071
"2021-09-18 23:00:00",11146,12.84,101.9046,0.004,258.1,0.038,11.5,96.6,0,0,0,12.15,12.45,0.071
"2021-09-19 00:00:00",11147,12.86,101.9065,0.055,256.1,6.996,11.74,92.4,0,0,0,12.04,12.21,0.07
"2021-09-19 01:00:00",11148,12.85,101.8153,0.244,243.8,13.65,12.64,91.3,0,0,0,12.48,12.67,0.07
"2021-09-19 02:00:00",11149,12.83,101.7829,0.075,254.1,10.79,12.77,88.6,0.123,0,0,12.04,12.76,0.07
"2021-09-19 03:00:00",11150,12.82,101.6936,0.076,252.4,11.24,14.1,87.2,0,0,0,13.8,14.28,0.07
"2021-09-19 04:00:00",11151,12.8,101.6692,0,0,0,14.35,92.7,0,0,0,14.73,15.02,0.07
"2021-09-19 05:00:00",11152,12.79,101.6449,0,0,0,13.81,96,0,0,0,14.85,14.95,0.07
"2021-09-19 06:00:00",11153,12.75,101.6611,0,0,0,13.29,97.2,1.877,0.208,0,13.89,14.46,0.07
"2021-09-19 07:00:00",11154,12.76,101.7098,0.191,294.8,13.58,13.67,85.8,99,4.17,0,13.38,14.37,0.07
"2021-09-19 08:00:00",11155,13.53,101.7341,1.145,335.1,24.3,17.9,69.61,314.1,12.65,0,16.06,18.69,0.07
"2021-09-19 09:00:00",11156,14.19,101.7248,2.18,349,32.4,21.11,56.26,543.7,23.28,0,21.48,23.21,0.069
"2021-09-19 10:00:00",11157,14.01,101.6599,2.292,340,28.65,21.57,52.04,371.7,20.51,0,22.75,23.51,0.069
"2021-09-19 11:00:00",11158,14.17,101.5463,3.015,352.1,33.57,23.31,47.17,831,37.98,0,23.61,26.38,0.069
"2021-09-19 12:00:00",11159,14.22,101.3919,3.102,2.327,31.39,24.21,46.25,885,40.75,0,27.15,27.93,0.069
"2021-09-19 13:00:00",11160,14.31,101.2296,3.654,16.83,31.12,24.24,55.95,855,38.88,0,26.81,27.88,0.069
"2021-09-19 14:00:00",11161,14.38,101.0836,4.129,26.04,30.14,23.43,55.83,757.9,33.64,0,26.12,26.61,0.069
"2021-09-19 15:00:00",11162,14.35,101.0025,4.375,24.7,30.31,23.09,56.32,590.6,24.71,0,24.94,25.65,0.068
"2021-09-19 16:00:00",11163,14.39,100.9701,4.302,26.04,29.84,22.26,61.14,389.9,15.15,0,23.3,24.12,0.068
"2021-09-19 17:00:00",11164,13.46,100.9295,3.424,17.82,28.31,21.44,64.46,168.3,6.414,0,21.04,22.41,0.068
"2021-09-19 18:00:00",11165,12.97,100.9298,3.041,16.5,26.14,20.13,69.36,15.21,1.043,0,19.65,20.26,0.068
"2021-09-19 19:00:00",11166,12.94,100.9573,2.568,13.41,26.68,19.43,73.42,0,0,0,19.11,19.34,0.067
"2021-09-19 20:00:00",11167,12.92,101.0332,2.405,13.77,23.37,19.31,76.87,0,0,0,18.99,19.1,0.067
"2021-09-19 21:00:00",11168,12.93,101.0415,2.204,9.99,27.24,19.37,79.3,0,0,0,18.88,19.04,0.067
"2021-09-19 22:00:00",11169,12.91,101.018,2.087,10.3,26.02,19.27,81.1,0,0,0,18.7,18.88,0.067
"2021-09-19 23:00:00",11170,12.9,100.9583,2.087,11.5,22.94,19.21,84.1,0,0,0,18.64,18.79,0.067
"2021-09-20 00:00:00",11171,12.89,100.952,2.215,11.78,25.82,19.36,85.5,0,0,0,18.76,18.88,0.067
"2021-09-20 01:00:00",11172,12.88,100.8787,2.192,6.444,27.54,19.38,86.7,0,0,0,18.73,18.89,0.066
"2021-09-20 02:00:00",11173,12.87,100.8375,1.979,3.406,23.54,19.05,85.2,0,0,0,18.28,18.51,0.066
"2021-09-20 03:00:00",11174,12.85,100.8242,1.378,354.9,24.8,18.3,88.3,0,0,0,17.15,17.75,0.066
"2021-09-20 04:00:00",11175,12.83,100.8015,1.523,348.6,25.27,17.57,83.6,0,0,0,16.8,16.95,0.066
"2021-09-20 05:00:00",11176,12.81,100.7598,2.69,1.036,26.98,17.73,83.4,0,0,0,17.09,17.25,0.066
"2021-09-20 06:00:00",11177,12.78,100.792,2.484,1.316,27.69,17.64,84,3.405,0.175,0,17.19,17.28,0.066
"2021-09-20 07:00:00",11178,12.79,100.9217,2.805,357.9,31.95,18.23,78.68,89.1,3.245,0,17.48,18.25,0.066
"2021-09-20 08:00:00",11179,13.4,100.8727,3.374,355.3,33.11,20.13,70.15,301.7,10.55,0,19.63,21.03,0.066
"2021-09-20 09:00:00",11180,14.03,100.9052,4.028,349.8,33.28,22.27,59.16,502,18.89,0,22.7,24.03,0.066
"2021-09-20 10:00:00",11181,13.78,101.0512,2.584,345.4,27.95,22.66,56.28,226.6,10.36,0,22.67,23.56,0.066
"2021-09-20 11:00:00",11182,14.04,100.7834,2.663,359.4,35.76,24.11,55.44,436.3,20.18,0,24.61,25.63,0.065
"2021-09-20 12:00:00",11183,14.05,100.7997,3.029,12.23,29.2,23.84,55.91,435.7,20.47,0,23.9,25.23,0.065
"2021-09-20 13:00:00",11184,14.21,100.6683,3.093,19.79,31.76,25.43,55.66,766.7,32.26,0,27.05,28.44,0.065
"2021-09-20 14:00:00",11185,14.17,100.6039,3.96,16.98,30.34,24.75,71.25,565.2,24.61,0,24.73,27.3,0.065
"2021-09-20 15:00:00",11186,14.08,100.5319,3.728,26.62,28.23,22.97,74.81,250,11.93,0,23.34,24.41,0.065
"2021-09-20 16:00:00",11187,13.52,100.5238,3.785,24.7,28.68,22.24,78.13,145.9,6.967,0,22.81,23.07,0.065
"2021-09-20 17:00:00",11188,13.05,100.4426,3.524,22.75,28.48,21.88,81.6,61.01,2.664,0,21.93,22.29,0.065
"2021-09-20 18:00:00",11189,12.93,100.6292,2.241,27.61,43.7,21.71,83.4,7.202,0.361,0,21.67,21.82,0.065
"2021-09-20 19:00:00",11190,12.92,100.5806,3.09,15.52,29.9,21.08,88.4,0,0,0,20.64,20.88,0.064
"2021-09-20 20:00:00",11191,12.93,100.7429,1.876,14.63,38.18,21.05,88.3,0,0,0,20.55,20.72,0.064
"2021-09-20 21:00:00",11192,12.89,100.7838,0.752,343.2,44.5,20.84,91.5,0,0,0,20.11,20.33,0.064
"2021-09-20 22:00:00",11193,12.89,100.9629,0.711,220.3,64.15,20.1,97,0,0,0.254,19.65,19.98,0.064
"2021-09-20 23:00:00",11194,12.88,101.0227,0.956,182.7,38.21,19.52,96.5,0,0,0,19.63,19.73,0.064
"2021-09-21 00:00:00",11195,12.89,101.0619,0.717,175.5,32.96,19.52,95.5,0,0,0,19.51,19.62,0.064
"2021-09-21 01:00:00",11196,12.87,101.0381,0.681,177.5,34.53,19.46,93.3,0,0,0,19.35,19.49,0.064
"2021-09-21 02:00:00",11197,12.86,101.085,1.065,164.3,41.26,19.37,94.7,0,0,0,19.28,19.34,0.064
"2021-09-21 03:00:00",11198,12.84,101.0864,1.525,170.3,44.47,19.6,94.4,0,0,0,19.4,19.53,0.063
"2021-09-21 04:00:00",11199,12.79,101.1273,1.899,167.1,48.43,19.45,93.4,0,0,0,19.27,19.33,0.063
"2021-09-21 05:00:00",11200,12.78,101.2234,2.006,164.4,43.02,19.36,92.3,0,0,0,19.23,19.28,0.063
"2021-09-21 06:00:00",11201,12.78,101.3876,2.04,168.4,47.42,19.12,88.8,0.36,0.045,0,18.95,19.07,0.063
"2021-09-21 07:00:00",11202,12.75,101.5311,1.941,176.6,48.17,18.99,90.3,9.02,0.575,0,18.84,18.99,0.063
"2021-09-21 08:00:00",11203,12.76,101.6228,1.658,168.8,43.52,18.65,88.7,29.43,1.911,0,18.44,18.73,0.063
"2021-09-21 09:00:00",11204,12.77,101.7215,1.883,168.5,47.06,18.77,96.3,49.82,3.144,0.508,18.45,18.9,0.063
"2021-09-21 10:00:00",11205,12.93,101.804,2.2,164.6,47.03,18.4,92.8,167.7,9.88,0.254,18.36,18.66,0.063
"2021-09-21 11:00:00",11206,13.61,101.7736,2.231,157.3,44.66,19.45,72.96,253.5,14.65,0,18.79,19.6,0.063
"2021-09-21 12:00:00",11207,13.62,101.7897,2.631,153.5,38.29,20.82,74.81,218.4,13.09,0,20.52,21.03,0.063
"2021-09-21 13:00:00",11208,13.89,101.7572,2.814,157.5,42.22,20.84,72.86,325.2,18.31,0,20.58,21.44,0.063
"2021-09-21 14:00:00",11209,13.89,101.7735,2.769,156.9,43.59,20.53,73.7,256.3,14.75,0,20.24,21.16,0.063
"2021-09-21 15:00:00",11210,13.86,101.7654,2.487,156.8,44.79,20.28,68.08,186.8,10.47,0,20.22,20.76,0.063
"2021-09-21 16:00:00",11211,13.81,101.7816,2.917,157.1,41.4,20.39,64.86,164.3,9.36,0,20.53,20.71,0.063
"2021-09-21 17:00:00",11212,13.43,101.8627,2.692,154.3,39.07,20.4,65.87,163.9,6.773,0,19.88,20.73,0.063
"2021-09-21 18:00:00",11213,13,101.952,1.898,162.3,46.15,19.44,67.93,11.32,0.715,0,19.05,19.42,0.063
"2021-09-21 19:00:00",11214,12.96,102.0517,1.741,170.6,48.92,18.88,74.26,0,0,0,18.49,18.86,0.062
"2021-09-21 20:00:00",11215,12.94,102.1309,1.748,177.9,46.37,18.04,74.65,0,0,0,17.63,18,0.062
"2021-09-21 21:00:00",11216,12.9,102.1946,1.736,164.5,44.33,18.24,75.85,0,0,0,17.55,18.15,0.062
"2021-09-21 22:00:00",11217,12.88,102.189,0.991,196.6,36.39,17.4,77.27,0,0,0,16.5,17.14,0.062
"2021-09-21 23:00:00",11218,12.91,102.1958,1.059,204.8,31.03,16.17,81,0,0,0,15.79,16.01,0.062
"2021-09-22 00:00:00",11219,12.89,102.1887,0.527,195.5,27.34,15.74,82.4,0,0,0,15.34,15.56,0.062
"2021-09-22 01:00:00",11220,12.87,102.1633,0.949,206.3,36.17,16.01,81.7,0,0,0,15.64,16.07,0.062
"2021-09-22 02:00:00",11221,12.86,102.1319,0.827,209.6,32.87,15.86,83,0,0,0,15.81,15.97,0.062
"2021-09-22 03:00:00",11222,12.83,102.1238,0.45,217.3,22.65,15.08,86.7,0,0,0,14.67,15.1,0.062
"2021-09-22 04:00:00",11223,12.82,102.1399,0.569,214,23.64,14.85,87.4,0,0,0,14.86,15.03,0.062
"2021-09-22 05:00:00",11224,12.79,102.1725,0.594,207.8,24.68,14.33,90.6,0,0,0,13.81,14.5,0.062
"2021-09-22 06:00:00",11225,12.76,102.1968,0.848,205.2,27.79,13.52,91.7,4.123,0.334,0,13.38,13.53,0.062
"2021-09-22 07:00:00",11226,12.76,102.269,1.056,209.8,34.22,14.68,82.7,135.3,5.372,0,13.58,15.08,0.062
"2021-09-22 08:00:00",11227,13.57,102.3124,1.558,205.2,40.12,17.5,70.92,305.1,14.07,0,16.82,18.18,0.061
"2021-09-22 09:00:00",11228,13.99,102.3415,1.931,189,44.25,20.35,59.64,489.3,23.18,0,20.48,21.58,0.062
"2021-09-22 10:00:00",11229,14.12,102.3334,2.158,177.2,45.22,21.21,58.35,492.8,25.91,0,21.88,22.54,0.061
"2021-09-22 11:00:00",11230,14.14,102.2766,2.05,164,49.14,22.29,46.52,672.6,34.32,0,22.52,24.08,0.062
"2021-09-22 12:00:00",11231,14.15,102.1707,2.295,149.5,41.93,23.13,44.21,764.7,38.22,0,23.64,25.21,0.062
"2021-09-22 13:00:00",11232,14.09,102.0711,2.13,145.4,43.36,23.76,49.12,842,41.42,0,24.97,26.25,0.061
"2021-09-22 14:00:00",11233,14.3,102.0291,2.345,129.4,37.99,23.54,48.36,835,39.87,0,25.84,26.28,0.061
"2021-09-22 15:00:00",11234,14.08,102.0151,2.31,125.3,41.46,23.35,49.77,663.3,30.85,0,24.84,25.68,0.061
"2021-09-22 16:00:00",11235,14.07,101.9926,1.996,131.6,39.45,22.38,53.59,407.4,18.9,0,23.27,23.99,0.061
"2021-09-22 17:00:00",11236,13.43,101.9358,1.715,133.9,36.29,21.33,58.18,217.1,9.05,0,20.29,22.05,0.061
"2021-09-22 18:00:00",11237,12.97,101.9795,0.746,129.6,29.74,19.15,70.08,16.32,1.443,0,17.65,19.12,0.061
"2021-09-22 19:00:00",11238,12.94,102.0155,0.107,162.2,8.22,16.83,76.18,0,0,0,15.52,16.35,0.06
"2021-09-22 20:00:00",11239,12.91,102.0588,0.093,175.9,10.55,15.91,80.1,0,0,0,14.36,14.99,0.06
"2021-09-22 21:00:00",11240,12.91,102.0507,0.02,192.1,3.914,15.18,81.3,0,0,0,13.29,13.77,0.06
"2021-09-22 22:00:00",11241,12.9,102.0101,0.046,202.4,3.126,14.69,87.6,0,0,0,12.53,13.07,0.06
"2021-09-22 23:00:00",11242,12.88,101.9939,0.009,340.9,0.014,12.37,94.6,0,0,0,12.22,12.42,0.06
"2021-09-23 00:00:00",11243,12.86,101.9628,0,0,0,11.4,96.9,0,0,0,11.72,12.04,0.06
"2021-09-23 01:00:00",11244,12.85,101.9298,0.009,244.4,2.263,11.78,93.3,0,0,0,11.77,12.02,0.06
"2021-09-23 02:00:00",11245,12.83,101.8559,0.157,242.9,12.92,12.92,89.3,0,0,0,12.75,13.17,0.059
"2021-09-23 03:00:00",11246,12.82,101.8072,0.022,227.6,15.26,13.65,92,0,0,0,13.58,14.11,0.059
"2021-09-23 04:00:00",11247,12.8,101.7747,0.121,223.4,14.97,14.25,86.1,0.099,0,0,14.36,14.68,0.059
"2021-09-23 05:00:00",11248,12.8,101.7747,0.002,357.5,6.99,13.67,92.7,0,0,0,14.23,14.57,0.059
"2021-09-23 06:00:00",11249,12.74,101.7829,0,0,0,12.75,93.4,5.263,0.342,0,13.8,13.97,0.059
"2021-09-23 07:00:00",11250,12.76,101.8316,0.026,262.5,6.03,13.39,84.6,91,5.024,0,13.56,14.53,0.059
"2021-09-23 08:00:00",11251,13.5,101.8467,1.077,292.8,34.9,19.35,62.14,388.8,15.95,0,16.16,20.06,0.059
"2021-09-23 09:00:00",11252,14.07,101.8384,1.095,352.8,36.25,21.25,58.86,430.9,21.89,0,22.73,23.59,0.059
"2021-09-23 10:00:00",11253,14.16,101.7816,1.651,8.81,33.09,21.91,57.83,445.6,24.01,0,23.56,24.42,0.059
"2021-09-23 11:00:00",11254,14.09,101.6842,2.362,16.16,30.45,22.89,54.44,759.5,36.42,0,23.84,26.25,0.059
"2021-09-23 12:00:00",11255,14.06,101.5773,2.293,23.14,34.23,23.72,53.18,900,43.29,0,27.05,28.16,0.059
"2021-09-23 13:00:00",11256,14.28,101.424,3.035,33.49,31.25,24.47,50.77,925,43.61,0,28.17,28.76,0.059
"2021-09-23 14:00:00",11257,14.35,101.3346,3.504,28.49,34.01,24.23,50.57,832,38.91,0,27.58,28.36,0.059
"2021-09-23 15:00:00",11258,14.35,101.2775,3.882,28.48,30.36,23.63,53.64,677.7,30.59,0,26.16,27.15,0.059
"2021-09-23 16:00:00",11259,14.34,101.2541,3.7,28.27,29.98,23.13,56.73,468.5,19.98,0,24.71,25.74,0.058
"2021-09-23 17:00:00",11260,13.44,101.2622,3.782,29,29.61,21.85,66.95,231.7,9.09,0,21.21,23.13,0.058
"2021-09-23 18:00:00",11261,12.96,101.2957,2.877,24.68,25.93,19.94,76.85,16.55,1.446,0,19.29,20.19,0.058
"2021-09-23 19:00:00",11262,12.94,101.3274,1.665,31.65,26.81,18.69,80.2,0,0,0,18.38,18.73,0.058
"2021-09-23 20:00:00",11263,12.93,101.3773,1.192,21.87,20.01,18.31,79.4,0,0,0,17.77,18.1,0.058
"2021-09-23 21:00:00",11264,12.92,101.4028,0.582,11.89,18.21,17.97,84.6,0,0,0,17.16,17.56,0.058
"2021-09-23 22:00:00",11265,12.91,101.3849,0.04,340.3,5.355,16.6,91.4,0,0,0,15.52,16.2,0.057
"2021-09-23 23:00:00",11266,12.9,101.3851,0.06,321.2,9.21,16.17,92.4,0,0,0,15.44,15.61,0.058
"2021-09-24 00:00:00",11267,12.88,101.377,0.259,290.1,16.66,15.06,94.9,0,0,0,14.96,15.11,0.057
"2021-09-24 01:00:00",11268,12.86,101.312,0.207,317,10.65,14.95,95.2,0,0,0,14.72,15.15,0.057
"2021-09-24 02:00:00",11269,12.85,101.239,0.135,322.6,9.66,14.56,96.4,0,0,0,14.56,14.74,0.057
"2021-09-24 03:00:00",11270,12.83,101.2065,0.201,316,8.99,15.67,96.6,0,0,0,15.14,15.74,0.057
"2021-09-24 04:00:00",11271,12.82,101.2146,0.201,326.2,11.07,15.68,97.9,0,0,0,15.31,15.68,0.057
"2021-09-24 05:00:00",11272,12.79,101.2308,0.428,328.6,14.69,15.46,96,0,0,0,15.25,15.43,0.057
"2021-09-24 06:00:00",11273,12.77,101.2877,0.817,331.9,16.82,15.13,95.2,5.018,0.329,0,14.97,15.16,0.057
"2021-09-24 07:00:00",11274,12.78,101.3152,1.459,337.8,22.57,16.85,86.3,122.7,4.695,0,15.47,16.81,0.056
"2021-09-24 08:00:00",11275,13.55,101.3516,2.819,353.1,28.86,19.98,74.2,352.1,13.88,0,18.5,20.95,0.056
"2021-09-24 09:00:00",11276,14.18,101.3028,3.526,348.9,32.1,22.35,61.61,577.4,24.81,0,23.06,24.62,0.056
"2021-09-24 10:00:00",11277,14.26,101.2522,3.538,346.8,29.35,24.11,57.59,752.4,34.04,0,25.93,27.22,0.056
"2021-09-24 11:00:00",11278,14.29,101.2003,3.635,1.751,29.54,25.56,49.83,869,40.32,0,28.01,29,0.056
"2021-09-24 12:00:00",11279,14.27,101.1627,2.963,356.3,34.14,27.45,48.45,917,43.04,0,30.33,31.5,0.056
"2021-09-24 13:00:00",11280,14.29,101.0952,3.479,30.56,31.25,27.1,55.44,893,41.47,0,30.32,30.95,0.056
"2021-09-24 14:00:00",11281,14.24,101.0781,3.39,28.28,31.15,26.41,57.24,733.4,34.21,0,29.18,30.2,0.056
"2021-09-24 15:00:00",11282,14.29,101.0785,3.372,44.26,27.84,26.03,60.48,641.2,28.36,0,28.67,29.39,0.056
"2021-09-24 16:00:00",11283,14.3,101.1068,3.393,48.64,25.44,25.11,67.38,431.9,17.79,0,26.79,27.61,0.056
"2021-09-24 17:00:00",11284,13.51,101.1405,2.813,47.45,24.63,23.47,73.68,172.1,7.181,0,23.57,25.01,0.055
"2021-09-24 18:00:00",11285,12.97,101.2216,1.949,45.7,22.83,21.9,81.7,21.43,1.311,0,21.4,22.43,0.055
"2021-09-24 19:00:00",11286,12.94,101.272,0.779,44.64,17.93,20.46,83.6,0,0,0,19.97,20.66,0.055
"2021-09-24 20:00:00",11287,12.88,101.368,0.134,60.29,9.36,19.38,91.1,0,0,0,18.5,19.19,0.055
"2021-09-24 21:00:00",11288,12.92,101.4575,0.054,253.4,15.48,18.9,93.8,0,0,0,17.86,18.17,0.055
"2021-09-24 22:00:00",11289,12.89,101.5083,0.074,231.6,1.579,17.57,97.7,0,0,0,16.78,17.22,0.055
"2021-09-24 23:00:00",11290,12.87,101.5219,0.009,221.8,1.439,17.06,97.7,0,0,0,16.37,16.64,0.054
"2021-09-25 00:00:00",11291,12.88,101.5385,0,0,0,16.63,98.9,0.087,0,0,16.24,16.81,0.055
"2021-09-25 01:00:00",11292,12.85,101.5424,0.071,222.1,7.688,17.86,96,0,0,0,17.07,17.63,0.054
"2021-09-25 02:00:00",11293,12.85,101.5148,0,0,0,16.79,97.8,0,0,0,16.1,16.47,0.054
"2021-09-25 03:00:00",11294,12.84,101.4661,0,0,0,16.38,98.4,0,0,0,15.64,16.45,0.054
"2021-09-25 04:00:00",11295,12.82,101.4662,0,0,0,15.8,99.1,0,0,0,15.07,15.34,0.054
"2021-09-25 05:00:00",11296,12.79,101.4744,0,0,0,14.78,99.9,0,0,0,14.51,14.76,0.054
"2021-09-25 06:00:00",11297,12.76,101.5312,0,0,0,14,100,6.632,0.382,0,14.2,14.38,0.054
"2021-09-25 07:00:00",11298,12.79,101.5747,0.039,9.05,4.459,16.69,92.9,133,5.105,0,14.62,17.37,0.054
"2021-09-25 08:00:00",11299,13.59,101.5787,1.104,356.4,26.1,21.31,79.91,354.8,14.45,0,19.83,22.24,0.054
"2021-09-25 09:00:00",11300,13.94,101.5693,1.972,4.011,27.87,23.72,70.64,540.5,23.53,0,24.83,26.46,0.054
"2021-09-25 10:00:00",11301,14.01,101.4963,1.721,1.988,31.51,24.8,64.66,531.2,27.49,0,26.75,27.7,0.054
"2021-09-25 11:00:00",11302,14.06,101.4193,2.129,13.43,29.61,26.17,59.87,814,38.63,0,27.3,29.83,0.054
"2021-09-25 12:00:00",11303,14.01,101.3717,2.429,30.92,32.45,26.99,59.18,897,41.69,0,30.52,31.32,0.053
"2021-09-25 13:00:00",11304,14.24,101.2729,3.101,36.07,33.13,27.26,60.71,844,35.09,0,30.11,31.29,0.053
"2021-09-25 14:00:00",11305,14.25,101.1845,3.78,43.58,33.73,27.3,59.97,661.5,20.58,0,29.26,30.21,0.053
"2021-09-25 15:00:00",11306,14.27,101.1176,3.392,35.53,32.78,26.9,60.09,616.2,24.04,0,29.71,30.23,0.053
"2021-09-25 16:00:00",11307,14.26,101.1066,3.04,34.89,30.79,26.3,58.91,435.4,17.27,0,27.85,29.01,0.053
"2021-09-25 17:00:00",11308,13.55,101.0999,3.123,25.68,26.1,24.5,66.42,216,8.13,0,23.88,25.94,0.053
"2021-09-25 18:00:00",11309,12.95,101.108,2.645,21.51,25.53,22.28,77.22,20.4,1.385,0,21.6,22.62,0.052
"2021-09-25 19:00:00",11310,12.93,101.159,1.5,20.47,22.79,20.7,84.4,0,0,0,20.3,20.91,0.052
"2021-09-25 20:00:00",11311,12.92,101.2042,0.897,15.5,17.16,19.58,89.9,0,0,0,19.31,19.75,0.052
"2021-09-25 21:00:00",11312,12.9,101.2465,0.179,4.358,11.04,18.7,95.2,0,0,0,18.07,18.61,0.052
"2021-09-25 22:00:00",11313,12.89,101.2311,0.364,313.1,12.63,18.33,96.4,0,0,0,17.8,18.25,0.052
"2021-09-25 23:00:00",11314,12.88,101.2111,0.351,287.1,16.79,17.36,98.4,0,0,0,17.24,17.54,0.051
"2021-09-26 00:00:00",11315,12.85,101.198,0.336,303.4,13.06,16.82,98.1,0,0,0,16.87,17.1,0.051
"2021-09-26 01:00:00",11316,12.86,101.1304,0.57,331.8,16.32,17.09,97,0,0,0,16.94,17.59,0.051
"2021-09-26 02:00:00",11317,12.84,101.0889,0.37,335.7,11.71,17.42,98.5,0,0,0,17.3,17.63,0.051
"2021-09-26 03:00:00",11318,12.83,101.0526,0.899,334,15.29,18.03,99.4,0,0,0,17.73,17.93,0.051
"2021-09-26 04:00:00",11319,12.81,101.0444,0.619,343.4,15.33,18.05,99.8,0,0,0,17.68,17.82,0.051
"2021-09-26 05:00:00",11320,12.79,101.0689,0.624,339,11.99,17.76,100,0,0,0,17.17,17.55,0.051
"2021-09-26 06:00:00",11321,12.77,101.086,0.573,345.6,15.22,17.34,99.4,7.007,0.434,0,17.03,17.14,0.051
"2021-09-26 07:00:00",11322,12.79,101.1073,1.441,4.061,22.5,18.57,90.8,140.2,5.454,0,17.37,18.7,0.051
"2021-09-26 08:00:00",11323,13.56,101.1081,2.146,351.7,28.09,21.77,75.23,374.9,15.22,0,19.98,22.33,0.051
"2021-09-26 09:00:00",11324,14.17,101.0837,2.744,354.8,32.99,24.82,65.13,600.4,26.12,0,24.9,27.14,0.051
"2021-09-26 10:00:00",11325,14.22,101.0476,2.773,346,30.87,27.72,50.79,781,35.54,0,29.02,30.8,0.051
"2021-09-26 11:00:00",11326,14.17,101.0313,2.27,359.1,32.07,30.14,44.15,896,41.6,0,32.08,33.61,0.05
"2021-09-26 12:00:00",11327,14.12,100.9488,2.076,12,42.43,31.93,50.42,941,43.45,0,34.87,35.84,0.05
"2021-09-26 13:00:00",11328,14.19,100.8771,3.116,56.26,26.24,31.21,54.43,915,41.53,0,33.78,34.72,0.05
"2021-09-26 14:00:00",11329,14.23,100.835,3.042,60.25,26.97,30.83,56.95,819,36.76,0,33.46,34.18,0.049
"2021-09-26 15:00:00",11330,14.21,100.8754,2.904,69.48,29.68,29.35,62.1,646.4,28.23,0,30.94,32.48,0.049
"2021-09-26 16:00:00",11331,14.01,100.9343,2.255,106.5,38.37,26.71,78.65,429.4,18.46,0,26.88,28.93,0.049
"2021-09-26 17:00:00",11332,13.56,100.9863,1.866,114.6,34.71,24.98,80.2,211,8.45,0,24.49,26.14,0.048
"2021-09-26 18:00:00",11333,12.93,101.035,0.884,132.1,29.63,22.91,90.3,18.34,1.429,0,22.37,23.36,0.048
"2021-09-26 19:00:00",11334,12.92,101.079,0.283,141.3,15.61,21.34,95.2,0,0,0,20.99,21.69,0.048
"2021-09-26 20:00:00",11335,12.91,101.1401,0.075,158,6.22,20.26,97.6,0,0,0,19.18,20.28,0.048
"2021-09-26 21:00:00",11336,12.9,101.2136,0,0,0,19.86,99.1,0,0,0,19.06,19.76,0.048
"2021-09-26 22:00:00",11337,12.89,101.2045,0,0,0,20.25,99.2,0,0,0,19.4,20.36,0.048
"2021-09-26 23:00:00",11338,12.89,101.2113,0.007,302.5,0.608,20.17,99.3,0,0,0,20.29,20.76,0.047
"2021-09-27 00:00:00",11339,12.87,101.157,0.002,222.6,0.144,19.33,100,0.031,0,0,18.36,19.27,0.047
"2021-09-27 01:00:00",11340,12.86,101.1233,0.002,231.4,0.991,19.87,99.9,0.01,0,0,19.25,20.07,0.047
"2021-09-27 02:00:00",11341,12.85,101.0751,0.015,246.3,8.75,19.55,99.6,0,0,0,19.06,19.54,0.047
"2021-09-27 03:00:00",11342,12.83,101.003,0,0,0,19.13,99.6,0,0,0,17.59,18.86,0.047
"2021-09-27 04:00:00",11343,12.81,100.9954,0.02,189.1,5.804,18.15,100,0,0,0,17.11,17.56,0.047
"2021-09-27 05:00:00",11344,12.79,101.0112,0.001,155.8,0.001,18.66,100,0.043,0,0,18.12,19.14,0.047
"2021-09-27 06:00:00",11345,12.76,101.0156,0,0,0,19.31,100,4.281,0.264,0,19.89,20.16,0.047
"2021-09-27 07:00:00",11346,12.78,101.0531,0.043,264.5,8.11,20.28,92.5,94.2,3.851,0,20.44,20.99,0.047
"2021-09-27 08:00:00",11347,13.41,101.0594,0.533,332.5,28.95,22.52,82.8,241.6,10.64,0,21.77,23.17,0.047
"2021-09-27 09:00:00",11348,13.96,101.0254,1.717,5.674,30.8,25.09,73.78,562,23.7,0,25.98,28.06,0.047
"2021-09-27 10:00:00",11349,14.2,100.9645,2.232,5.174,32.39,27.5,60.35,755.7,33.95,0,29.66,31.08,0.047
"2021-09-27 11:00:00",11350,14.18,100.8507,2.649,357.2,30.12,30.16,48.39,875,40.46,0,32.35,33.84,0.046
"2021-09-27 12:00:00",11351,14.17,100.705,3.069,20.41,36.01,31.46,62.26,920,42.66,0,33.79,35.26,0.046
"2021-09-27 13:00:00",11352,14.22,100.5822,3.239,40.64,30.59,30.94,58.67,899,41.31,0,34.25,34.85,0.046
"2021-09-27 14:00:00",11353,14.24,100.5024,3.66,29.05,28.54,30.36,58.96,804,36.61,0,33.26,34.12,0.045
"2021-09-27 15:00:00",11354,14.15,100.4212,3.695,25.94,26.12,29.2,63.29,625.9,27.25,0,31.41,32.59,0.045
"2021-09-27 16:00:00",11355,14.22,100.376,3.649,26.42,28.45,27.88,70.05,416.9,16.26,0,28.8,30.43,0.045
"2021-09-27 17:00:00",11356,13.79,100.3696,3.192,26.07,25.88,26.2,77.41,192.8,7.446,0,25.78,27.65,0.044
"2021-09-27 18:00:00",11357,12.95,100.3939,2.523,25.98,26.62,23.89,87,22.96,1.304,0,23.48,24.48,0.044
"2021-09-27 19:00:00",11358,12.92,100.4264,2.089,23.72,24.48,22.68,90.1,0,0,0,22.7,22.98,0.044
"2021-09-27 20:00:00",11359,12.9,100.4671,2.141,20.98,24.91,22.69,82.5,0,0,0,22.52,22.62,0.044
"2021-09-27 21:00:00",11360,12.91,100.4913,2.468,11.47,27.42,23.34,79.21,0,0,0,22.62,22.91,0.043
"2021-09-27 22:00:00",11361,12.9,100.501,0.757,345.6,19.95,22.38,84.7,0,0,0,20.93,21.66,0.043
"2021-09-27 23:00:00",11362,12.87,100.4782,0.699,324,14.19,21.46,88.1,0,0,0,20.58,20.82,0.043
"2021-09-28 00:00:00",11363,12.87,100.434,0.362,317.3,14.06,20.4,89.9,0,0,0,19.58,20.12,0.043
"2021-09-28 01:00:00",11364,12.86,100.3618,0.119,305.7,8.71,19.39,92.9,0,0,0,17.92,18.88,0.043
"2021-09-28 02:00:00",11365,12.84,100.2894,0.264,319.3,13.18,18.83,93.4,0,0,0,17.78,18.04,0.043
"2021-09-28 03:00:00",11366,12.81,100.2769,0.044,325.8,4.678,18.25,96.7,0,0,0,17.38,17.76,0.043
"2021-09-28 04:00:00",11367,12.8,100.2958,0.016,0.82,3.464,18.16,96.6,0,0,0,17.01,17.3,0.043
"2021-09-28 05:00:00",11368,12.78,100.3851,0.027,339.1,7.507,18.43,91.4,0,0,0,16.99,17.25,0.043
"2021-09-28 06:00:00",11369,12.76,100.5306,0.51,191.7,29.42,17.94,97,4.403,0.412,0,16.28,17.07,0.043
"2021-09-28 07:00:00",11370,12.77,100.6451,1.109,167.2,40.96,19.24,91.6,124,4.56,0,17.9,19.23,0.043
"2021-09-28 08:00:00",11371,13.51,100.7185,1.545,162.2,39.99,22.43,81.1,332.4,12.51,0,20.79,23.03,0.043
"2021-09-28 09:00:00",11372,13.92,100.7348,1.945,157.8,40.35,23.89,76.73,424.8,19.14,0,24.05,25.2,0.042
"2021-09-28 10:00:00",11373,14.04,100.6832,1.852,148.6,37.86,25.54,71.72,588.2,26.33,0,26,27.49,0.042
"2021-09-28 11:00:00",11374,14.12,100.6927,1.921,144.5,39.06,25.98,70.84,537.1,25.28,0,26.73,28.06,0.042
"2021-09-28 12:00:00",11375,14.12,100.6674,2.093,135.7,37,26.43,70.3,682.7,31.52,0,27.73,28.89,0.042
"2021-09-28 13:00:00",11376,14.14,100.6007,2.09,141.3,34.23,26.44,69.05,648.5,30.33,0,28.24,29.05,0.041
"2021-09-28 14:00:00",11377,14.16,100.5772,2.121,140.3,36.88,26.48,70.54,551.5,25.46,0,27.55,28.87,0.041
"2021-09-28 15:00:00",11378,14.16,100.5399,2.452,141.4,38.11,25.72,73.29,471,22.01,0,26.89,27.68,0.041
"2021-09-28 16:00:00",11379,14.11,100.5797,2.525,140,33.23,25,78.47,362,15.34,0,25.65,26.72,0.041
"2021-09-28 17:00:00",11380,13.63,100.6374,2.21,140.8,32.35,23.7,83.9,145.1,6.355,0,23.66,24.71,0.041
"2021-09-28 18:00:00",11381,12.95,100.7266,1.789,148.3,32.33,22.49,88.8,19.84,1.286,0,22.3,22.92,0.04
"2021-09-28 19:00:00",11382,12.92,100.8084,1.12,149.6,28.43,21.62,91.1,0,0,0,21.47,21.84,0.04
"2021-09-28 20:00:00",11383,12.91,100.8845,0.754,147.9,22.75,21.2,93.5,0,0,0,21.16,21.31,0.04
"2021-09-28 21:00:00",11384,12.91,100.9179,0.96,147.6,26.05,21.11,92.9,0,0,0,20.87,21.07,0.04
"2021-09-28 22:00:00",11385,12.9,100.9515,0.463,149.7,18.59,20.73,93.7,0,0,0,20.55,20.69,0.04
"2021-09-28 23:00:00",11386,12.89,101.0114,0.168,179.6,17.4,20.93,92.6,0,0,0,20.59,21.01,0.04
"2021-09-29 00:00:00",11387,12.88,101.0117,0.399,198.7,22.81,20.84,94.9,0,0,0,21.04,21.27,0.04
"2021-09-29 01:00:00",11388,12.87,100.9644,0.52,185.8,30.3,20.39,95.2,0,0,0,20.75,20.92,0.04
"2021-09-29 02:00:00",11389,12.86,100.9475,0.351,176.3,26.99,20.13,96.2,0,0,0,20.63,20.73,0.04
"2021-09-29 03:00:00",11390,12.84,100.9483,0.335,168.9,25.78,20.02,96,0,0,0,20.52,20.61,0.04
"2021-09-29 04:00:00",11391,12.81,100.9727,0.656,171.1,36.68,19.98,96.9,0,0,0,20.35,20.44,0.039
"2021-09-29 05:00:00",11392,12.79,100.9998,0.356,188.3,25.9,19.59,97.4,0,0,0,19.89,20.02,0.039
"2021-09-29 06:00:00",11393,12.77,101.0817,0.376,197.4,23.05,19.53,97.3,6.876,0.422,0,19.64,19.87,0.039
"2021-09-29 07:00:00",11394,12.78,101.1369,0.145,176.7,15.9,19.67,95.4,42.24,2.105,0,19.65,20.1,0.039
"2021-09-29 08:00:00",11395,12.82,101.1405,0.266,160.6,38.64,21.75,84.8,193.1,8.48,0,20.73,22.51,0.039
"2021-09-29 09:00:00",11396,13.46,101.1648,0.789,132.1,34.1,23.01,74.52,188.7,9.15,0,23.47,23.98,0.039
"2021-09-29 10:00:00",11397,13.75,101.1567,1.021,126.6,34.95,23.93,72.19,268.3,13.19,0,24.74,25.16,0.039
"2021-09-29 11:00:00",11398,14.2,101.1567,1.318,134.2,37.54,24.35,67.6,330.4,16.25,0,25.41,25.93,0.039
"2021-09-29 12:00:00",11399,14.01,101.1294,1.52,111,45.74,25.65,69.36,493.8,22.89,0,26.49,28.02,0.039
"2021-09-29 13:00:00",11400,14,101.1161,1.467,130,35.05,24.75,72.3,318.7,15.94,0,25.84,26.49,0.039
"2021-09-29 14:00:00",11401,14.18,101.0956,2.176,131.3,37.43,25.64,72.47,629.4,26.65,0,26.92,28.18,0.039
"2021-09-29 15:00:00",11402,13.71,101.0837,2.124,132.2,39.38,23.73,78.38,225.5,10.91,0,24.02,25.5,0.039
"2021-09-29 16:00:00",11403,13.65,101.1567,2.266,143.9,32.16,22.81,76.25,130.9,6.487,0,23.43,23.9,0.039
"2021-09-29 17:00:00",11404,12.98,101.3271,2.283,147.5,34.01,22.14,80.1,40.24,2.184,0,22.44,22.83,0.039
"2021-09-29 18:00:00",11405,12.95,101.4083,1.931,148.2,33.99,21.69,83.8,4.246,0.307,0,21.81,22.1,0.038
"2021-09-29 19:00:00",11406,12.93,101.441,1.786,143.6,31.14,21.36,80.4,0,0,0,21.45,21.66,0.038
"2021-09-29 20:00:00",11407,12.92,101.5545,1.739,144.4,30.64,21.08,76.2,0,0,0,21.19,21.29,0.038
"2021-09-29 21:00:00",11408,12.89,101.6518,1.554,143.7,34.37,20.95,78.02,0,0,0,20.96,21.09,0.038
"2021-09-29 22:00:00",11409,12.9,101.6599,1.301,141.1,34.53,20.81,77.6,0,0,0,20.77,20.92,0.038
"2021-09-29 23:00:00",11410,12.89,101.7262,1.085,148.3,29.86,20.7,79.86,0,0,0,20.72,20.81,0.038
"2021-09-30 00:00:00",11411,12.87,101.7339,0.886,154.1,26.27,20.52,81.3,0,0,0,20.61,20.71,0.038
"2021-09-30 01:00:00",11412,12.86,101.7579,0.91,152.9,32.67,20.57,81.3,0,0,0,20.69,20.77,0.038
"2021-09-30 02:00:00",11413,12.84,101.7261,1.213,154.4,36.04,20.42,81.6,0,0,0,20.54,20.59,0.038
"2021-09-30 03:00:00",11414,12.83,101.62,1.279,147.3,33.97,20.24,84.7,0,0,0,19.94,20.33,0.038
"2021-09-30 04:00:00",11415,12.79,101.692,0.789,146.4,49.56,18.94,96.9,0,0,0.254,18.98,19.33,0.037
"2021-09-30 05:00:00",11416,12.77,101.6848,0.096,165.1,11.47,18.1,97.6,0,0,0.254,18.3,18.71,0.038
"2021-09-30 06:00:00",11417,12.75,101.7017,0.09,177.1,16.23,17.83,96.6,6.52,0.371,0,18.08,18.21,0.038
"2021-09-30 07:00:00",11418,12.76,101.7651,0.441,232.9,21.46,18.33,97,81.6,3.154,0,18.39,18.92,0.037
"2021-09-30 08:00:00",11419,13.2,101.8403,0.44,211.3,36.57,19.81,89,153.1,7.252,0,19.48,20.29,0.038
"2021-09-30 09:00:00",11420,13.57,101.8709,1.077,106.3,39.92,22.34,74.87,282.7,12.9,0,21.67,22.78,0.038
"2021-09-30 10:00:00",11421,13.64,101.7085,1.355,115.8,48.03,23.67,66.4,468.3,20.82,0,23.57,25.01,0.037
"2021-09-30 11:00:00",11422,13.87,101.668,2.322,89.9,32.69,23.48,75.72,357.3,17.76,0,23.36,25.06,0.037
"2021-09-30 12:00:00",11423,13.96,101.6193,2.173,81.8,30.18,23.36,64.9,435,22.34,0,23.41,25.13,0.037
"2021-09-30 13:00:00",11424,14.19,101.5381,2.166,77.02,30.73,24.14,58.3,554.8,27.7,0,25.36,26.38,0.037
"2021-09-30 14:00:00",11425,14.17,101.4813,2.534,74.62,27.2,23.79,75.11,371.1,19.56,0,23.98,26.18,0.037
"2021-09-30 15:00:00",11426,14.17,101.4245,2.364,83,28.58,23.17,65.88,365.5,18.15,0,23.84,24.9,0.037
"2021-09-30 16:00:00",11427,14.15,101.3921,2.326,80.8,31.08,23.5,68.43,366,15.63,0,24.53,25.39,0.037
"2021-09-30 17:00:00",11428,13.09,101.3758,2.498,72.61,22.93,22.3,76.1,113.7,5.235,0,22.48,23.52,0.037
"2021-09-30 18:00:00",11429,12.96,101.319,2.022,68.64,22.15,21.47,78.21,11.6,0.744,0,21.71,22.03,0.036
"2021-09-30 19:00:00",11430,12.94,101.3515,1.643,64.99,20.44,21.21,81.8,0,0,0,21.4,21.55,0.037
"2021-09-30 20:00:00",11431,12.91,101.4002,1.687,59.99,20.37,21.1,82.6,0,0,0,20.93,21.25,0.036
"2021-09-30 21:00:00",11432,12.89,101.4268,1.364,54.72,22.61,20.91,82.5,0,0,0,20.72,20.91,0.036
"2021-09-30 22:00:00",11433,12.9,101.4004,1.521,59.52,18.54,21.15,81.2,0,0,0,21.15,21.19,0.036
"2021-09-30 23:00:00",11434,12.89,101.4335,1.665,68.69,20.41,21.12,79.91,0,0,0,20.91,21.08,0.036
"2021-10-01 00:00:00",11435,12.87,101.393,1.298,69.87,18.97,21.14,77.84,0,0,0,21.12,21.17,0.036
"2021-10-01 01:00:00",11436,12.88,101.3928,0.448,90.3,21.97,20.88,82.1,0,0,0,20.46,20.89,0.036
"2021-10-01 02:00:00",11437,12.86,101.4007,0.001,157.1,0,20.38,86.3,0,0,0,20.3,20.41,0.036
"2021-10-01 03:00:00",11438,12.85,101.2317,0.368,60.85,24.64,19.88,87.5,0,0,0,20,20.16,0.036
"2021-10-01 04:00:00",11439,12.82,101.2276,0.081,259.9,24.57,19.43,92.7,0,0,0,18.88,19.44,0.036
"2021-10-01 05:00:00",11440,12.79,101.1402,0.067,270,5.816,18.61,94,0,0,0,18.73,18.84,0.036
"2021-10-01 06:00:00",11441,12.77,101.2059,0.08,297.5,12.84,18.3,96.8,7.808,0.348,0,18.45,18.8,0.036
"2021-10-01 07:00:00",11442,12.77,101.209,0.787,301.2,30.62,19.19,92.6,75.94,3.004,0,19.07,19.84,0.036
"2021-10-01 08:00:00",11443,13.17,101.1649,1.426,314.2,31.57,20.84,86.9,185.7,8.35,0,20.61,21.83,0.036
"2021-10-01 09:00:00",11444,13.6,101.0431,1.873,350.1,31.61,22.68,77.16,362.5,15.82,0,22.88,24.71,0.036
"2021-10-01 10:00:00",11445,14.22,100.9295,2.779,352.4,31,23.91,70.9,344.7,15.99,0,25.06,25.72,0.036
"2021-10-01 11:00:00",11446,14.16,100.8645,3.806,337.2,25.11,25.78,62.7,455.2,21.28,0,26.94,27.82,0.036
"2021-10-01 12:00:00",11447,14.17,100.6938,3.599,333.5,29.88,26.5,64.25,315.3,15.7,0,27.57,28.06,0.036
"2021-10-01 13:00:00",11448,14.03,100.661,3.1,333.7,25.94,26.47,65.24,179.5,9.43,0,26.79,27.36,0.035
"2021-10-01 14:00:00",11449,13.51,100.5156,3.271,328.8,26.46,25.61,67.2,100.7,5.692,0,25.55,26.07,0.036
"2021-10-01 15:00:00",11450,13.26,100.4913,2.223,329.9,29.52,25.54,66.81,61.09,3.581,0,25.39,25.57,0.035
"2021-10-01 16:00:00",11451,13.02,100.3696,1.467,338.3,27.25,24.75,74.88,33.83,2.24,0,23.48,24.5,0.035
"2021-10-01 17:00:00",11452,12.97,100.3046,2.023,355.4,28.68,24.64,66.32,30.86,1.764,0,23.51,23.98,0.035
"2021-10-01 18:00:00",11453,12.95,100.3939,1.88,341,28.85,25,67.25,4.256,0.344,0,23.91,24.24,0.035
"2021-10-01 19:00:00",11454,12.95,100.2884,1.775,336.6,25.41,24.51,71.14,0,0,0,23.24,23.65,0.035
"2021-10-01 20:00:00",11455,12.92,100.1992,1.607,349.7,24.83,23.68,74.48,0,0,0,22.32,22.72,0.035
"2021-10-01 21:00:00",11456,12.92,100.329,1.182,334.1,18.48,23.1,77.4,0,0,0,21.96,22.17,0.035
"2021-10-01 22:00:00",11457,12.91,100.256,0.593,349.8,22.2,22.65,79.06,0,0,0,21.64,21.73,0.035
"2021-10-01 23:00:00",11458,12.89,100.1829,0.985,354.3,19.57,21.93,86.4,0,0,0,21.24,21.38,0.035
"2021-10-02 00:00:00",11459,12.87,100.1518,0.203,345.4,9.26,20.84,92.9,0,0,0,20.03,20.51,0.035
"2021-10-02 01:00:00",11460,12.85,100.2652,0.158,156.7,14.83,20.39,94.9,0,0,0,19.86,20.24,0.035
"2021-10-02 02:00:00",11461,12.84,100.2509,0.205,104.3,26.34,20.47,95.8,0,0,0,20.45,20.55,0.035
"2021-10-02 03:00:00",11462,12.81,100.2318,0.206,35.85,29.19,21.38,98.5,0,0,0,20.84,21.08,0.035
"2021-10-02 04:00:00",11463,12.79,100.1505,0.86,34.02,20.73,21.87,98.1,0,0,0.254,21.53,21.72,0.035
"2021-10-02 05:00:00",11464,12.77,100.1505,1.89,16.66,25.43,22.15,97.5,0,0,0.254,21.76,21.86,0.035
"2021-10-02 06:00:00",11465,12.76,100.2397,1.198,25.86,30.34,22.04,94,2.843,0.2,0,21.47,21.62,0.035
"2021-10-02 07:00:00",11466,12.75,100.4507,0.864,335.4,23.97,21.58,94.1,7.491,0.458,1.524,20.79,21.14,0.035
"2021-10-02 08:00:00",11467,12.75,100.3381,1.413,347,33.21,20.87,97.1,10.17,0.669,2.794,20.53,20.75,0.035
"2021-10-02 09:00:00",11468,12.74,100.1753,2.039,14.58,29.38,20.44,92.1,47.68,2.751,1.016,20.07,20.33,0.035
"2021-10-02 10:00:00",11469,13.17,100.1749,2.025,358.4,28.51,21.67,84.1,238.4,12.03,0,20.6,21.44,0.037
"2021-10-02 11:00:00",11470,13.56,100.118,1.72,5.121,28.42,23.38,76.32,335.2,16.59,0,22.46,23.46,0.041
"2021-10-02 12:00:00",11471,13.44,100.1505,1.249,327.9,25.62,24.33,74.25,226.4,12.08,0,23.9,24.84,0.044
"2021-10-02 13:00:00",11472,13.55,100.0602,1.334,337.5,28.68,25.19,78.24,295.1,14.88,0,25.28,26.31,0.045
"2021-10-02 14:00:00",11473,13.5,99.93136,0.745,140.8,38.04,25.59,78.35,314.5,15.44,0,25.22,26.18,0.047
"2021-10-02 15:00:00",11474,13.53,99.93931,1.121,100.1,31.37,24.99,82.8,219.2,10.76,0,24.83,25.98,0.047
"2021-10-02 16:00:00",11475,13.06,99.96382,0.959,122.2,32.68,23.28,89.2,37.87,2.179,0,23.01,23.76,0.048
"2021-10-02 17:00:00",11476,12.99,100.1834,1.45,159.8,64.86,21.04,99.7,4.072,0.297,16.26,19.33,21.2,0.049
"2021-10-02 18:00:00",11477,12.93,100.2504,1.02,69.68,81,19.07,100,0.471,0.043,11.18,18.45,19.13,0.109
"2021-10-02 19:00:00",11478,12.94,100.1554,1.054,66.57,56.54,19,100,0.055,0,7.62,19.02,19.09,0.125
"2021-10-02 20:00:00",11479,12.93,100.2687,0.582,150.3,52.71,19.15,100,0,0,0,19.13,19.33,0.116
"2021-10-02 21:00:00",11480,12.91,100.4067,0.673,270.5,55.79,19.45,100,0,0,10.16,19.41,19.61,0.102
"2021-10-02 22:00:00",11481,12.91,100.5426,0.534,190.3,28.72,19.55,100,0,0,0,19.41,19.66,0.112
"2021-10-02 23:00:00",11482,12.9,100.5177,0.475,204.8,22.25,19.69,100,0.007,0,0,19.64,19.84,0.1
"2021-10-03 00:00:00",11483,12.82,100.5036,0.734,178.3,31.28,19.14,100,0.055,0,0,19.2,19.35,0.094
"2021-10-03 01:00:00",11484,12.79,100.5275,0.616,183.1,35.81,18.99,100,0.048,0,0.254,19.2,19.24,0.09
"2021-10-03 02:00:00",11485,12.81,100.5467,1.133,185.3,38.58,18.89,100,0.031,0,0.254,18.91,19.13,0.088
"2021-10-03 03:00:00",11486,12.79,100.5532,1.45,179.8,42.41,18.44,100,0,0,0.254,18.59,18.7,0.086
"2021-10-03 04:00:00",11487,12.77,100.5969,1.146,171,40.92,18.24,100,0,0,0.508,18.39,18.54,0.085
"2021-10-03 05:00:00",11488,12.77,100.6778,1.499,170.7,42.54,18.09,100,0.071,0,0.254,18.26,18.34,0.085
"2021-10-03 06:00:00",11489,12.68,100.7837,1.358,167.4,42.58,18.02,100,3.173,0.167,0.254,18.14,18.27,0.084
"2021-10-03 07:00:00",11490,12.65,100.9299,1.535,174.2,48.23,17.68,99.9,14.26,0.821,0,17.83,17.95,0.084
"2021-10-03 08:00:00",11491,12.72,100.9949,1.571,186.2,44.78,17.22,100,35.94,2.282,4.318,17.5,17.61,0.083
"2021-10-03 09:00:00",11492,12.82,100.9932,2.094,167.3,43.86,17.82,97.5,215.9,11.1,0.508,17.55,18.29,0.095
"2021-10-03 10:00:00",11493,13.39,101.0417,1.819,175.4,43.89,17.89,98.4,139.8,8.9,0.254,17.94,18.26,0.095
"2021-10-03 11:00:00",11494,13.42,101.0442,1.729,181.3,45.24,16.88,99.3,147.4,9.41,0.762,17.36,17.61,0.092
"2021-10-03 12:00:00",11495,13.34,101.0043,1.576,180.9,44.54,16.62,100,106.5,7.18,1.27,17.15,17.31,0.092
"2021-10-03 13:00:00",11496,13.68,100.9465,1.64,175.4,45.69,17.18,98.6,265.9,16,0.254,17.4,18.03,0.093
"2021-10-03 14:00:00",11497,13.41,101.0274,1.556,175.2,42.83,16.47,100,100,6.658,1.778,16.85,17.28,0.092
"2021-10-03 15:00:00",11498,13.55,101.0366,1.291,180.4,44.12,16.4,99.1,133.2,8.1,0.254,16.95,17.23,0.094
"2021-10-03 16:00:00",11499,13.59,101.0449,1.357,185.3,40.04,16.51,97.6,116.2,6.568,0,16.93,17.15,0.092
"2021-10-03 17:00:00",11500,13.12,101.1584,1.245,184.3,45.05,16.62,96.7,61.42,3.177,0,16.93,17.06,0.09
"2021-10-03 18:00:00",11501,12.97,101.1918,1.024,194.4,35.1,16.43,96.5,12.81,0.687,0,16.55,16.76,0.088
"2021-10-03 19:00:00",11502,12.96,101.3251,0.564,203.7,23.66,16.22,96,0,0,0,16.48,16.51,0.086
"2021-10-03 20:00:00",11503,12.94,101.3817,1.138,191.2,38.97,16.16,95.4,0,0,0,16.12,16.35,0.085
"2021-10-03 21:00:00",11504,12.92,101.4148,0.872,199.9,32.57,15.88,95.9,0,0,0,16.09,16.11,0.083
"2021-10-03 22:00:00",11505,12.91,101.4248,0.797,196.4,29.22,15.77,95,0,0,0,15.89,16.04,0.082
"2021-10-03 23:00:00",11506,12.89,101.4825,1.033,191,38.05,15.46,96.1,0,0,0,15.68,15.74,0.081
"2021-10-04 00:00:00",11507,12.88,101.4984,0.863,200.3,32.87,15.28,96.2,0,0,0,15.58,15.64,0.08
"2021-10-04 01:00:00",11508,12.86,101.4662,0.962,200.5,30.83,15.34,95.2,0,0,0,15.58,15.62,0.079
"2021-10-04 02:00:00",11509,12.83,101.4175,0.983,199.8,34.05,15.24,97.4,0,0,0,15.43,15.57,0.079
"2021-10-04 03:00:00",11510,12.81,101.45,0.992,200.3,30.41,15.1,95.4,0,0,0,15.38,15.4,0.078
"2021-10-04 04:00:00",11511,12.79,101.4986,0.842,200.5,27.82,15.13,96,0,0,0,15.39,15.42,0.078
"2021-10-04 05:00:00",11512,12.76,101.6124,0.948,200,27.11,15.01,96.1,0,0,0,15.26,15.33,0.077
"2021-10-04 06:00:00",11513,12.73,101.6935,0.948,201,28.7,14.8,98.1,3.346,0.301,0,15.15,15.21,0.077
"2021-10-04 07:00:00",11514,12.71,101.7255,0.94,192.4,31.68,15.24,94.3,56.36,3.402,0,15.26,15.61,0.076
"2021-10-04 08:00:00",11515,12.9,101.7013,1.34,178.9,39.12,16.71,88.5,176.5,9.54,0,16.2,17.06,0.076
"2021-10-04 09:00:00",11516,13.68,101.7102,1.57,166.3,42.86,18.16,85.6,277.7,14.85,0,18.2,18.84,0.076
"2021-10-04 10:00:00",11517,13.86,101.7167,1.437,172,45,19.18,82.3,353,19.76,0,19.12,20.11,0.075
"2021-10-04 11:00:00",11518,14.09,101.6599,1.542,138.6,43.08,20.98,64.44,403.9,22.21,0,21.27,22.1,0.075
"2021-10-04 12:00:00",11519,14.12,101.5868,1.194,128.7,36.28,21.54,65.02,317,18.15,0,21.87,22.36,0.075
"2021-10-04 13:00:00",11520,14.24,101.4894,1.612,114.6,41.89,21.97,58.46,429.4,24.11,0,22.43,23.12,0.075
"2021-10-04 14:00:00",11521,14.25,101.4651,1.599,109.6,38.67,22.1,66.39,400.2,22.16,0,23.03,23.45,0.074
"2021-10-04 15:00:00",11522,14.09,101.457,1.478,101.7,31.05,21.41,68.34,229.2,13.11,0,21.89,22.41,0.074
"2021-10-04 16:00:00",11523,14.07,101.4976,1.429,108.6,36.68,21.46,66.93,249,14.2,0,22.05,22.31,0.073
"2021-10-04 17:00:00",11524,13.09,101.4813,0.897,104.3,29.62,20.65,79.63,71.25,4.091,0,20.37,21.25,0.073
"2021-10-04 18:00:00",11525,12.97,101.5057,0.503,121.6,25.97,19.65,80.1,8.52,0.633,0,19.5,19.92,0.072
"2021-10-04 19:00:00",11526,12.95,101.5169,0.48,114.1,25.18,19.22,81.9,0,0,0,19.15,19.29,0.072
"2021-10-04 20:00:00",11527,12.93,101.6045,0.721,95.7,23.91,19.45,76.39,0,0,0,19.08,19.23,0.072
"2021-10-04 21:00:00",11528,12.91,101.6537,0.622,91.1,20.73,19.51,77.18,0,0,0,19.04,19.23,0.071
"2021-10-04 22:00:00",11529,12.93,101.6309,0.793,98.7,25.79,19.42,77.37,0,0,0,18.97,19.06,0.071
"2021-10-04 23:00:00",11530,12.9,101.6476,0.47,99.1,21.89,19.48,77.85,0,0,0,19.01,19.08,0.071
"2021-10-05 00:00:00",11531,12.89,101.6279,0.919,81.9,20.56,19.62,78.27,0,0,0,19.15,19.21,0.071
"2021-10-05 01:00:00",11532,12.9,101.5814,0.326,84.3,14.47,19.3,80.9,0,0,0,18.73,18.97,0.071
"2021-10-05 02:00:00",11533,12.89,101.4855,0.3,71.51,11.42,19.07,81.7,0,0,0,18.51,18.68,0.07
"2021-10-05 03:00:00",11534,12.88,101.4636,0.09,227.9,9.28,18.26,89,0,0,0,18.09,18.27,0.07
"2021-10-05 04:00:00",11535,12.86,101.4828,0.233,249.5,17.62,17.31,94.6,0,0,0,17.28,17.67,0.07
"2021-10-05 05:00:00",11536,12.84,101.5231,0.328,234.3,19.96,17.02,93.7,0,0,0,17.36,17.42,0.07
"2021-10-05 06:00:00",11537,12.82,101.547,0.378,205.8,21.02,16.96,94.5,8.94,0.598,0,17.17,17.31,0.07
"2021-10-05 07:00:00",11538,12.83,101.5834,0.392,189.7,23,18.23,83.2,139.4,5.654,0,17.46,18.59,0.07
"2021-10-05 08:00:00",11539,13.48,101.6274,0.58,150.3,34.42,20.58,72.75,260.6,12.96,0,20.21,21.2,0.069
"2021-10-05 09:00:00",11540,13.81,101.6112,0.735,54,34.28,22.13,67.33,315.7,16.64,0,22.62,23.55,0.069
"2021-10-05 10:00:00",11541,13.98,101.5949,1.379,61.75,27.2,21.95,73.88,222.5,13.01,0,22.5,23.13,0.069
"2021-10-05 11:00:00",11542,14.14,101.53,1.911,57.89,27.16,22.21,72.54,344.4,19.65,0,23.02,23.7,0.069
"2021-10-05 12:00:00",11543,14.21,101.4326,2.074,46.79,28.21,23,66.73,581.9,30.9,0,23.82,25.31,0.069
"2021-10-05 13:00:00",11544,14.26,101.3353,2.305,30.98,28.68,23.33,70.46,521.2,28.51,0,25.52,25.99,0.069
"2021-10-05 14:00:00",11545,14.11,101.2784,2.459,40.05,27.21,22.75,74.71,343.7,19.78,0,23.75,24.97,0.068
"2021-10-05 15:00:00",11546,14.1,101.1892,2.6,49.12,25.48,22.89,70.69,370.8,19.46,0,23.35,24.58,0.068
"2021-10-05 16:00:00",11547,14.04,101.1973,2.349,44.05,26.45,22.79,74.71,231.1,12.53,0,23.48,24.44,0.068
"2021-10-05 17:00:00",11548,13.42,101.173,2.663,43.43,27.87,21.97,79.51,125.3,7.38,0,22.22,22.8,0.068
"2021-10-05 18:00:00",11549,12.99,101.2216,2.066,35.67,23.58,21.34,83.2,18.19,1.061,0,21.43,21.76,0.067
"2021-10-05 19:00:00",11550,12.96,101.2785,1.604,44.37,22.45,21.08,84.4,0,0,0,21.19,21.27,0.067
"2021-10-05 20:00:00",11551,12.95,101.3677,1.477,48.63,20.83,21.1,85.3,0,0,0,21.08,21.14,0.067
"2021-10-05 21:00:00",11552,12.93,101.4489,1.407,54.27,19.95,21.15,87.2,0,0,0,21.07,21.11,0.067
"2021-10-05 22:00:00",11553,12.93,101.4083,1.511,58.44,18.71,21.04,88.5,0,0,0,20.84,21,0.067
"2021-10-05 23:00:00",11554,12.92,101.3272,1.624,56.94,22.12,20.81,88.5,0,0,0,20.75,20.78,0.067
"2021-10-06 00:00:00",11555,12.91,101.3109,1.176,52.31,21.17,20.98,89.6,0,0,0,20.81,20.89,0.067
"2021-10-06 01:00:00",11556,12.9,101.2876,0.728,63.61,17.92,20.08,98.2,0,0,0.254,20.18,20.37,0.066
"2021-10-06 02:00:00",11557,12.86,101.1918,0.226,53.24,12.4,19.61,99.7,0,0,0,20.07,20.13,0.066
"2021-10-06 03:00:00",11558,12.87,101.1585,0,0,0,19.6,100,0,0,0.254,20.12,20.16,0.066
"2021-10-06 04:00:00",11559,12.85,101.1652,0,0,0,19.56,100,0,0,0.254,19.88,20.01,0.066
"2021-10-06 05:00:00",11560,12.82,101.2137,0.026,61.99,1.15,19.62,100,0,0,0,19.94,20,0.066
"2021-10-06 06:00:00",11561,12.82,101.2644,0,0,0,19.58,100,8.04,0.744,0,19.56,19.87,0.066
"2021-10-06 07:00:00",11562,12.8,101.2953,0,0,0,20,100,35.64,2.083,0,19.7,20.38,0.066
"2021-10-06 08:00:00",11563,12.81,101.3596,0.123,174.1,14.99,20.54,99.5,106.2,6.061,0,20.7,21.03,0.066
"2021-10-06 09:00:00",11564,13.36,101.3758,0.122,161,14.89,21.33,97,157.8,10.03,0,21.44,21.88,0.066
"2021-10-06 10:00:00",11565,13.55,101.4083,0.7,102,43.59,22.21,90.7,288.2,17.41,0,22.25,23.16,0.066
"2021-10-06 11:00:00",11566,13.5,101.3921,1.584,92.5,34.35,21.32,98.1,206.6,12.69,2.286,21.23,22.51,0.066
"2021-10-06 12:00:00",11567,14.06,101.3434,1.88,90.2,25.37,20.75,97.3,299.2,19.49,0.508,21.54,21.81,0.066
"2021-10-06 13:00:00",11568,14.18,101.3353,2.205,90.1,29.01,20.53,98,364.8,22.38,1.524,21.19,21.78,0.066
"2021-10-06 14:00:00",11569,14.11,101.3109,2.015,105.3,35.1,20.45,95.5,492.3,26.25,0,21.1,22.04,0.072
"2021-10-06 15:00:00",11570,14.06,101.2866,1.839,92.3,25.51,19.91,98.1,210.6,12.39,0.254,20.91,21.22,0.081
"2021-10-06 16:00:00",11571,14.04,101.3028,1.195,105.2,30.04,19.62,97.9,165.4,9.39,0,20.58,20.8,0.083
"2021-10-06 17:00:00",11572,13.16,101.3191,0.89,116,36.1,19.48,94.3,88.1,4.338,0,20.02,20.42,0.084
"2021-10-06 18:00:00",11573,12.99,101.3598,0.566,118,25.24,19.34,93.9,27.07,1.267,0,19.61,19.82,0.083
"2021-10-06 19:00:00",11574,12.96,101.4496,0.404,88.5,15.17,19.79,88.7,0,0,0,19.76,19.98,0.083
"2021-10-06 20:00:00",11575,12.95,101.5383,0.8,88.2,21.98,20.13,87.6,0,0,0,19.93,20,0.083
"2021-10-06 21:00:00",11576,12.91,101.5562,0.405,91.8,14.06,19.65,91.5,0,0,0,18.88,19.51,0.082
"2021-10-06 22:00:00",11577,12.93,101.5759,0.43,97,16.94,19.06,88.8,0,0,0,18.65,18.76,0.082
"2021-10-06 23:00:00",11578,12.89,101.6244,0.031,72,4.828,19.23,90.2,0,0,0,18.63,18.81,0.081
"2021-10-07 00:00:00",11579,12.9,101.5574,0.137,88.3,6.587,19.44,89.7,0,0,0,19.01,19.18,0.081
"2021-10-07 01:00:00",11580,12.89,101.5564,0.031,117.9,8.72,19.42,90.3,0,0,0,19.18,19.22,0.081
"2021-10-07 02:00:00",11581,12.87,101.5094,0,0,0,19.2,93.6,0,0,0,19.15,19.2,0.08
"2021-10-07 03:00:00",11582,12.85,101.4919,0,0,0,19.09,94.6,0,0,0,19.17,19.26,0.08
"2021-10-07 04:00:00",11583,12.83,101.4996,0.152,81.1,9.18,19.17,88.1,0,0,0,19.18,19.24,0.08
"2021-10-07 05:00:00",11584,12.81,101.5307,0.692,71.07,14.45,19.98,87.9,0,0,0,19.25,19.42,0.079
"2021-10-07 06:00:00",11585,12.8,101.5553,0.015,58.01,2.274,19.61,89.4,17.69,0.597,0,19.33,19.42,0.079
"2021-10-07 07:00:00",11586,12.85,101.6437,0.707,58.95,15.46,20.9,79.99,145,5.962,0,19.64,20.74,0.079
"2021-10-07 08:00:00",11587,13.44,101.6599,1.865,59.53,21.08,21.85,73.89,256.9,13.17,0,21.42,22.23,0.079
"2021-10-07 09:00:00",11588,13.85,101.668,2.156,61.2,24.44,22.5,76.91,353.7,18.06,0,22.97,23.59,0.079
"2021-10-07 10:00:00",11589,14,101.668,2.649,60.1,24.53,23.1,73.85,520.8,25.95,0,23.39,24.81,0.078
"2021-10-07 11:00:00",11590,13.86,101.5868,2.328,52.84,24.91,22.6,75.15,306.3,17.63,0,23.56,24.06,0.078
"2021-10-07 12:00:00",11591,14.09,101.5219,2.334,56.47,22.64,22.28,78.63,218.7,13.34,0,22.94,23.54,0.077
"2021-10-07 13:00:00",11592,14.05,101.4651,2.492,60.46,22.5,21.9,78.72,164.9,10.53,0,22.46,22.79,0.077
"2021-10-07 14:00:00",11593,14.01,101.3596,2.625,50.72,23.26,22,79.27,194.3,12.03,0,22.41,22.79,0.077
"2021-10-07 15:00:00",11594,13.22,101.3271,2.37,35.07,26.88,21.55,83.6,91.1,6.008,0,21.57,22.26,0.076
"2021-10-07 16:00:00",11595,13.21,101.2379,2.422,32.46,28.29,21.63,79,115.7,6.637,0,21.57,22.03,0.076
"2021-10-07 17:00:00",11596,13.06,101.2298,2.413,33.3,25.22,21.5,82.9,58.27,3.272,0,21.55,21.87,0.075
"2021-10-07 18:00:00",11597,12.97,101.2054,2.194,29.36,26.09,21.18,82.8,20.5,1.084,0,20.93,21.31,0.075
"2021-10-07 19:00:00",11598,12.95,101.1973,1.896,28.94,23.92,20.81,84.3,0,0,0,20.62,20.74,0.075
"2021-10-07 20:00:00",11599,12.93,101.2054,1.913,24.68,21.66,20.62,86.1,0,0,0,20.05,20.4,0.075
"2021-10-07 21:00:00",11600,12.92,101.2565,1.347,19.46,19.99,20.12,88.6,0,0,0,19.59,19.78,0.074
"2021-10-07 22:00:00",11601,12.91,101.2089,0.885,22.93,18.6,19.68,90.1,0,0,0,19.15,19.35,0.074
"2021-10-07 23:00:00",11602,12.88,101.1852,1.35,18.23,19.79,19.86,88.5,0,0,0,19.18,19.45,0.073
"2021-10-08 00:00:00",11603,12.89,101.1486,0.887,9.4,22.18,20.27,88.5,0,0,0,19.82,19.95,0.073
"2021-10-08 01:00:00",11604,12.85,101.0837,0.855,9.59,17.93,20.18,88.5,0,0,0,19.9,19.94,0.073
"2021-10-08 02:00:00",11605,12.84,100.9945,1.245,10.05,21.07,20.26,87.7,0,0,0,19.93,19.96,0.073
"2021-10-08 03:00:00",11606,12.83,100.9863,0.781,359.7,18.99,20.22,89.5,0,0,0,19.93,19.97,0.073
"2021-10-08 04:00:00",11607,12.82,100.8403,1.088,3.127,21.76,20.19,90.5,0,0,0,19.95,19.97,0.073
"2021-10-08 05:00:00",11608,12.76,100.7754,1.775,11.58,24.24,19.98,90.2,0,0,0,19.66,19.77,0.073
"2021-10-08 06:00:00",11609,12.78,100.8333,2.103,7.576,27.54,20.24,88.5,5.344,0.31,0,19.65,19.86,0.072
"2021-10-08 07:00:00",11610,12.79,100.8565,2.114,2.52,27.68,20.7,85.4,73.58,4.014,0,20.1,20.47,0.072
"2021-10-08 08:00:00",11611,13.14,100.9701,2.638,1.849,31.65,21.66,80.6,231,11.47,0,20.87,22.11,0.072
"2021-10-08 09:00:00",11612,13.25,100.8484,2.798,357.4,30.4,22.13,72.68,280.7,14.89,0,21.68,22.68,0.072
"2021-10-08 10:00:00",11613,14,100.8321,3.911,1.378,30.19,23.58,69.54,497.1,26.31,0,24.75,25.16,0.071
"2021-10-08 11:00:00",11614,14.15,100.7414,4.025,6.026,32.65,24.68,65.62,720.6,36.03,0,24.92,26.59,0.071
"2021-10-08 12:00:00",11615,14.07,100.5711,3.485,2.596,29.86,25.07,66.72,540.7,28.11,0,25.93,27.21,0.071
"2021-10-08 13:00:00",11616,14.19,100.4832,3.313,17.56,28.74,25.11,68.75,490.5,26.66,0,26.04,26.97,0.071
"2021-10-08 14:00:00",11617,14.23,100.3355,3.65,21.33,27.8,25.51,65.5,617.8,28.95,0,26.4,27.71,0.07
"2021-10-08 15:00:00",11618,14.24,100.2775,4.182,26.54,29.85,25.24,69.84,628.8,27.86,0,26.48,27.79,0.07
"2021-10-08 16:00:00",11619,13.23,100.4264,2.704,31.9,29.12,23.66,78.1,109,6.031,0,23.62,24.64,0.07
"2021-10-08 17:00:00",11620,13.17,100.3696,2.555,30.28,26.5,22.91,81.9,101.3,4.317,0,22.96,23.66,0.07
"2021-10-08 18:00:00",11621,12.98,100.2722,2.974,33.35,27.19,22.25,85.5,13.03,0.456,0,22.01,22.5,0.07
"2021-10-08 19:00:00",11622,12.96,100.4669,2.194,59.18,56.3,21.82,86.8,0,0.003,0,21.79,21.86,0.069
"2021-10-08 20:00:00",11623,12.94,100.6049,1.941,67.95,26.49,21.61,91.2,0,0,0,21.38,21.68,0.069
"2021-10-08 21:00:00",11624,12.93,100.6132,1.57,57.11,26.07,21.5,90.2,0,0,0,21.29,21.44,0.069
"2021-10-08 22:00:00",11625,12.92,100.613,1.17,63.9,16.67,21.36,91.2,0,0,0,21.01,21.14,0.069
"2021-10-08 23:00:00",11626,12.91,100.5725,1.623,52.58,21.27,21.57,87.8,0,0,0,21.04,21.26,0.069
"2021-10-09 00:00:00",11627,12.9,100.5562,1.877,41.71,25.18,21.88,85.1,0,0,0,21.4,21.55,0.068
"2021-10-09 01:00:00",11628,12.89,100.4832,2.204,24.3,25.96,22.05,87.2,0,0,0,21.64,21.73,0.068
"2021-10-09 02:00:00",11629,12.87,100.4507,1.632,19.26,25.08,21.82,88.4,0,0,0,20.95,21.42,0.068
"2021-10-09 03:00:00",11630,12.85,100.3939,0.712,12.96,17.83,20.81,91.8,0,0,0,19.58,20.34,0.068
"2021-10-09 04:00:00",11631,12.84,100.3549,0.562,3.27,16.22,19.94,88.9,0,0,0,19.08,19.26,0.068
"2021-10-09 05:00:00",11632,12.81,100.3499,0.892,359.4,20.7,19.88,89.3,0,0,0,18.93,19.05,0.068
"2021-10-09 06:00:00",11633,12.8,100.4401,0.684,355.7,23.26,19.71,88.8,17.6,1.036,0,18.86,18.99,0.068
"2021-10-09 07:00:00",11634,12.82,100.4589,1.443,353.8,27.2,21.45,77.91,187.1,7.426,0,19.31,21.06,0.068
"2021-10-09 08:00:00",11635,13.39,100.4345,2.842,358.5,28.82,23.35,68.47,427,17.95,0,22.78,24.31,0.067
"2021-10-09 09:00:00",11636,14.08,100.3903,3.022,354.7,29.03,24.83,65.62,650,29.07,0,25.88,27.08,0.067
"2021-10-09 10:00:00",11637,14.14,100.316,2.856,1.185,31.58,26.1,61.25,823,38.41,0,27.78,28.8,0.067
"2021-10-09 11:00:00",11638,14.14,100.1871,2.695,350.1,30.59,28.15,54.94,936,44.77,0,29.88,31.31,0.067
"2021-10-09 12:00:00",11639,14.22,100.1138,2.94,355.8,31.9,29.92,48.7,976,46.98,0,32.15,33.09,0.066
"2021-10-09 13:00:00",11640,14.2,100.0413,2.89,17.99,31.36,30.4,58.26,944,44.82,0,33.26,33.93,0.066
"2021-10-09 14:00:00",11641,14.24,99.96763,3.216,29.85,29.19,29.45,62.52,850,39.76,0,32.08,33.17,0.066
"2021-10-09 15:00:00",11642,14.16,99.94224,3.351,30.83,27.52,28.2,66.15,676.9,30.68,0,30.36,31.62,0.066
"2021-10-09 16:00:00",11643,14.14,100.1295,2.553,59.46,33.48,27.57,67.36,431.2,18.33,0,29.1,29.79,0.065
"2021-10-09 17:00:00",11644,13.31,100.3777,2.421,108.8,44.5,25.19,83.6,169.9,7.672,0,24.52,26.56,0.065
"2021-10-09 18:00:00",11645,12.99,100.5075,2.943,154.2,38.12,22.69,88.2,32.69,1.503,0,22.47,23.4,0.065
"2021-10-09 19:00:00",11646,12.95,100.6374,3.198,152.9,40.21,22.23,84.7,0,0.004,0,22.3,22.51,0.064
"2021-10-09 20:00:00",11647,12.93,100.8484,3.42,158.3,39.07,22.2,88.2,0,0,0,22.05,22.48,0.064
"2021-10-09 21:00:00",11648,12.92,100.9709,2.613,162.4,45.82,20.71,90.2,0,0,0,20.86,21.14,0.064
"2021-10-09 22:00:00",11649,12.91,101.0026,2.159,160.9,41.73,21.39,88.2,0,0,0,21.09,21.63,0.064
"2021-10-09 23:00:00",11650,12.9,101.1102,1.826,173.4,48.71,20.74,85,0,0,0,20.86,21.01,0.064
"2021-10-10 00:00:00",11651,12.89,101.1163,2.073,167.2,45.73,21.35,80.8,0,0,0,21.06,21.44,0.064
"2021-10-10 01:00:00",11652,12.89,101.1739,2.298,170.6,45.34,21.06,79.04,0,0,0,21.05,21.21,0.063
"2021-10-10 02:00:00",11653,12.87,101.2226,2.033,169.4,48.37,20.72,80.8,0,0,0,20.68,20.89,0.063
"2021-10-10 03:00:00",11654,12.84,101.2779,2.144,170,49.04,19.52,81.5,0,0,0,19.12,19.61,0.063
"2021-10-10 04:00:00",11655,12.84,101.3426,1.689,171.1,48.69,19.45,85.6,0,0,0,19.27,19.56,0.063
"2021-10-10 05:00:00",11656,12.82,101.4323,1.724,173.2,45.99,18.8,89.2,0,0,0,18.57,19.08,0.063
"2021-10-10 06:00:00",11657,12.79,101.5954,1.925,173.4,46.62,18.44,94.6,4.173,0.402,0,18.16,18.69,0.063
"2021-10-10 07:00:00",11658,12.79,101.6848,1.921,170.2,48.82,17.73,91.2,74.42,4.085,0,17.97,18.21,0.063
"2021-10-10 08:00:00",11659,13.3,101.7726,1.967,169.9,48.47,18.87,87.6,185.9,10.44,0,18.52,19.19,0.063
"2021-10-10 09:00:00",11660,13.64,101.8147,2.218,161.1,42.76,20.12,77.1,306.5,16.66,0,19.84,20.84,0.063
"2021-10-10 10:00:00",11661,13.61,101.879,2.412,155.9,43.19,19.88,93.5,274.4,15.45,0,18.88,20.77,0.063
"2021-10-10 11:00:00",11662,14.1,101.8952,2.621,157.1,48.77,20.6,72.69,482,27.14,0,19.19,21.69,0.063
"2021-10-10 12:00:00",11663,14.23,101.8709,3.412,148.5,36.2,21.91,65.38,692.9,36.49,0,22.09,23.65,0.063
"2021-10-10 13:00:00",11664,14.21,101.8709,3.247,153.9,40.03,22.58,64.09,718.3,37.19,0,23.64,24.64,0.063
"2021-10-10 14:00:00",11665,14.17,101.9033,3.049,152.2,38.72,22.4,72.06,577.4,29.47,0,23.16,24.53,0.062
"2021-10-10 15:00:00",11666,14.01,101.9195,2.882,148.4,38.58,20.53,93.9,417,22.17,0.254,20.29,22.28,0.062
"2021-10-10 16:00:00",11667,14.1,101.9873,2.21,155,39.85,18.95,90.6,267.9,14.95,0,19.2,20.18,0.062
"2021-10-10 17:00:00",11668,13.4,102.0743,1.508,165.3,37.72,17.61,95.1,102.6,5.081,0.762,18.16,18.65,0.062
"2021-10-10 18:00:00",11669,12.97,102.1318,1.148,162.9,39.89,17.42,90.2,25.73,1.457,0,17.59,18.16,0.062
"2021-10-10 19:00:00",11670,12.94,102.256,0.361,184.3,27.54,16.93,95.1,0,0.002,0.254,17.52,17.59,0.062
"2021-10-10 20:00:00",11671,12.92,102.3487,0.151,203.2,17.59,16.69,90.8,0,0,0,17.1,17.38,0.062
"2021-10-10 21:00:00",11672,12.91,102.4079,0.122,191,17.24,16.49,87.8,0,0,0,16.5,16.85,0.061
"2021-10-10 22:00:00",11673,12.91,102.3836,0.088,200.5,11.76,15.92,86.6,0.043,0,0,15.94,16.2,0.061
"2021-10-10 23:00:00",11674,12.9,102.3917,0.437,206.8,22.59,15.86,85.4,0,0,0,15.64,16.05,0.061
"2021-10-11 00:00:00",11675,12.88,102.3754,0.566,204.3,25.76,15.74,87.2,0,0,0,15.64,15.91,0.061
"2021-10-11 01:00:00",11676,12.87,102.3267,0.601,213.5,24.58,15.67,88.3,0,0,0,15.96,16.03,0.061
"2021-10-11 02:00:00",11677,12.85,102.2943,0.184,224.9,15.11,15.6,89.4,0,0,0,16.05,16.11,0.061
"2021-10-11 03:00:00",11678,12.83,102.2456,0.437,213.5,22.77,15.59,87.9,0,0,0,15.88,16.01,0.061
"2021-10-11 04:00:00",11679,12.81,102.2293,0.719,213.7,25.25,15.34,87.4,0,0,0,15.6,15.69,0.061
"2021-10-11 05:00:00",11680,12.78,102.2374,0.499,211.1,20.33,14.88,88.2,0,0,0,15.01,15.17,0.061
"2021-10-11 06:00:00",11681,12.74,102.3024,0.499,213.3,22.22,15.1,84.4,11.77,0.692,0,15.04,15.4,0.061
"2021-10-11 07:00:00",11682,12.76,102.3095,0.735,211.2,28.95,16.07,75.25,83.5,4.383,0,15.75,16.42,0.061
"2021-10-11 08:00:00",11683,13.26,102.3304,0.754,172.2,35.77,17.97,68.79,212.4,10.7,0,17.22,18.48,0.061
"2021-10-11 09:00:00",11684,13.85,102.3334,1.1,159.6,44.44,20.29,57.87,413.4,21.22,0,19.95,21.41,0.061
"2021-10-11 10:00:00",11685,14.08,102.2928,0.976,105.8,45.82,21.41,45.77,597,28.43,0,21.8,23.15,0.06
"2021-10-11 11:00:00",11686,14.2,102.2279,1.79,75.05,46.49,22.16,49.49,837,41.2,0,24.58,25.69,0.06
"2021-10-11 12:00:00",11687,14.21,102.1386,1.831,73.28,44.95,22.39,46.72,917,45.12,0,24.66,26.12,0.06
"2021-10-11 13:00:00",11688,14.08,102.0169,2.278,63.61,38.76,22.38,49.98,957,46.5,0,25.66,26.56,0.06
"2021-10-11 14:00:00",11689,14.37,101.9114,2.752,48.45,32.33,22.5,46.5,909,42.98,0,26.26,27.07,0.06
"2021-10-11 15:00:00",11690,14.28,101.7897,2.98,47.15,30.74,22.27,55.18,740.5,34.06,0,25.45,26.55,0.06
"2021-10-11 16:00:00",11691,14.28,101.7897,3.128,51.45,25.49,21.7,55.47,520.1,22.44,0,24.02,24.94,0.06
"2021-10-11 17:00:00",11692,13.56,101.7897,2.722,48.37,25.95,20.83,59.86,268.5,10.66,0,20.92,22.79,0.06
"2021-10-11 18:00:00",11693,12.97,101.8199,2.029,38.21,24.68,18.94,67.21,22.6,2.119,0,18.62,19.61,0.059
"2021-10-11 19:00:00",11694,12.94,101.8325,1.298,22.78,21.3,17.37,72.83,0,0.005,0,17.27,17.89,0.059
"2021-10-11 20:00:00",11695,12.91,101.8153,0.494,17.45,14.3,15.89,78.7,0,0,0,15.91,16.53,0.059
"2021-10-11 21:00:00",11696,12.9,101.791,0.046,299.3,5.37,14.67,83.7,0,0,0,14.18,14.76,0.059
"2021-10-11 22:00:00",11697,12.88,101.791,0.216,312.6,12.73,14.27,81.8,0,0,0,13.92,14.08,0.059
"2021-10-11 23:00:00",11698,12.87,101.7585,0.314,308.7,13.07,14.32,84.1,0,0,0,13.76,13.93,0.059
"2021-10-12 00:00:00",11699,12.86,101.6854,0.489,306.3,13.98,13.84,85.1,0,0,0,13.6,13.75,0.059
"2021-10-12 01:00:00",11700,12.85,101.588,0.317,312.8,11.06,13.33,89.6,0,0,0,13.25,13.61,0.058
"2021-10-12 02:00:00",11701,12.83,101.515,0.156,309.1,8.39,12.52,90.4,0,0,0,12.44,12.79,0.058
"2021-10-12 03:00:00",11702,12.81,101.4423,0.08,315.8,6.443,12.03,94.4,0,0,0,12.26,12.45,0.058
"2021-10-12 04:00:00",11703,12.78,101.4099,0.057,316,5.441,12.21,91,0,0,0,12.24,12.37,0.058
"2021-10-12 05:00:00",11704,12.75,101.4101,0.044,315.6,4.99,12.56,90.9,0,0,0,12.39,12.51,0.058
"2021-10-12 06:00:00",11705,12.73,101.4013,0.164,335,10.07,12.77,87,23.29,1.148,0,12.47,12.76,0.058
"2021-10-12 07:00:00",11706,12.8,101.4124,1.666,337.2,22.99,16.02,69.13,210,7.449,0,13.6,15.97,0.058
"2021-10-12 08:00:00",11707,13.53,101.4003,2.494,348.4,28.03,19.67,57.64,456.7,18.08,0,18.26,20.84,0.058
"2021-10-12 09:00:00",11708,14.09,101.3515,3.358,357.1,30.12,21.85,53.64,681.2,29.17,0,23.22,24.37,0.058
"2021-10-12 10:00:00",11709,14.21,101.2765,2.992,355.7,33.81,24,48.87,857,38.38,0,25.61,26.86,0.058
"2021-10-12 11:00:00",11710,14.2,101.1709,3.03,356.5,28.68,25.89,46.85,960,43.69,0,28.1,29.44,0.058
"2021-10-12 12:00:00",11711,14.24,101.0327,2.894,10.63,29.29,26.46,42.4,772.3,37.15,0,27.83,29.22,0.058
"2021-10-12 13:00:00",11712,14.28,100.9831,3.042,14.74,33.24,27.8,53.84,955,43.72,0,30.65,31.54,0.058
"2021-10-12 14:00:00",11713,14.3,100.8671,3.444,32.22,26.54,26.46,57.11,875,39.45,0,30.06,30.53,0.057
"2021-10-12 15:00:00",11714,14.23,100.7967,3.586,33.26,28.17,25.76,60.03,717,31.53,0,28.66,29.38,0.057
"2021-10-12 16:00:00",11715,14.23,100.7834,3.415,30.04,30.07,25.13,62.06,504.8,20.7,0,26.97,27.99,0.057
"2021-10-12 17:00:00",11716,13.51,100.8159,2.897,27.65,27.33,23.88,68.27,229.6,9.5,0,23.6,25.47,0.056
"2021-10-12 18:00:00",11717,12.97,100.8484,2.547,25.1,28.32,21.84,78.95,23.76,1.866,0,21.34,22.3,0.056
"2021-10-12 19:00:00",11718,12.94,100.9063,1.902,20.45,23.05,20.63,85.1,0,0.006,0,20.44,20.86,0.056
"2021-10-12 20:00:00",11719,12.92,100.9204,1.265,12.65,20.09,20.03,89.1,0,0,0,19.75,20.16,0.056
"2021-10-12 21:00:00",11720,12.91,100.9696,0.536,0.415,15.71,19.17,92.5,0,0,0,18.31,19.03,0.056
"2021-10-12 22:00:00",11721,12.89,100.9746,0.028,311.8,3.965,18.19,95.3,0,0,0,17.55,17.84,0.056
"2021-10-12 23:00:00",11722,12.89,100.9504,0.036,314.2,4.145,17.99,96.9,0,0,0,17.55,17.71,0.056
"2021-10-13 00:00:00",11723,12.87,100.8719,0.148,314.3,8.13,17.46,98.5,0,0,0,17.33,17.47,0.056
"2021-10-13 01:00:00",11724,12.86,100.8552,0.372,306.9,12.71,17.45,98.8,0,0,0,17.35,17.52,0.055
"2021-10-13 02:00:00",11725,12.84,100.7913,0.269,314.1,12.57,17.28,99.7,0,0,0,17.28,17.39,0.055
"2021-10-13 03:00:00",11726,12.83,100.7415,0.457,320.1,15.47,17.12,100,0,0,0,17.13,17.27,0.055
"2021-10-13 04:00:00",11727,12.81,100.7428,0.084,320.8,7.003,17.09,100,0,0,0,16.22,16.81,0.055
"2021-10-13 05:00:00",11728,12.79,100.7598,0,0,0,16.77,100,0,0,0,15.01,15.57,0.055
"2021-10-13 06:00:00",11729,12.77,100.8087,0.016,360,3.189,16.67,100,22.43,1.255,0,15.24,15.66,0.055
"2021-10-13 07:00:00",11730,12.82,100.8352,1.079,356.8,19.85,18.75,88.5,215,7.982,0,16.93,18.89,0.055
"2021-10-13 08:00:00",11731,13.47,100.7916,2.192,355.4,26.99,21.83,69.33,461.8,18.62,0,20.03,22.06,0.055
"2021-10-13 09:00:00",11732,13.92,100.7806,2.292,353.7,30.71,25.13,53.13,694.1,29.97,0,24.92,27.25,0.055
"2021-10-13 10:00:00",11733,14.12,100.6975,2.446,0.801,28.78,27.93,44.67,867,39.03,0,28.99,30.45,0.055
"2021-10-13 11:00:00",11734,14.07,100.6152,2.379,1.75,29.84,30.81,33.97,981,45.17,0,32.34,33.68,0.055
"2021-10-13 12:00:00",11735,14.16,100.494,2.588,357.4,31.87,33.48,25.22,1025,47.63,0,34.76,35.99,0.054
"2021-10-13 13:00:00",11736,14.16,100.4535,2.742,33.74,26.68,33.35,43,1001,45.25,0,36.22,36.72,0.054
"2021-10-13 14:00:00",11737,14.19,100.4209,3.152,34.72,30.26,31.97,51.42,959,43.28,0,34.26,35.95,0.054
"2021-10-13 15:00:00",11738,14.16,100.357,3.366,29.97,30.41,29.45,56.53,765.6,33.49,0,32.74,33.42,0.053
