"TOA5","Science Centre AWS","CR1000","88296","CR1000.Std.31.08","CPU:Vasi_Science Centre AWS.CR1","64103","Hourly"
"TIMESTAMP","RECORD","BattV_Min","BP_kPa","WS_ms_S_WVT","WindDir_D1_WVT","WindDir_SD1_WVT","AirTC_Avg","RH","SlrW_Avg","CUV5_W_Avg","Rain_mm_Tot","T107_C_Min","T107_C_Avg","VW_Avg"
"TS","RN","Volts","kPa","meters/second","Deg","Deg","Deg C","%","W/m^2","W/m^2","mm","Deg C","Deg C",""
"","","Min","Smp","WVc","WVc","WVc","Avg","Smp","Avg","Avg","Tot","Min","Avg","Avg"
"2020-12-08 15:00:00",4322,14.31,101.1206,3.461,35.28,28.73,28.2,64.12,848,41.19,0,31.84,32.88,0.063
"2020-12-08 16:00:00",4323,14.17,101.065,3.474,28.27,28.89,27.66,62.8,652,30.28,0,30.79,31.86,0.062
"2020-12-08 17:00:00",4324,13.64,101.0423,3.195,33.54,30.48,27.23,66.04,419.1,18.12,0,28.76,30.15,0.061
"2020-12-08 18:00:00",4325,13,101.1085,2.874,24.9,29.55,25.64,73.98,156.9,7.167,0,25.3,26.44,0.061
"2020-12-08 19:00:00",4326,12.96,101.1264,2.543,33.6,28.97,24.21,84.5,9.02,0.899,0,24.07,24.69,0.061
"2020-12-08 20:00:00",4327,12.96,101.1577,1.811,33.16,27.19,23.35,87.4,0,0,0,23.44,23.72,0.061
"2020-12-08 21:00:00",4328,12.95,101.1576,1.892,26.86,24.79,23.09,88.9,0,0,0,23.14,23.25,0.061
"2020-12-08 22:00:00",4329,12.94,101.1334,2.125,22.9,25.08,23.06,86.6,0,0,0,22.97,23.08,0.06
"2020-12-08 23:00:00",4330,12.93,101.1253,1.74,13.34,29.5,23.06,87.2,0,0,0,22.87,22.99,0.06
"2020-12-09 00:00:00",4331,12.93,101.0685,0.424,357.2,22.13,22.68,92.1,0,0,0,22.81,23.2,0.06
"2020-12-09 01:00:00",4332,12.9,101.0117,0.039,323,7.29,21.44,96,0,0,0,21.96,22.29,0.06
"2020-12-09 02:00:00",4333,12.89,100.9548,0.044,278.1,6.566,20.72,97.5,0,0,0,21.51,21.82,0.06
"2020-12-09 03:00:00",4334,12.87,100.9061,0.33,311.3,16.15,20.88,97.2,0,0,0,21.29,21.71,0.06
"2020-12-09 04:00:00",4335,12.86,100.898,0.44,319,25.25,21.09,98.2,0,0,0,21.75,21.94,0.06
"2020-12-09 05:00:00",4336,12.84,100.8818,0.362,343.9,22.86,21.3,98.7,0.834,0.104,0,21.93,22.08,0.06
"2020-12-09 06:00:00",4337,12.83,100.9142,0.402,347.8,18.7,21.43,97.4,53.03,2.764,0,22.04,22.38,0.06
"2020-12-09 07:00:00",4338,13.14,100.9224,1.671,330.8,33.03,21.99,96.7,113.5,6.301,0,22.34,22.81,0.06
"2020-12-09 08:00:00",4339,13.5,100.8937,1.724,331.8,33.46,22.8,90.1,223.2,13.8,0,22.66,23.63,0.06
"2020-12-09 09:00:00",4340,13.69,100.8325,2.144,337.8,37.55,24.7,75.35,553.3,28.33,0,24.06,25.93,0.06
"2020-12-09 10:00:00",4341,14.11,100.6969,2.635,355.5,40.34,26.83,69.83,793.3,40.42,0,27.58,29.2,0.059
"2020-12-09 11:00:00",4342,14.16,100.6158,2.849,3.872,38.19,27.78,62.37,731.5,38.81,0,29.58,30.61,0.059
"2020-12-09 12:00:00",4343,14.08,100.4347,3.283,5.789,40.79,29.04,60.46,1008,51.24,0,31.87,32.63,0.059
"2020-12-09 13:00:00",4344,14.17,100.3885,4.228,19.38,32.85,28.73,66.58,856,45.08,0,31.17,32.26,0.058
"2020-12-09 14:00:00",4345,14.17,100.3156,3.652,29.25,29.24,28.04,68.88,758.2,39.5,0,30.54,31.69,0.058
"2020-12-09 15:00:00",4346,14.23,100.2267,4.248,29.3,27.94,27.81,70.16,851,40.83,0,31.09,31.89,0.057
"2020-12-09 16:00:00",4347,14.11,100.1553,4.43,30.71,29.81,27.05,71.95,716.9,31.6,0,30.03,30.84,0.057
"2020-12-09 17:00:00",4348,13.82,100.1663,4.304,29.82,31.86,25.94,76.22,408.2,17.43,0,27.49,28.56,0.056
"2020-12-09 18:00:00",4349,13,100.2158,3.537,24.76,28.18,25.17,80.8,150.1,6.763,0,25.22,26,0.056
"2020-12-09 19:00:00",4350,12.95,100.2981,2.658,31.6,26.07,24.06,84.2,10.55,0.873,0,24.1,24.59,0.056
"2020-12-09 20:00:00",4351,12.94,100.3771,2.11,27.38,25.54,23.61,86.1,0,0,0,23.78,23.88,0.056
"2020-12-09 21:00:00",4352,12.92,100.4747,1.885,24.34,25.77,23.64,87.8,0,0,0,23.7,23.83,0.056
"2020-12-09 22:00:00",4353,12.91,100.4989,1.845,19.22,25.88,23.73,88.2,0,0,0,23.79,23.98,0.056
"2020-12-09 23:00:00",4354,12.92,100.5081,1.299,16.27,26.42,23.32,89.1,0,0,0,23.34,23.54,0.055
"2020-12-10 00:00:00",4355,12.91,100.5408,0.35,351.6,30.25,23.19,89.8,0,0,0,23.39,23.66,0.055
"2020-12-10 01:00:00",4356,12.85,100.4434,0.75,17.71,20.04,22.88,94.1,0,0,0,23.14,23.54,0.055
"2020-12-10 02:00:00",4357,12.82,100.4353,0.171,351.7,16.15,22.4,95.8,0,0,0,22.95,23.03,0.055
"2020-12-10 03:00:00",4358,12.82,100.4515,0,0,0,22.08,97.4,0,0,0,22.45,22.97,0.055
"2020-12-10 04:00:00",4359,12.81,100.4678,0,0,0,21.56,98.3,0,0,0,21.75,21.96,0.055
"2020-12-10 05:00:00",4360,12.8,100.4678,0.118,13.85,10.61,21.25,98.5,1.183,0.111,0,21.3,21.57,0.055
"2020-12-10 06:00:00",4361,12.8,100.6058,0.078,351.3,11.65,21.97,94.1,72.26,3.361,0,21.69,22.63,0.055
"2020-12-10 07:00:00",4362,13.08,100.646,0.923,6.21,29.74,24.39,82.6,286,12.1,0,24.36,26.23,0.055
"2020-12-10 08:00:00",4363,13.69,100.6168,1.915,20.08,31.05,26.15,74.8,506,22.75,0,27.71,28.03,0.055
"2020-12-10 09:00:00",4364,14.01,100.5809,1.74,18.38,28.17,27.48,72.44,645.7,31.29,0,28.32,29.59,0.054
"2020-12-10 10:00:00",4365,14.07,100.524,1.905,31.84,37.73,28.56,69.79,765,38.74,0,30.36,31.83,0.054
"2020-12-10 11:00:00",4366,14.01,100.4997,2.326,45.46,32.55,29.13,71.16,883,46.03,0,32.01,33.55,0.054
"2020-12-10 12:00:00",4367,14.08,100.4203,3.146,57.15,27.76,29.2,71.82,1002,51.36,0,31.71,33.61,0.053
"2020-12-10 13:00:00",4368,14.12,100.3086,3.384,51.1,28.92,29.21,74.38,1027,52.03,0,33.2,34.35,0.052
"2020-12-10 14:00:00",4369,14.1,100.2171,3.352,48.19,29.06,29.22,72.09,957,47.61,0,33.72,34.45,0.051
"2020-12-10 15:00:00",4370,14.23,100.1547,3.108,48.58,26.93,28.16,77.6,566.6,29.69,0,31.49,32.5,0.051
"2020-12-10 16:00:00",4371,14.13,100.1654,3.116,40.85,26.75,27.28,80.4,414.2,21.09,0,29.4,30.79,0.051
"2020-12-10 17:00:00",4372,13.62,100.1346,2.615,44.4,27.13,26.25,85.6,160.2,8.98,0,27.33,28.42,0.05
"2020-12-10 18:00:00",4373,12.96,100.2644,2.006,40.93,27.04,25.24,88.6,25.91,1.604,0,26.05,26.54,0.05
"2020-12-10 19:00:00",4374,12.91,100.2888,1.025,34.32,22.47,24.88,90.5,1.081,0.154,0,25.65,25.85,0.05
"2020-12-10 20:00:00",4375,12.89,100.4955,0.518,37.32,38.67,24.66,95.2,0,0,0.254,25.52,25.65,0.049
"2020-12-10 21:00:00",4376,12.92,100.3429,0.286,12.96,29.45,24.13,97.8,0,0,0,25.06,25.34,0.049
"2020-12-10 22:00:00",4377,12.91,100.3583,0.87,359.6,30.09,23.87,98.1,0,0,0.254,24.51,24.71,0.049
"2020-12-10 23:00:00",4378,12.92,100.4101,0.385,22.87,22.71,23.85,98.3,0,0,0,24.51,24.73,0.049
"2020-12-11 00:00:00",4379,12.89,100.3453,0.626,26.55,26.91,23.76,98.4,0,0,0.254,24.29,24.41,0.049
"2020-12-11 01:00:00",4380,12.9,100.3698,0.139,0.442,19.99,23.53,98.9,0,0,0,24.12,24.21,0.049
"2020-12-11 02:00:00",4381,12.87,100.4348,0.011,4.606,3.186,23.35,99.3,0,0,0,23.99,24.12,0.049
"2020-12-11 03:00:00",4382,12.86,100.4353,0,0,0,22.9,99.8,0,0,0,23.41,23.69,0.049
"2020-12-11 04:00:00",4383,12.84,100.346,0.53,18.87,13.98,22.71,99.9,0,0,0,23.19,23.31,0.049
"2020-12-11 05:00:00",4384,12.84,100.2567,2.102,18.65,26.94,23.04,95.6,0.121,0.035,0,23.04,23.21,0.049
"2020-12-11 06:00:00",4385,12.83,100.3704,1.518,17.34,26.06,23.48,91.5,32.41,1.847,0,23,23.09,0.049
"2020-12-11 07:00:00",4386,12.91,100.3803,1.623,15.35,26.84,24.19,86.9,152.3,7.816,0,23.26,24.09,0.049
"2020-12-11 08:00:00",4387,13.57,100.3538,1.773,9.84,30.52,25.9,74.75,305.5,15.88,0,24.75,25.91,0.048
"2020-12-11 09:00:00",4388,14.04,100.3465,2.435,2.111,36.3,28.3,64.99,665.5,32.05,0,27.05,28.64,0.048
"2020-12-11 10:00:00",4389,14.07,100.2726,2.753,2.265,37.84,30.63,60.2,896,44.06,0,30.13,32.24,0.048
"2020-12-11 11:00:00",4390,14.05,100.2073,2.415,3.104,38.42,32.26,52.81,919,46.82,0,32.9,35.02,0.047
"2020-12-11 12:00:00",4391,14.11,100.1359,2.477,20.64,36.8,33.25,65.85,879,45.33,0,35.78,36.57,0.047
"2020-12-11 13:00:00",4392,14.17,100.0709,2.985,32.52,25.44,31.38,67.77,925,47.02,0,34.95,35.84,0.046
"2020-12-11 14:00:00",4393,14.22,100.0066,3.105,32.43,28.87,31.58,63.63,963,47.35,0,35.98,36.68,0.045
"2020-12-11 15:00:00",4394,14.19,99.92539,3.035,39.37,27.01,31.58,64.39,824,39.38,0,36.11,36.56,0.045
"2020-12-11 16:00:00",4395,13.99,99.91868,2.938,25.65,27.84,30.13,67.09,615.6,28.38,0,33.79,34.66,0.044
"2020-12-11 17:00:00",4396,13.72,99.91529,2.619,27.09,28,28.28,76.75,153.6,9.15,0,28.79,30.54,0.044
"2020-12-11 18:00:00",4397,12.97,100.0453,1.859,30.21,25.29,26.58,81.4,13.02,0.925,0,27.17,27.69,0.043
"2020-12-11 19:00:00",4398,12.96,100.1508,0.74,24.45,17.43,26.01,85.9,0,0.018,0,26.6,26.96,0.043
"2020-12-11 20:00:00",4399,12.95,100.3088,0.731,199.9,54.35,24.63,93.5,0,0,0.254,24.88,25.47,0.043
"2020-12-11 21:00:00",4400,12.95,100.409,0.229,198.3,32,23.89,96.3,0,0,0.254,24.72,24.83,0.043
"2020-12-11 22:00:00",4401,12.94,100.3934,0.274,52.37,41.91,23.68,96.3,0,0,0.254,24.57,24.78,0.043
"2020-12-11 23:00:00",4402,12.94,100.4839,0.504,265.2,39.8,23.78,96.4,0,0,0,24.21,24.45,0.043
"2020-12-12 00:00:00",4403,12.91,100.1749,1.05,25.13,42.53,23.86,95.1,0,0,0,23.88,24.28,0.042
"2020-12-12 01:00:00",4404,12.88,100.2806,0.952,354.1,52.19,24.12,95.4,0,0,0,23.85,24.03,0.043
"2020-12-12 02:00:00",4405,12.84,100.2461,0.664,334.4,28.98,24.49,95.5,0,0,0,24.22,24.33,0.042
"2020-12-12 03:00:00",4406,12.87,100.3608,0.159,228.2,41.61,24.12,97.7,0,0,0,23.97,24.25,0.042
"2020-12-12 04:00:00",4407,12.86,100.4103,0.176,194.4,17.01,23.48,98.9,0,0,0,23.45,23.7,0.042
"2020-12-12 05:00:00",4408,12.84,100.5084,0.057,157.5,11.01,23.25,99.4,0.708,0.079,0,23.4,23.55,0.042
"2020-12-12 06:00:00",4409,12.83,100.67,0.149,188.5,16.15,23.48,99,50.72,2.547,0,23.67,24.06,0.042
"2020-12-12 07:00:00",4410,12.95,100.711,0.811,177.4,38.97,24.89,91,254.8,10.82,0,24.4,25.89,0.042
"2020-12-12 08:00:00",4411,13.65,100.6731,1.279,103.2,44.32,27.66,84.1,463.8,21.43,0,28.44,29.1,0.042
"2020-12-12 09:00:00",4412,14.04,100.6474,2.332,70.56,30.67,28.47,78.59,724.7,34.24,0,29.07,29.85,0.042
"2020-12-12 10:00:00",4413,14.09,100.5979,2.244,60.19,31.74,29.66,71.96,896,44.04,0,30.86,32.34,0.041
"2020-12-12 11:00:00",4414,14.09,100.5821,1.81,50.65,37.96,30.8,65.14,1023,50.98,0,33.83,35.25,0.041
"2020-12-12 12:00:00",4415,14.14,100.5567,1.575,45.88,44.5,32.27,65.11,1070,53.69,0,36.19,37.44,0.041
"2020-12-12 13:00:00",4416,14.12,100.4539,1.678,43.78,50.88,33.56,59.69,1040,52.23,0,37.73,39.1,0.04
"2020-12-12 14:00:00",4417,14.09,100.4121,2.299,71.25,31.75,33.55,60.13,972,47.46,0,37.11,38.67,0.039
"2020-12-12 15:00:00",4418,14.07,100.406,2.097,77.22,28.17,32.36,62.53,753.5,36.72,0,35.61,37.4,0.039
"2020-12-12 16:00:00",4419,14,100.3608,2.143,74.48,25.79,30.28,70.52,398.7,20.92,0,32.63,33.72,0.039
"2020-12-12 17:00:00",4420,13.85,100.4105,1.969,58.64,25.6,28.92,77.17,307.1,14.9,0,30.78,32.52,0.038
"2020-12-12 18:00:00",4421,13,100.4998,2.315,63.42,22.8,26.87,83.8,98,5.544,0,27.48,28.8,0.038
"2020-12-12 19:00:00",4422,12.94,100.5906,1.136,73.15,30.27,25.63,92.1,10.98,0.792,0,26.32,26.9,0.038
"2020-12-12 20:00:00",4423,12.88,100.7239,0.213,113.4,35.6,24.74,95.9,0,0,0,25.68,25.99,0.038
"2020-12-12 21:00:00",4424,12.88,100.8556,0.439,183.9,35.76,24.47,97.3,0,0,0,25.23,25.42,0.037
"2020-12-12 22:00:00",4425,12.89,100.938,0.122,198.7,11.11,24.41,97.2,0,0,0,25.28,25.39,0.037
"2020-12-12 23:00:00",4426,12.88,100.9302,0.023,180.1,8.48,24.1,98.6,0,0,0,24.78,24.9,0.037
"2020-12-13 00:00:00",4427,12.87,100.9624,0.041,160.9,6.906,24.19,99,0,0,0,24.85,25,0.037
"2020-12-13 01:00:00",4428,12.89,100.9294,0,0,0,23.93,99.3,0,0,0,24.71,24.8,0.037
"2020-12-13 02:00:00",4429,12.87,100.8973,0.135,216.8,12.87,23.95,99.6,0,0,0,24.69,24.78,0.037
"2020-12-13 03:00:00",4430,12.86,100.8887,0.408,205.8,20.59,23.93,99.8,0,0,0,24.38,24.5,0.037
"2020-12-13 04:00:00",4431,12.84,100.9283,0.577,202.2,29.36,23.88,99.7,0,0,0,24.25,24.49,0.037
"2020-12-13 05:00:00",4432,12.82,100.9548,0.641,195.8,33.59,23.48,99.5,0.733,0.083,0,23.94,24.07,0.037
"2020-12-13 06:00:00",4433,12.82,101.0033,0.814,193.2,35.64,23.37,97.3,65.85,3.314,0,23.75,24.06,0.037
"2020-12-13 07:00:00",4434,13.04,100.9219,1.014,182.8,44.71,24.88,88.9,188.9,10.4,0,24.94,26.33,0.037
"2020-12-13 08:00:00",4435,13.44,100.9354,0.954,154.8,41.86,27.26,72.21,463.6,22.32,0,26.15,28.25,0.037
"2020-12-13 09:00:00",4436,13.74,100.8509,1.206,101.9,46.75,29.51,66.31,733.5,34.8,0,29.96,30.97,0.036
"2020-12-13 10:00:00",4437,13.9,100.8176,2.122,75.51,31.12,29.97,70.77,858,43.05,0,32.01,33.19,0.036
"2020-12-13 11:00:00",4438,13.89,100.7521,2.521,50.55,29.63,29.85,66.39,904,46.33,0,34.09,34.82,0.036
"2020-12-13 12:00:00",4439,14.04,100.6731,2.407,42.14,33.66,30.63,65.08,1043,52.78,0,35.43,36.25,0.036
"2020-12-13 13:00:00",4440,14.02,100.6084,2.833,52.03,28.9,31.09,64.57,1041,52.94,0,36.11,37.2,0.035
"2020-12-13 14:00:00",4441,14.23,100.5519,2.931,56.94,25.49,30.86,64.11,988,49.08,0,35.99,37.17,0.035
"2020-12-13 15:00:00",4442,14.22,100.4804,2.903,58.85,25.61,30.55,62.91,847,40.91,0,35.01,36.31,0.035
"2020-12-13 16:00:00",4443,14.08,100.4556,3.079,60.76,23.03,29.85,64.97,652.3,30.03,0,33.68,34.81,0.035
"2020-12-13 17:00:00",4444,13.77,100.45,2.203,50.36,28.71,29.15,74.89,410.7,17.84,0,32.46,33.55,0.034
"2020-12-13 18:00:00",4445,12.96,100.5079,2.253,47.44,27.06,26.96,86.4,133.6,6.905,0,27.46,29.27,0.034
"2020-12-13 19:00:00",4446,12.94,100.5092,1.793,59.04,20.93,25.27,92.6,8.13,1.004,0,25.79,26.59,0.034
"2020-12-13 20:00:00",4447,12.93,100.5887,0.784,62.52,14.99,24.41,96.1,0,0,0,25.17,25.45,0.034
"2020-12-13 21:00:00",4448,12.93,100.6376,0.035,63.09,3.631,24.2,97.3,0,0,0,24.94,25.43,0.034
"2020-12-13 22:00:00",4449,12.91,100.695,0.039,222.4,17.05,23.29,98.1,0,0,0,23.82,24.27,0.034
"2020-12-13 23:00:00",4450,12.91,100.7194,0.035,218.8,3.481,22.96,99.2,0,0,0,23.58,23.87,0.033
"2020-12-14 00:00:00",4451,12.85,100.6788,0.002,258.1,1.307,23.31,99.5,0,0,0,23.67,24.44,0.033
"2020-12-14 01:00:00",4452,12.88,100.6626,0.021,265.1,2.798,22.97,99.8,0,0,0,23.25,23.49,0.033
"2020-12-14 02:00:00",4453,12.81,100.6057,0.018,331.1,2.329,23.2,99.9,0,0,0,23.67,24.08,0.033
"2020-12-14 03:00:00",4454,12.81,100.5733,0,0,0,22.29,100,0,0,0,22.18,22.77,0.033
"2020-12-14 04:00:00",4455,12.79,100.5733,0,0,0,21.41,100,0,0,0,21.64,21.85,0.033
"2020-12-14 05:00:00",4456,12.74,100.5814,0,0,0,21.31,100,1.429,0.1,0,21.66,21.79,0.033
"2020-12-14 06:00:00",4457,12.77,100.6301,0,0,0,22.25,100,79.48,3.282,0,21.79,23.34,0.033
"2020-12-14 07:00:00",4458,13.06,100.63,0.911,8.84,24.12,24.35,90.9,279.1,12.09,0,25.77,27.51,0.033
"2020-12-14 08:00:00",4459,13.61,100.6036,1.688,10.78,29.82,26.93,85.6,389.1,18.74,0,28.61,29.18,0.033
"2020-12-14 09:00:00",4460,14.03,100.5518,1.677,4.298,34.04,28.71,78.18,507.7,25.41,0,29.57,31.18,0.033
"2020-12-14 10:00:00",4461,13.93,100.4753,2.213,0.888,37.19,30.71,69.56,847,41.66,0,32.48,34.14,0.033
"2020-12-14 11:00:00",4462,13.93,100.4024,2.412,23.61,31.62,32.2,69.73,926,47.47,0,35.45,36.93,0.033
"2020-12-14 12:00:00",4463,14.04,100.3237,2.626,35.78,30.6,33.09,67.01,1098,55.11,0,37.98,38.62,0.033
"2020-12-14 13:00:00",4464,14.16,100.236,3.044,32.35,29.04,32.86,66.22,1064,53.73,0,38.29,39,0.033
"2020-12-14 14:00:00",4465,14.11,100.1464,3.244,34.61,29.37,32.79,69.6,975,48.61,0,37.83,38.73,0.033
"2020-12-14 15:00:00",4466,14.11,100.0815,3.174,43.23,30.61,32.22,70.41,807,39.43,0,36.32,37.79,0.033
"2020-12-14 16:00:00",4467,14.05,100.061,3.163,45.85,28.36,31.18,72.87,634.6,29.21,0,35.08,36.06,0.032
"2020-12-14 17:00:00",4468,13.39,100.0611,2.818,43.28,26.09,29.88,76.12,338.1,15.77,0,32.39,33.54,0.032
"2020-12-14 18:00:00",4469,12.96,100.0615,1.892,41.35,24.67,27.97,84.3,48.04,4.125,0,28.96,30.01,0.032
"2020-12-14 19:00:00",4470,12.94,100.1427,2.02,27.8,25.24,26.74,87,8.61,0.641,0,27.36,27.9,0.032
"2020-12-14 20:00:00",4471,12.91,100.2482,1.486,23.41,26.24,26.44,87.1,0,0,0,27,27.19,0.032
"2020-12-14 21:00:00",4472,12.91,100.3869,1.545,2.526,36.82,26.49,90.5,0,0,0,26.97,27.08,0.032
"2020-12-14 22:00:00",4473,12.92,100.4111,1.729,9.32,29.57,26.54,90.2,0,0,0,26.92,27.12,0.032
"2020-12-14 23:00:00",4474,12.92,100.4268,0.893,1.118,30.3,26.13,92.1,0,0,0,26.48,26.71,0.031
"2020-12-15 00:00:00",4475,12.9,100.4042,0.365,341.3,16.77,25.62,93.3,0,0,0,26.21,26.35,0.031
"2020-12-15 01:00:00",4476,12.89,100.3796,0.085,5.575,9.89,25.24,94.9,0,0,0,25.75,26.03,0.031
"2020-12-15 02:00:00",4477,12.84,100.3109,0.087,325.3,18.44,24.54,97,0,0,0,25.04,25.35,0.031
"2020-12-15 03:00:00",4478,12.81,100.2887,0.618,23.03,20.61,24.47,97.4,0,0,0,25.05,25.11,0.031
"2020-12-15 04:00:00",4479,12.81,100.2634,0.574,21.11,16.68,24.46,97.1,0,0,0,24.94,25.04,0.031
"2020-12-15 05:00:00",4480,12.74,100.2858,1.031,16.31,23.39,24.87,97.1,0.455,0.062,0,24.94,25.15,0.031
"2020-12-15 06:00:00",4481,12.79,100.3492,0.947,19.56,23.98,25.27,95.5,42.99,2.185,0,25.28,25.64,0.031
"2020-12-15 07:00:00",4482,12.95,100.4106,1.181,16.86,25.45,26.5,88.8,151.5,7.683,0,26.27,27.33,0.031
"2020-12-15 08:00:00",4483,13.59,100.4404,1.228,34.45,29.33,28.24,83.2,374.2,17.89,0,28.68,30.56,0.031
"2020-12-15 09:00:00",4484,13.72,100.4384,0.925,48.34,28.95,29.28,77.66,372.4,19.92,0,31.01,32.04,0.031
"2020-12-15 10:00:00",4485,13.97,100.428,0.561,77.11,75.79,31.07,77.62,467.2,25.8,0,32.68,34.21,0.031
"2020-12-15 11:00:00",4486,14.01,100.3886,1.148,132.8,44.48,31.01,73.58,589,33.36,0,31.79,33.59,0.031
"2020-12-15 12:00:00",4487,14.09,100.3749,1.335,105.1,42.7,31.35,68.9,614.1,36.04,0,33.82,34.56,0.031
"2020-12-15 13:00:00",4488,14.03,100.3091,2.244,117.1,44.69,31.39,79.27,904,47.04,0,32.78,35.79,0.031
"2020-12-15 14:00:00",4489,13.18,100.3211,1.542,130.2,47.38,27.53,87.1,172.4,11.29,0,28.18,30.1,0.031
"2020-12-15 15:00:00",4490,12.97,100.4024,0.437,116.9,35.43,26.08,89,31.63,2.53,0,27.44,27.87,0.031
"2020-12-15 16:00:00",4491,12.9,100.3459,0.166,194.4,47.99,25.7,95.6,14.83,1.416,0,26.67,27.47,0.031
"2020-12-15 17:00:00",4492,12.95,100.2268,0.594,157.8,30.86,24.84,97.6,36.67,2.439,0.762,25.43,26.1,0.031
"2020-12-15 18:00:00",4493,12.93,100.3503,0.94,110,43.52,24.89,98.2,42.4,2.404,0.254,25.47,25.73,0.031
"2020-12-15 19:00:00",4494,12.86,100.4157,0.863,151.8,38.98,24.74,98.9,13.89,0.796,0,25.07,25.28,0.031
"2020-12-15 20:00:00",4495,12.91,100.593,0.446,151.3,32.74,24.7,99.1,0,0,0,25.04,25.18,0.031
"2020-12-15 21:00:00",4496,12.87,100.6756,0.88,152.5,36.07,24.89,97.7,0,0,0,25.02,25.2,0.031
"2020-12-15 22:00:00",4497,12.85,100.7241,0.847,153.9,39.52,24.7,96.2,0.046,0,0,24.65,24.81,0.031
"2020-12-15 23:00:00",4498,12.87,100.7409,1.144,164.7,42.33,24.47,94.2,0,0,0,24.24,24.4,0.031
"2020-12-16 00:00:00",4499,12.86,100.7577,0.635,179.2,36.2,24.28,94.8,0,0,0,24.21,24.31,0.031
"2020-12-16 01:00:00",4500,12.82,100.7274,0.511,184,34.1,23.88,96.1,0,0,0,23.88,24.03,0.031
"2020-12-16 02:00:00",4501,12.81,100.6788,0.898,175.8,41.3,23.63,95.1,0,0,0,23.51,23.7,0.031
"2020-12-16 03:00:00",4502,12.8,100.6702,0.955,173,43.8,23.39,95.4,0,0,0,23.14,23.45,0.031
"2020-12-16 04:00:00",4503,12.79,100.7194,1.15,180.2,47.15,23.26,93.6,0,0,0,23.07,23.18,0.031
"2020-12-16 05:00:00",4504,12.78,100.8493,1.178,185.8,49.8,22.9,93.4,0.008,0.017,0,22.62,22.95,0.031
"2020-12-16 06:00:00",4505,12.77,100.9142,1.56,187.9,43.38,22.6,90.1,22.49,1.566,0,22.55,22.59,0.031
"2020-12-16 07:00:00",4506,12.85,100.9539,1.551,177.1,49.14,22.96,91.5,97,5.697,0,22.74,23.17,0.031
"2020-12-16 08:00:00",4507,13.14,100.9867,1.562,180.9,46.96,23.01,89.7,94.4,6.167,0,23.21,23.35,0.03
"2020-12-16 09:00:00",4508,13.32,100.9625,1.752,175,49.73,24.81,77.82,397.6,22.57,0,23.46,25.52,0.03
"2020-12-16 10:00:00",4509,13.98,100.977,2.246,161.4,51.53,26.51,73.55,585.1,31.1,0,27.01,27.98,0.03
"2020-12-16 11:00:00",4510,14.02,100.9432,2.262,161.1,50.43,26.75,70.77,583.3,31.3,0,27.19,28.5,0.03
"2020-12-16 12:00:00",4511,14.19,100.9127,1.934,154.9,49.55,26.92,67.67,543.4,32.24,0,28.39,28.86,0.031
"2020-12-16 13:00:00",4512,14.13,100.9268,2.329,150.2,45.24,27.76,67.79,803,43.06,0,28.68,30.38,0.031
"2020-12-16 14:00:00",4513,14.16,100.8541,2.428,146.6,48.3,28.04,63.04,921,47.69,0,29.97,31.29,0.03
"2020-12-16 15:00:00",4514,14.19,100.7981,2.358,144.2,46.73,27.38,62.35,627.8,33.71,0,28.94,30.07,0.031
"2020-12-16 16:00:00",4515,14.17,100.8,2.184,142.3,44.76,26.7,66.56,475,24.66,0,28.03,29,0.031
"2020-12-16 17:00:00",4516,13.76,100.8326,2.05,139.2,46.15,25.42,72.98,206,12.22,0,25.76,27.04,0.031
"2020-12-16 18:00:00",4517,13.02,100.8818,1.605,147.4,47.73,24.5,77.75,64.25,4.641,0,24.74,25.3,0.031
"2020-12-16 19:00:00",4518,12.96,100.9542,1.111,150.7,40.91,23.89,78.94,9.66,0.798,0,23.87,24.32,0.031
"2020-12-16 20:00:00",4519,12.94,101.0279,0.859,151.7,39.34,23.38,80,0,0,0,23.41,23.59,0.03
"2020-12-16 21:00:00",4520,12.93,101.0685,0.779,155.1,32.79,23.28,81.7,0,0,0,23.34,23.39,0.03
"2020-12-16 22:00:00",4521,12.93,101.101,0.611,151.9,29.67,23.2,81.9,0,0,0,23.26,23.34,0.03
"2020-12-16 23:00:00",4522,12.92,101.101,0.242,164.4,21.18,23.07,84.3,0,0,0,23.16,23.3,0.03
"2020-12-17 00:00:00",4523,12.92,101.0441,0.307,155.8,21.18,23.25,83.8,0,0,0,23.45,23.54,0.03
"2020-12-17 01:00:00",4524,12.85,101.0116,0.281,196.4,27.32,23.15,87.2,0,0,0,23.18,23.6,0.03
"2020-12-17 02:00:00",4525,12.86,100.9548,0.38,205.6,19.88,22.25,90.1,0,0,0,22.72,22.93,0.03
"2020-12-17 03:00:00",4526,12.84,100.9467,0.427,201.7,20.06,21.91,94.1,0,0,0,22.34,22.59,0.03
"2020-12-17 04:00:00",4527,12.86,100.9305,0.54,224.6,21.58,21.15,95.4,0,0,0,21.7,21.96,0.03
"2020-12-17 05:00:00",4528,12.79,100.898,0.65,212.8,22.39,21.12,93.8,1.351,0.071,0,21.49,21.64,0.03
"2020-12-17 06:00:00",4529,12.81,100.9224,0.709,200.6,25.79,21.49,91.4,50.94,2.5,0,21.51,21.9,0.03
"2020-12-17 07:00:00",4530,13.02,100.9247,0.79,187.3,38.22,23.16,86.1,196,10.18,0,22.55,24.15,0.03
"2020-12-17 08:00:00",4531,13.57,100.9057,0.485,169.2,41.49,24.98,77.58,254.9,14.84,0,25.31,26.27,0.03
"2020-12-17 09:00:00",4532,13.98,100.8793,0.848,123.7,46.2,26.73,73.4,458.5,23.9,0,27.17,28.77,0.03
"2020-12-17 10:00:00",4533,14.07,100.8284,0.848,103.3,49.82,27.29,72.82,464.9,25.83,0,29.26,30.44,0.03
"2020-12-17 11:00:00",4534,14.14,100.7959,1.221,75.4,43.51,27.83,65.94,589.6,33.82,0,30.15,31.53,0.03
"2020-12-17 12:00:00",4535,14.11,100.7366,1.79,64.05,34.01,29.21,69.46,920,48.42,0,33.77,34.73,0.03
"2020-12-17 13:00:00",4536,14.21,100.6897,2.048,78.09,35.43,28.88,69.03,824,45.35,0,32.99,33.87,0.03
"2020-12-17 14:00:00",4537,14.23,100.6521,2.586,66.08,26.05,28.39,70.32,749.1,39.84,0,31.92,33.41,0.03
"2020-12-17 15:00:00",4538,14.14,100.5697,2.734,58.79,30.16,28.8,76.61,692.1,36.16,0,30.81,34.07,0.03
"2020-12-17 16:00:00",4539,14.17,100.523,2.518,62.42,25.19,27.95,76.36,475.8,24.66,0,30.34,31.61,0.03
"2020-12-17 17:00:00",4540,13.89,100.5161,2.241,52.58,26.64,27.1,83.7,218.8,12.4,0,28.62,30.16,0.03
"2020-12-17 18:00:00",4541,12.94,100.5891,1.826,58.34,23.6,25.95,88.3,42.67,2.776,0,27.02,27.67,0.03
"2020-12-17 19:00:00",4542,12.95,100.6378,1.552,62.66,20.51,25.53,90.1,4.459,0.361,0,26.46,26.74,0.03
"2020-12-17 20:00:00",4543,12.95,100.7514,1.409,65.33,19.69,25.43,91.5,0,0,0,26.21,26.33,0.03
"2020-12-17 21:00:00",4544,12.94,100.801,0.818,74.33,16.28,25.33,93.3,0,0,0,25.92,26.15,0.03
"2020-12-17 22:00:00",4545,12.93,100.8416,0.33,80.9,13.53,25.19,94.5,0,0,0,25.76,25.92,0.03
"2020-12-17 23:00:00",4546,12.92,100.7871,0.311,46.71,21.39,25.02,96.2,0,0,0,25.6,25.73,0.03
"2020-12-18 00:00:00",4547,12.86,100.74,0.038,32.16,4.123,24.55,97,0,0,0,25.17,25.53,0.03
"2020-12-18 01:00:00",4548,12.83,100.7107,0,0,0,23.98,98.1,0,0,0,24.65,24.79,0.03
"2020-12-18 02:00:00",4549,12.85,100.6939,0.025,224.3,6.514,23.75,98.7,0,0,0,24.4,24.51,0.03
"2020-12-18 03:00:00",4550,12.84,100.6942,0.167,212.9,12.37,23.54,98.2,0,0,0,24.01,24.19,0.03
"2020-12-18 04:00:00",4551,12.82,100.6381,0.393,209.2,16.08,23.73,98.8,0,0,0,24.12,24.2,0.03
"2020-12-18 05:00:00",4552,12.83,100.727,0.168,198.3,13.54,23.66,99.4,0.084,0.022,0,24.1,24.15,0.03
"2020-12-18 06:00:00",4553,12.82,100.7518,0.031,143.8,13.24,23.69,99.8,11.32,0.91,0.254,24.2,24.32,0.03
"2020-12-18 07:00:00",4554,12.78,100.7837,0.137,92.3,13,23.32,98.4,53.71,3.447,0,24.06,24.31,0.03
"2020-12-18 08:00:00",4555,13.03,100.8017,0.026,82.4,6.056,24.62,90.6,149.4,9.2,0,24.66,25.47,0.03
"2020-12-18 09:00:00",4556,13.47,100.8083,0.279,175.1,23.27,25.87,91.7,185.7,11.73,0,26.28,26.6,0.03
"2020-12-18 10:00:00",4557,13.45,100.792,0.691,36.07,37.56,26.3,85.5,268.6,16.88,0,26.66,27.45,0.03
"2020-12-18 11:00:00",4558,14.17,100.8001,1.399,37.12,27.29,26.38,88.9,333.5,22.06,0,27.95,28.45,0.03
"2020-12-18 12:00:00",4559,13.43,100.7839,0.892,36.62,26.71,25.92,93.4,211.4,14.29,1.524,26.41,27.97,0.03
"2020-12-18 13:00:00",4560,13.97,100.7677,0.868,36.75,28.68,25.39,86.7,175.2,12.17,0.254,25.98,26.23,0.03
"2020-12-18 14:00:00",4561,13.97,100.752,1.088,34.68,25.66,25.14,90.5,168,11.82,0,25.4,25.94,0.03
"2020-12-18 15:00:00",4562,13.26,100.7329,0.864,22.61,24.25,24.02,95.5,85.7,6.421,1.27,24.43,25.04,0.03
"2020-12-18 16:00:00",4563,13.28,100.687,0.97,21.14,27.27,23.18,97.4,78.08,5.42,1.016,23.97,24.17,0.03
"2020-12-18 17:00:00",4564,13.13,100.7177,1.253,27.81,28.88,23.26,97.5,97.9,5.997,0,24.02,24.22,0.032
"2020-12-18 18:00:00",4565,12.98,100.8328,0.528,29.19,17.7,23.18,96.6,61.77,3.686,0,24.02,24.13,0.036
"2020-12-18 19:00:00",4566,12.96,100.898,0.236,44.13,14.44,23.04,97.7,8.09,0.561,0,23.54,23.9,0.038
"2020-12-18 20:00:00",4567,12.96,100.9305,0.008,211.2,1.25,22.38,98.6,0,0,0,22.72,23.21,0.039
"2020-12-18 21:00:00",4568,12.96,100.963,0.002,246.3,1.232,21.91,99.1,0,0,0,22.32,22.63,0.039
"2020-12-18 22:00:00",4569,12.95,101.0198,0.029,249.2,5.819,21.62,99.4,0,0,0,22.01,22.2,0.04
"2020-12-18 23:00:00",4570,12.94,100.9792,0.117,229.4,9.66,21.37,99.9,0,0,0,21.51,21.73,0.04
"2020-12-19 00:00:00",4571,12.93,100.9305,0.2,227.9,14.72,21.35,100,0,0,0,21.53,21.64,0.041
"2020-12-19 01:00:00",4572,12.8,100.8899,0.284,218.5,17.45,21.15,100,0,0,0,21.24,21.41,0.041
"2020-12-19 02:00:00",4573,12.88,100.8899,0.434,209.8,21.2,20.9,100,0,0,0,20.94,21.13,0.041
"2020-12-19 03:00:00",4574,12.9,100.8331,0.062,205.4,6.337,20.24,100,0,0,0,19.96,20.52,0.041
"2020-12-19 04:00:00",4575,12.88,100.825,0,0,0,19.62,100,0,0,0,19.52,19.69,0.041
"2020-12-19 05:00:00",4576,12.87,100.8331,0,0,0,19.2,100,0.742,0.086,0,19.24,19.39,0.042
"2020-12-19 06:00:00",4577,12.86,100.9142,0,0,0,20.39,100,73.51,3.389,0,19.27,20.77,0.042
"2020-12-19 07:00:00",4578,13.01,100.9465,0.102,68.21,8.66,23.81,84.9,297.1,12.48,0,24.6,27.5,0.042
"2020-12-19 08:00:00",4579,13.79,100.9166,0.798,56.65,33.01,26.2,73.97,524.3,24.12,0,26.78,28.22,0.042
"2020-12-19 09:00:00",4580,13.86,100.8984,1.018,30.25,37.15,27.09,73.75,494.4,25.72,0,26.87,27.65,0.042
"2020-12-19 10:00:00",4581,13.98,100.8681,1.415,39.72,36.74,27.66,72.34,624.8,32.78,0,27.89,29.23,0.042
"2020-12-19 11:00:00",4582,14.08,100.85,2.454,57.81,28.58,29.12,69.37,1066,52.81,0,31.92,33.1,0.042
"2020-12-19 12:00:00",4583,14.05,100.8018,2.393,48.15,30.74,29.58,65.46,1046,52.94,0,32.21,34.05,0.042
"2020-12-19 13:00:00",4584,14.02,100.7562,2.747,57.14,27.87,29.66,64.39,934,49.01,0,32.75,34.02,0.042
"2020-12-19 14:00:00",4585,14.21,100.7206,3.048,53.1,28.86,30.17,61.48,1023,51.15,0,34.06,34.85,0.042
"2020-12-19 15:00:00",4586,14.04,100.6623,2.842,56.57,29.71,30.01,61.38,867,42.38,0,33.65,34.81,0.041
"2020-12-19 16:00:00",4587,14.15,100.6264,3.184,58.16,27.35,29.2,65.49,684.1,31.89,0,32.04,33.09,0.041
"2020-12-19 17:00:00",4588,13.73,100.651,2.941,51.28,27.47,28.58,70.15,453.6,19.73,0,30.94,31.79,0.041
"2020-12-19 18:00:00",4589,13.02,100.6858,2.673,49.48,26.21,27.38,77.2,191.8,8.35,0,26.98,28.53,0.04
"2020-12-19 19:00:00",4590,12.98,100.7271,1.641,43.22,24.14,25.61,83.9,10.41,1.282,0,25.51,26.21,0.04
"2020-12-19 20:00:00",4591,12.96,100.7663,0.703,39.29,18.68,24.34,88.7,0,0,0,24.74,25.03,0.04
"2020-12-19 21:00:00",4592,12.94,100.8249,0.695,23.34,20.16,24.01,89.9,0,0,0,24.07,24.48,0.04
"2020-12-19 22:00:00",4593,12.93,100.8493,0.308,20.12,14.46,23.31,91.3,0,0,0,23.28,23.65,0.04
"2020-12-19 23:00:00",4594,12.92,100.8655,0.062,327.7,12.28,22.61,95.1,0,0,0,22.39,22.83,0.039
"2020-12-20 00:00:00",4595,12.91,100.8087,0.21,300,11.03,22.05,96.3,0,0,0,22.04,22.31,0.039
"2020-12-20 01:00:00",4596,12.87,100.8006,0.159,303.5,9.97,21.68,97.6,0,0,0,21.92,22.03,0.039
"2020-12-20 02:00:00",4597,12.87,100.7438,0.134,299.4,9.31,21.36,98.6,0,0,0,21.6,21.8,0.039
"2020-12-20 03:00:00",4598,12.85,100.7357,0.126,296.1,11.12,21.3,98.9,0,0,0,21.51,21.9,0.039
"2020-12-20 04:00:00",4599,12.83,100.7357,0.014,301.9,4.802,20.75,99.2,0,0,0,20.9,21.13,0.039
"2020-12-20 05:00:00",4600,12.82,100.7681,0.022,300.9,3.67,20.45,99.8,0.561,0.08,0,20.56,20.72,0.039
"2020-12-20 06:00:00",4601,12.81,100.8168,0.088,337.9,7.391,21.25,99.5,77.47,3.289,0,20.61,21.9,0.039
"2020-12-20 07:00:00",4602,12.96,100.8408,1.027,3.008,29.04,24.32,87,288.6,12.62,0,24.54,26.89,0.039
"2020-12-20 08:00:00",4603,13.7,100.8059,2.171,357.8,33.67,27.04,77.49,482.5,22.29,0,28.28,28.66,0.039
"2020-12-20 09:00:00",4604,13.9,100.8096,2.235,5.083,34.28,28.84,66.23,742.6,34.27,0,28.58,30.53,0.038
"2020-12-20 10:00:00",4605,13.98,100.7783,1.729,347.8,38.97,29.85,61.67,656.5,34.73,0,31.16,32.34,0.038
"2020-12-20 11:00:00",4606,14,100.7528,2.049,12.95,36.34,31.08,65.08,803,41.31,0,33.07,34.93,0.038
"2020-12-20 12:00:00",4607,14.06,100.722,2.534,26.14,31.41,31.3,64.54,924,48.2,0,34.22,35.4,0.038
"2020-12-20 13:00:00",4608,14.12,100.6638,3.2,37.54,27.99,31.92,64.97,1090,55.01,0,36.49,37.01,0.038
"2020-12-20 14:00:00",4609,14.22,100.6083,3.365,27.71,32.43,31.44,65.5,1001,50.2,0,36.22,36.71,0.037
"2020-12-20 15:00:00",4610,14.02,100.5782,3.429,45.23,30.56,30.9,69.63,862,42.2,0,35.13,35.93,0.037
"2020-12-20 16:00:00",4611,14.09,100.5034,3.258,45,29.02,30.11,71.44,676.5,31.6,0,33.35,34.74,0.037
"2020-12-20 17:00:00",4612,13.59,100.5138,3.192,46.66,28.45,29.08,77.33,447.6,19.52,0,31.41,32.63,0.036
"2020-12-20 18:00:00",4613,12.95,100.5891,2.601,39.89,27.32,27.49,84.7,158.1,7.534,0,27.67,29.21,0.036
"2020-12-20 19:00:00",4614,12.94,100.6703,1.877,36.57,23.79,26.02,89.8,14.61,1.109,0,26.37,26.98,0.036
"2020-12-20 20:00:00",4615,12.92,100.7688,1.179,36.47,22.86,25.2,90.3,0,0,0,25.49,25.93,0.035
"2020-12-20 21:00:00",4616,12.9,100.8557,1.363,26.54,22.43,24.96,89.9,0,0,0,25.1,25.29,0.035
"2020-12-20 22:00:00",4617,12.88,100.9446,1.502,27.38,25.23,24.94,92,0,0,0,25.01,25.06,0.035
"2020-12-20 23:00:00",4618,12.83,100.9508,0.334,23.76,15.4,25.05,91.8,0,0,0,25.1,25.38,0.035
"2020-12-21 00:00:00",4619,12.83,100.9247,0.016,288.7,3.617,24.89,94.1,0,0,0,25.47,25.58,0.034
"2020-12-21 01:00:00",4620,12.81,100.8795,0.066,288.1,10.62,24.49,94.8,0,0,0,24.76,25.18,0.034
"2020-12-21 02:00:00",4621,12.82,100.8325,0,0,0,24.19,96.5,0,0,0,24.74,24.96,0.034
"2020-12-21 03:00:00",4622,12.81,100.7983,0.003,68.64,0.016,24.22,96.9,0,0,0,25.02,25.22,0.034
"2020-12-21 04:00:00",4623,12.78,100.7918,0.002,89.3,0.032,23.69,98.1,0,0,0,23.74,24.48,0.034
"2020-12-21 05:00:00",4624,12.77,100.825,0,0,0,23.27,98.7,0.292,0.042,0,23.73,23.93,0.034
"2020-12-21 06:00:00",4625,12.79,100.8737,0.004,337.6,0.291,23.74,98.5,26.39,1.491,0,24.08,24.59,0.034
"2020-12-21 07:00:00",4626,12.83,100.8652,0.717,1.901,26.55,25.14,88.1,151.2,8.14,0,25.22,26.11,0.034
"2020-12-21 08:00:00",4627,13.59,100.88,1.823,15.09,32.36,27.46,73.84,457.7,21.88,0,27.62,29.15,0.034
"2020-12-21 09:00:00",4628,13.66,100.8167,2.247,11.08,34.8,29.22,69.63,680.6,32.51,0,29.81,30.99,0.033
"2020-12-21 10:00:00",4629,13.94,100.7351,2.296,5.735,34.39,30.84,60.8,836,41.47,0,31.42,33.83,0.033
"2020-12-21 11:00:00",4630,13.95,100.6645,2.564,21.54,34.97,31.55,67.03,825,42.68,0,34.12,35.66,0.033
"2020-12-21 12:00:00",4631,14,100.5995,3.037,31.68,30.24,31.72,63.37,973,50.32,0,35.45,36.32,0.033
"2020-12-21 13:00:00",4632,14.03,100.5213,3.427,30.69,32.3,32.31,64.54,1067,53.95,0,36.99,37.6,0.033
"2020-12-21 14:00:00",4633,14.16,100.4475,3.592,32.6,31.14,32.01,65.21,1006,49.95,0,36.84,37.45,0.033
"2020-12-21 15:00:00",4634,14.14,100.3838,3.476,40.59,32.35,31.54,67.09,870,42.21,0,36.23,36.86,0.033
"2020-12-21 16:00:00",4635,14.06,100.3356,3.434,46.45,28.2,30.51,69.57,680.7,31.55,0,34.04,35.38,0.032
"2020-12-21 17:00:00",4636,13.55,100.311,3.405,34.47,28.93,29.38,71.62,453.4,19.62,0,31.43,32.91,0.032
"2020-12-21 18:00:00",4637,12.98,100.3213,2.957,30.59,27.35,27.9,77.71,192.6,8.35,0,27.78,29.22,0.032
"2020-12-21 19:00:00",4638,12.92,100.3943,2.184,29.86,26.94,26.25,86.4,14.17,1.245,0,26.43,27.03,0.031
"2020-12-21 20:00:00",4639,12.94,100.4685,1.613,28.72,26.1,25.47,88.1,0,0,0,25.79,26.03,0.031
"2020-12-21 21:00:00",4640,12.93,100.548,0.737,31.61,18.31,24.88,91.2,0,0,0,25.34,25.53,0.031
"2020-12-21 22:00:00",4641,12.89,100.5651,0.396,18.69,15.26,24.42,94,0,0,0,24.71,25.06,0.031
"2020-12-21 23:00:00",4642,12.91,100.5733,0.168,308.6,10.73,23.68,95.4,0,0,0,24.03,24.32,0.031
"2020-12-22 00:00:00",4643,12.89,100.5652,0.056,301.8,6.782,23.08,97.1,0,0,0,23.46,23.7,0.031
"2020-12-22 01:00:00",4644,12.88,100.5084,0.08,319.2,11.79,23.19,97.2,0,0,0,23.62,23.88,0.031
"2020-12-22 02:00:00",4645,12.87,100.5084,0.001,339.7,0,22.55,98.5,0,0,0,22.94,23.22,0.03
"2020-12-22 03:00:00",4646,12.84,100.4921,0.016,320.9,4.007,22.51,99.2,0,0,0,22.84,22.96,0.03
"2020-12-22 04:00:00",4647,12.81,100.484,0.004,356.4,0.877,22.69,99.6,0,0,0,22.82,23.07,0.03
"2020-12-22 05:00:00",4648,12.78,100.5165,0,0,0,22.61,99.9,0.529,0.068,0,22.52,22.7,0.03
"2020-12-22 06:00:00",4649,12.79,100.5652,0.009,327.1,3.272,23.36,99.9,25.79,1.888,0,22.87,23.83,0.03
"2020-12-22 07:00:00",4650,12.81,100.5765,0.755,9.41,24.35,24.31,94.6,138.9,7.634,0,24.56,25.36,0.03
"2020-12-22 08:00:00",4651,13.62,100.5567,2.258,7.574,34.67,27.02,81.8,352.3,16.54,0,26.73,28.6,0.03
"2020-12-22 09:00:00",4652,13.58,100.5485,1.964,5.943,37.03,27.43,83.7,181.2,10.62,0,28.34,28.88,0.03
"2020-12-22 10:00:00",4653,13.58,100.4836,1.689,1.334,36.85,28.13,75.71,350.3,19.96,0,28.28,29.78,0.03
"2020-12-22 11:00:00",4654,14.08,100.3718,2.359,17.42,33.5,30.02,71.73,713,38.23,0,32.13,33.54,0.03
"2020-12-22 12:00:00",4655,13.95,100.2587,2.648,32.15,31.62,32.03,65.7,1000,52.17,0,35.26,36.68,0.03
"2020-12-22 13:00:00",4656,14.07,100.1687,2.8,30.98,32.74,32.57,66.77,1075,55.29,0,37.79,38.25,0.03
"2020-12-22 14:00:00",4657,14.13,100.1221,3.147,32.75,33.08,32.21,69.11,933,47.86,0,36.69,37.8,0.03
"2020-12-22 15:00:00",4658,14.13,100.0813,3.121,47.03,30.33,31.13,75.51,680.8,35.41,0,34.26,35.86,0.03
"2020-12-22 16:00:00",4659,13.19,100.0205,2.741,37.46,30.48,28.8,83.9,174.4,10.9,0,29.54,31.61,0.03
"2020-12-22 17:00:00",4660,12.95,100.1183,1.804,42.99,25.84,27.12,88.5,17.9,1.36,0,28.22,28.83,0.03
"2020-12-22 18:00:00",4661,12.96,100.0697,2.058,48.97,24.45,26.66,90.6,7.263,0.572,0,27.41,27.78,0.03
"2020-12-22 19:00:00",4662,12.95,100.1346,1.888,37.81,25.92,26.49,90.8,6.446,0.436,0,27.01,27.29,0.03
"2020-12-22 20:00:00",4663,12.91,100.1995,1.483,39.51,24.7,26.25,91,0,0,0,26.67,26.84,0.03
"2020-12-22 21:00:00",4664,12.9,100.1917,1.559,30.02,25.29,26.22,90.2,0,0,0,26.5,26.67,0.03
"2020-12-22 22:00:00",4665,12.92,100.2402,1.292,27.53,22.32,26.1,91,0,0,0,26.38,26.43,0.03
"2020-12-22 23:00:00",4666,12.89,100.2248,0.825,18.01,19.33,26.05,91.6,0,0,0,26.33,26.4,0.03
"2020-12-23 00:00:00",4667,12.83,100.1927,0.759,10.26,23.18,25.76,91.1,0,0,0,26.09,26.19,0.03
"2020-12-23 01:00:00",4668,12.84,100.1672,0.494,2.72,23.54,25.69,91.9,0,0,0,26.04,26.11,0.03
"2020-12-23 02:00:00",4669,12.85,100.1276,0.75,5.443,26.03,25.69,92,0,0,0,25.92,26.04,0.03
"2020-12-23 03:00:00",4670,12.83,100.031,0.705,7.617,26.09,25.52,93.2,0,0,0,25.55,25.8,0.03
"2020-12-23 04:00:00",4671,12.82,100.0235,0.561,16.97,20.44,25.3,91.7,0,0,0,25.32,25.45,0.03
"2020-12-23 05:00:00",4672,12.75,99.95994,1.039,14.53,24.61,25.19,93.8,0.02,0.035,0,25.15,25.3,0.029
"2020-12-23 06:00:00",4673,12.79,99.91821,1.165,11.14,26.26,25.19,90.8,33.39,1.874,0,25.14,25.36,0.029
"2020-12-23 07:00:00",4674,12.86,99.94794,1.613,6.858,33.34,26.68,81.5,217.1,10.11,0,25.95,27.57,0.029
"2020-12-23 08:00:00",4675,13.54,99.93103,1.927,358.9,37.62,28.13,79.2,252.3,13.75,0,28.86,29.27,0.029
"2020-12-23 09:00:00",4676,13.85,99.87643,2.344,350.4,37.8,30.57,69.02,670.4,32.19,0,29.91,32.1,0.029
"2020-12-23 10:00:00",4677,13.96,99.78632,2.746,349.1,38.04,33.17,60.35,901,44.93,0,34.04,35.92,0.029
"2020-12-23 11:00:00",4678,13.96,99.7158,2.983,339.9,39.42,36.24,52.38,993,50.58,0,37.94,39.68,0.03
"2020-12-23 12:00:00",4679,14.02,99.63832,2.744,331.9,39.72,38.04,50.99,1001,51.21,0,40.14,41.51,0.03
"2020-12-23 13:00:00",4680,13.92,99.57452,2.106,349,40.78,38.45,45.81,668.4,36.47,0,40.18,42.12,0.03
"2020-12-23 14:00:00",4681,13.09,99.5989,1.694,41.16,65.99,35.57,82.4,150.3,9.95,0,30.86,37.71,0.03
"2020-12-23 15:00:00",4682,12.94,99.85897,2.197,185.4,48.14,25.81,99.1,4.712,0.476,22.35,25.6,26.57,0.03
"2020-12-23 16:00:00",4683,12.91,99.7994,1.425,151.1,46.97,24.84,99.8,3.945,0.386,7.874,25.11,25.3,0.103
"2020-12-23 17:00:00",4684,12.86,99.867,1.194,163.9,43.82,24.54,100,2.503,0.252,1.778,24.8,25.07,0.103
"2020-12-23 18:00:00",4685,12.88,99.94012,1.276,163.6,51.01,24.27,100,1.73,0.185,0.254,24.6,24.7,0.097
"2020-12-23 19:00:00",4686,12.89,100.0781,0.413,170.8,33.88,24.39,100,0.052,0.012,1.016,24.7,24.94,0.093
"2020-12-23 20:00:00",4687,12.91,100.0132,1.117,186.2,41.07,24.15,100,0.002,0,0.254,24.29,24.61,0.091
"2020-12-23 21:00:00",4688,12.9,100.2161,1.103,166.9,48.98,23.68,99.8,0.001,0,0.762,23.89,24.06,0.089
"2020-12-23 22:00:00",4689,12.88,100.2405,0.511,176.6,31.95,23.27,100,0,0,0,23.65,23.75,0.088
"2020-12-23 23:00:00",4690,12.87,100.2811,0.444,179.4,28.04,22.98,100,0,0,0,23.36,23.52,0.086
"2020-12-24 00:00:00",4691,12.87,100.1999,0.457,195.9,28.97,23.07,100,0.005,0,0,23.41,23.59,0.084
"2020-12-24 01:00:00",4692,12.84,100.2242,1.051,188.2,39.7,23.15,100,0.192,0,0,23.33,23.5,0.083
"2020-12-24 02:00:00",4693,12.8,100.2486,1.323,184.1,45.63,23.05,98.5,0.613,0,0,23.12,23.23,0.081
"2020-12-24 03:00:00",4694,12.82,100.1918,1.34,179.6,50.53,22.92,97.6,0.322,0,0,22.78,22.96,0.081
"2020-12-24 04:00:00",4695,12.8,100.2324,1.593,183.7,46.8,22.77,97.4,0.1,0,0,22.62,22.76,0.079
"2020-12-24 05:00:00",4696,12.79,100.3704,1.397,193.2,43.3,22.55,97.4,0.092,0.03,0,22.49,22.56,0.079
"2020-12-24 06:00:00",4697,12.77,100.4191,0.909,195.6,37.87,22.63,97.4,29.83,1.62,0,22.6,22.78,0.078
"2020-12-24 07:00:00",4698,12.82,100.4515,0.99,190.7,46.47,23.21,95.3,113.1,6.529,0,22.99,23.47,0.077
"2020-12-24 08:00:00",4699,13.49,100.4859,1.067,178.1,46.23,24.65,87.9,282.9,15.05,0,24.18,25.07,0.077
"2020-12-24 09:00:00",4700,13.76,100.5404,1.673,165.6,52.69,25.98,82.8,322.4,19.02,0,26.14,26.47,0.076
"2020-12-24 10:00:00",4701,14.03,100.5807,2.072,155,48.48,27.5,74.3,692.5,36.9,0,26.92,28.45,0.076
"2020-12-24 11:00:00",4702,14.13,100.5721,1.751,149.8,47.64,28.24,59.83,705.8,39.14,0,28.41,29.57,0.075
"2020-12-24 12:00:00",4703,14.1,100.5554,2.071,143.4,46.44,28.81,72.49,860,46.81,0,29.91,30.7,0.075
"2020-12-24 13:00:00",4704,14.08,100.5391,1.875,136,48.06,29.07,71.17,955,48.97,0,30.84,31.99,0.074
"2020-12-24 14:00:00",4705,14.06,100.4585,1.851,137.2,50.46,28.53,74.06,784.8,41.16,0,30.4,31.5,0.073
"2020-12-24 15:00:00",4706,14.03,100.4406,1.664,129.9,48.74,28.49,76.88,673.8,34.14,0,29.67,31.48,0.072
"2020-12-24 16:00:00",4707,14.04,100.4755,1.598,124.7,51.29,27.53,72.94,442.1,22.78,0,28.92,29.94,0.072
"2020-12-24 17:00:00",4708,13.61,100.5079,1.551,125.7,48.84,27.14,81.5,302,15.62,0,27.9,29.2,0.071
"2020-12-24 18:00:00",4709,13.16,100.5161,1.341,135.1,43.75,26.58,83.1,178,6.983,0,26.34,27.8,0.071
"2020-12-24 19:00:00",4710,12.92,100.5995,0.869,143.4,37.33,24.97,87.6,20.4,1.199,0,25.3,25.75,0.07
"2020-12-24 20:00:00",4711,12.92,100.7086,0.78,149.6,33.03,24.72,86.3,0,0,0,24.89,25.26,0.07
"2020-12-24 21:00:00",4712,12.91,100.7356,0.704,146.6,38.99,24.28,85.8,0,0,0,24.3,24.65,0.07
"2020-12-24 22:00:00",4713,12.94,100.7762,0.521,136.1,34.02,24.06,83,0,0,0,23.92,24.06,0.07
"2020-12-24 23:00:00",4714,12.9,100.7762,0.34,111.2,33.01,24.01,85.1,0,0,0,23.85,23.98,0.069
"2020-12-25 00:00:00",4715,12.92,100.7274,0.43,94.8,25.49,24.23,83,0,0,0,23.88,24.24,0.069
"2020-12-25 01:00:00",4716,12.88,100.6951,0.393,91,19.09,24.47,84.2,0,0,0,24.51,24.61,0.069
"2020-12-25 02:00:00",4717,12.9,100.6863,0.549,162.6,32.22,23.66,97.5,0,0,2.286,23.31,24.16,0.069
"2020-12-25 03:00:00",4718,12.89,100.6464,0.536,128.2,35.42,22.16,99,0,0,1.524,22.78,23.02,0.068
"2020-12-25 04:00:00",4719,12.87,100.6788,0.006,349.1,9.33,22.27,99.2,0,0,0,23.21,23.42,0.07
"2020-12-25 05:00:00",4720,12.86,100.7113,0.279,207.9,19.59,22.2,99.8,0.115,0.012,5.334,22.72,23.14,0.073
"2020-12-25 06:00:00",4721,12.8,100.7275,0.303,212.2,26.47,22.11,100,9.18,0.605,8.38,22.67,22.79,0.084
"2020-12-25 07:00:00",4722,12.83,100.7681,0.667,86.8,26.48,22.43,99.7,73.57,4.243,0,22.87,23.22,0.115
"2020-12-25 08:00:00",4723,13.25,100.7925,0.745,82.3,23.25,22.96,98.6,122.6,7.444,0.254,23.63,23.9,0.101
"2020-12-25 09:00:00",4724,13.35,100.7999,0.253,22.23,27.55,23.17,97.8,144.5,9.44,1.778,24.16,24.55,0.095
"2020-12-25 10:00:00",4725,13.51,100.8069,0.207,26.86,54.05,23.95,95.6,200.4,12.55,1.016,24.54,25.1,0.095
"2020-12-25 11:00:00",4726,13.61,100.7374,0.525,27.38,57.94,24.93,79.36,346.5,20.01,0.254,25.1,25.96,0.095
"2020-12-25 12:00:00",4727,14.15,100.7102,2.381,65.52,26.91,27.18,77.69,655,35.88,0,27.46,28.38,0.092
"2020-12-25 13:00:00",4728,14.18,100.6539,2.374,60.88,28.47,27.28,77.2,522.7,30.29,0,28.31,28.93,0.089
"2020-12-25 14:00:00",4729,14.15,100.6134,2.349,50.13,28.64,27.46,73.8,496.2,28.88,0,28.91,29.48,0.086
"2020-12-25 15:00:00",4730,14.17,100.556,2.192,52.81,29.27,27.59,77.25,527.4,28.4,0,28.85,29.87,0.084
"2020-12-25 16:00:00",4731,14.16,100.5079,2.162,56.06,27.29,27.04,77.57,334.6,18.57,0,28.49,29.02,0.082
"2020-12-25 17:00:00",4732,13.8,100.4592,1.969,40,27.49,27.11,74.11,329.8,16.03,0,28.6,28.94,0.081
"2020-12-25 18:00:00",4733,13.04,100.4917,2.057,33.29,29.44,26.57,78.93,190.4,8.71,0,25.82,27.14,0.079
"2020-12-25 19:00:00",4734,12.98,100.509,0.923,30.75,18.79,24.84,87.9,15.64,1.469,0,24.49,25.15,0.078
"2020-12-25 20:00:00",4735,12.96,100.5571,0.054,50.27,4.385,23.12,93.6,0,0,0,23.41,23.96,0.077
"2020-12-25 21:00:00",4736,12.88,100.5814,0,0,0,22.45,95.2,0,0,0,22.54,22.96,0.077
"2020-12-25 22:00:00",4737,12.92,100.6382,0.002,294.4,0.204,22.02,97.3,0,0,0,22.16,22.32,0.076
"2020-12-25 23:00:00",4738,12.91,100.6058,0.004,292.3,0.653,21.65,98.2,0,0,0,21.89,22,0.075
"2020-12-26 00:00:00",4739,12.9,100.5652,0.004,288.9,0.444,21.35,98.6,0,0,0,21.5,21.69,0.075
"2020-12-26 01:00:00",4740,12.88,100.5571,0.315,293.9,15.31,21.42,98.3,0,0,0,21.51,21.7,0.075
"2020-12-26 02:00:00",4741,12.87,100.5408,0.031,303.5,5.562,21.29,98.7,0,0,0,21.27,21.62,0.074
"2020-12-26 03:00:00",4742,12.85,100.5327,0,0,0,20.49,99.5,0,0,0,20.62,20.98,0.074
"2020-12-26 04:00:00",4743,12.83,100.5165,0,0,0,20.02,100,0,0,0,20.56,20.61,0.073
"2020-12-26 05:00:00",4744,12.81,100.5652,0,0,0,20.24,100,0.355,0.051,0,20.54,20.57,0.073
"2020-12-26 06:00:00",4745,12.81,100.622,0.006,264.6,6.689,21.38,100,65.99,2.914,0,20.57,21.85,0.073
"2020-12-26 07:00:00",4746,12.93,100.6794,0.485,350.6,31.62,24,88.7,268.7,11.72,0,24.1,25.9,0.073
"2020-12-26 08:00:00",4747,13.65,100.7087,1.012,12.74,33.18,26.56,77.82,476.9,22.21,0,27.07,27.67,0.073
"2020-12-26 09:00:00",4748,13.94,100.6728,1.371,15.97,38.74,28.27,71.92,700.9,32.93,0,28.11,29.38,0.072
"2020-12-26 10:00:00",4749,13.94,100.6485,1.032,12.7,46.74,29.36,70.88,686.2,34.49,0,30.54,31.36,0.072
"2020-12-26 11:00:00",4750,14.07,100.6098,2.048,54.41,33.52,30.23,66.87,1083,53.22,0,32.83,33.97,0.071
"2020-12-26 12:00:00",4751,14.03,100.5799,1.652,55.64,32.9,30.23,66.5,652,35.06,0,31.87,33.5,0.071
"2020-12-26 13:00:00",4752,14.03,100.53,2.42,51.51,31.27,30.95,69.47,1041,53.65,0,34.38,35.16,0.07
"2020-12-26 14:00:00",4753,14.17,100.4652,2.745,49.24,29.65,30.68,69.11,1032,51.66,0,34.69,35.28,0.07
"2020-12-26 15:00:00",4754,14.01,100.3762,2.957,55.96,27.57,30.23,72.17,866,42.8,0,33.29,34.73,0.069
"2020-12-26 16:00:00",4755,13.88,100.3432,2.905,49.95,28.74,29.89,75.29,670.3,32,0,32.72,33.68,0.069
"2020-12-26 17:00:00",4756,13.33,100.3374,2.872,54.66,28.39,28.55,85.8,318.8,16.14,0,28.97,31.13,0.068
"2020-12-26 18:00:00",4757,13.4,100.4268,2.489,48.75,27.45,27.18,87.5,178.1,7.834,0,28.3,28.92,0.068
"2020-12-26 19:00:00",4758,12.96,100.4839,1.851,38.49,27.11,26.09,92.7,20.54,1.209,0,26.63,27.3,0.068
"2020-12-26 20:00:00",4759,12.95,100.5592,1.455,31.16,25.02,25.44,95.1,0,0,0,25.85,26.32,0.067
"2020-12-26 21:00:00",4760,12.94,100.5873,1.606,25.77,26.9,25.14,94.3,0,0,0,25.57,25.72,0.067
"2020-12-26 22:00:00",4761,12.92,100.6055,0.828,9.65,27.8,24.99,96.6,0,0,0,25.28,25.51,0.067
"2020-12-26 23:00:00",4762,12.89,100.5976,0.172,353,19.36,24.36,98.4,0,0,0,24.94,25.13,0.067
"2020-12-27 00:00:00",4763,12.88,100.5814,0.267,336.6,18.43,24.28,99,0,0,0,24.84,24.96,0.067
"2020-12-27 01:00:00",4764,12.91,100.4512,0.614,12.32,21.16,24.16,99.5,0,0,0,24.61,24.78,0.066
"2020-12-27 02:00:00",4765,12.89,100.4191,0.774,4.559,27.72,24.23,98.8,0,0,0,24.58,24.75,0.066
"2020-12-27 03:00:00",4766,12.85,100.4103,0.599,2.451,26,24.49,97.3,0,0,0,24.78,24.94,0.066
"2020-12-27 04:00:00",4767,12.83,100.3997,0.997,19.02,23.18,24.71,97.3,0,0,0,24.94,25.02,0.066
"2020-12-27 05:00:00",4768,12.82,100.4104,0.616,13.5,27.24,24.4,98.8,0.274,0.047,0,24.48,24.73,0.066
"2020-12-27 06:00:00",4769,12.83,100.409,1.029,14.93,26.62,24.43,98,57.74,2.685,0,24.47,24.87,0.066
"2020-12-27 07:00:00",4770,12.98,100.4187,1.974,11.54,31.21,26.05,87.8,246.1,10.87,0,25.6,27.16,0.066
"2020-12-27 08:00:00",4771,13.58,100.3923,2.38,11.46,33.33,28.15,81.2,463.1,21.26,0,28.38,29.25,0.066
"2020-12-27 09:00:00",4772,14.03,100.3409,2.59,5.981,35.68,29.25,76.54,531.5,26.94,0,29.8,30.59,0.065
"2020-12-27 10:00:00",4773,13.97,100.2838,2.88,0.563,36.23,30.47,70.65,819,39.48,0,31.08,32.56,0.065
"2020-12-27 11:00:00",4774,13.99,100.2108,2.879,6.796,34.98,31.84,65.79,1026,50.47,0,34.23,35.09,0.065
"2020-12-27 12:00:00",4775,14,100.123,2.86,3.476,36.18,32.96,69.52,1050,51.98,0,35.4,36.26,0.065
"2020-12-27 13:00:00",4776,14.01,100.0508,3.359,23.58,31.34,32.01,72.4,948,48.84,0,35.08,35.77,0.064
"2020-12-27 14:00:00",4777,14.05,99.97084,3.437,32.35,32.73,32.14,72.15,942,47.23,0,35.43,36.18,0.064
"2020-12-27 15:00:00",4778,14.22,99.89735,3.404,29.12,30.66,31.55,74.74,840,40.58,0,34.91,35.58,0.063
"2020-12-27 16:00:00",4779,14.01,99.88924,3.191,28.27,26.58,31.15,75.23,604,28.41,0,32.83,34.61,0.063
"2020-12-27 17:00:00",4780,13.99,99.88297,3.284,22.69,29.04,29.91,77.87,423.8,18.12,0,31.69,32.39,0.062
"2020-12-27 18:00:00",4781,13.46,99.95599,2.523,27.65,28.27,29.07,81.8,214.7,9.08,0,29.52,30.45,0.062
"2020-12-27 19:00:00",4782,12.95,100.0047,1.615,27.82,24.54,27.73,86.8,24.41,1.509,0,27.89,28.69,0.062
"2020-12-27 20:00:00",4783,12.94,100.1183,1.107,23.27,23.16,26.86,86.7,0,0.002,0,27.06,27.4,0.062
"2020-12-27 21:00:00",4784,12.94,100.1609,0.396,14.07,18.73,26.06,92,0,0,0,26.63,26.83,0.061
"2020-12-27 22:00:00",4785,12.91,100.3209,0.157,207.7,6.323,25.06,96.4,0,0,0,25.64,26.03,0.061
"2020-12-27 23:00:00",4786,12.89,100.4594,0.637,191.1,31.6,24.86,95.5,0,0,0,25.36,25.45,0.061
"2020-12-28 00:00:00",4787,12.88,100.4821,0.291,184.2,23.89,25.21,95.9,0,0,0,25.53,25.81,0.061
"2020-12-28 01:00:00",4788,12.85,100.5196,0.886,164.8,44.64,25.22,93.4,0,0,0,25.56,25.75,0.061
"2020-12-28 02:00:00",4789,12.88,100.5142,0.927,165.4,45.67,24.8,95.2,0,0,0,25.07,25.41,0.061
"2020-12-28 03:00:00",4790,12.83,100.5319,1.118,163.3,46.5,23.92,97.2,0,0,0,24.15,24.59,0.061
"2020-12-28 04:00:00",4791,12.78,100.5408,1.087,169.4,48.25,23.42,96,0,0,0,23.96,24.06,0.061
"2020-12-28 05:00:00",4792,12.83,100.6056,0.977,184.1,43.93,23.36,96.5,0,0.01,0,23.7,23.93,0.06
"2020-12-28 06:00:00",4793,12.82,100.6545,1.043,181.8,47.36,23.12,90.6,27.16,1.588,0,23.48,23.61,0.06
"2020-12-28 07:00:00",4794,12.87,100.7062,1.411,172.8,53.65,24.37,83.4,173.6,8.29,0,23.73,24.89,0.06
"2020-12-28 08:00:00",4795,13.42,100.7117,1.554,174.6,50.08,24.94,79.04,208,11.73,0,25.05,25.62,0.06
"2020-12-28 09:00:00",4796,13.72,100.7677,1.764,164.5,54.87,25.59,82.4,229.2,13.31,0,25.98,26.61,0.06
"2020-12-28 10:00:00",4797,13.74,100.7433,1.542,158.9,47.34,26.06,74.84,322.7,19.02,0,26.12,27.15,0.06
"2020-12-28 11:00:00",4798,14.18,100.732,2.059,154.3,49.95,28.71,72.25,829,45.09,0,29.28,31,0.06
"2020-12-28 12:00:00",4799,14.15,100.7155,1.908,160.2,47.51,28.92,72.97,681.2,37.57,0,30.72,31.5,0.06
"2020-12-28 13:00:00",4800,14.08,100.6519,2.037,152.6,52.94,29.33,69.68,944,48.59,0,30.72,32.44,0.059
"2020-12-28 14:00:00",4801,14.09,100.61,1.918,151.4,52.6,29.77,67.81,952,48.64,0,32.35,33.27,0.059
"2020-12-28 15:00:00",4802,14.22,100.554,1.768,146.2,50.25,29.75,66.87,853,42.17,0,32.54,33.45,0.058
"2020-12-28 16:00:00",4803,14.12,100.5048,1.678,150.8,49.75,29.36,68.32,664,31.48,0,32.17,32.7,0.058
"2020-12-28 17:00:00",4804,13.81,100.474,1.284,139,47.67,28.91,70.8,435.7,19.49,0,30.51,31.62,0.058
"2020-12-28 18:00:00",4805,13.01,100.5161,0.893,121.8,45.47,27.31,81.9,175.7,8.25,0,26.98,28.79,0.057
"2020-12-28 19:00:00",4806,12.95,100.5662,0.41,130.6,30.76,24.67,88.9,6.954,1.135,0,25.34,25.96,0.057
"2020-12-28 20:00:00",4807,12.88,100.6788,0.006,182.3,3.985,23.52,93.4,0,0,0,24.7,25.11,0.057
"2020-12-28 21:00:00",4808,12.91,100.6545,0.012,224.5,2.505,22.88,95.6,0,0,0,24.2,24.53,0.056
"2020-12-28 22:00:00",4809,12.92,100.6464,0,0,0,22.21,97.4,0,0,0,23.51,23.84,0.056
"2020-12-28 23:00:00",4810,12.86,100.5977,0,0,0,21.66,98.5,0,0,0,23.14,23.24,0.056
"2020-12-29 00:00:00",4811,12.83,100.5652,0.109,237.4,9,21.73,99,0,0,0,22.86,23.03,0.056
"2020-12-29 01:00:00",4812,12.85,100.5246,0.085,251.5,10.48,21.82,99,0,0,0,22.82,22.99,0.056
"2020-12-29 02:00:00",4813,12.84,100.5002,0.079,243.9,11.23,21.72,99.2,0,0,0,22.72,22.77,0.056
"2020-12-29 03:00:00",4814,12.81,100.4515,0.041,243.6,7.183,21.52,99.4,0,0,0,22.48,22.58,0.056
"2020-12-29 04:00:00",4815,12.78,100.4434,0,0,0,20.9,99.7,0,0,0,21.8,22.19,0.056
"2020-12-29 05:00:00",4816,12.76,100.4434,0,0,0,20.44,100,0.378,0.036,0,21.39,21.62,0.056
"2020-12-29 06:00:00",4817,12.76,100.4515,0.012,33.52,2.362,20.94,100,55.8,2.585,0,21.36,22.18,0.056
"2020-12-29 07:00:00",4818,12.94,100.436,0.832,356.1,28.69,24.18,88.4,256.2,11.08,0,24.24,26.4,0.055
"2020-12-29 08:00:00",4819,13.68,100.4171,1.763,3.997,34.09,27.57,77.76,499.7,22.47,0,28.73,29.04,0.055
"2020-12-29 09:00:00",4820,13.74,100.3969,1.975,2.539,35.18,29.7,70.79,719.8,34.22,0,29.45,30.78,0.055
"2020-12-29 10:00:00",4821,14.07,100.3328,2.133,7.187,37.6,31.37,65.24,893,43.87,0,32.23,33.61,0.055
"2020-12-29 11:00:00",4822,14.02,100.2682,2.354,20.46,33.76,32.55,66.02,1025,50.23,0,35.19,36.38,0.055
"2020-12-29 12:00:00",4823,14.13,100.2214,2.614,29.86,30.16,32.86,68.65,1083,54.57,0,36.8,37.17,0.054
"2020-12-29 13:00:00",4824,14.19,100.2057,3.297,33.35,29.97,32.28,71.35,1070,53.98,0,35.99,36.87,0.053
"2020-12-29 14:00:00",4825,14.21,100.1332,3.64,31.01,29.92,31.47,72.7,1000,49.89,0,35.67,36.18,0.053
"2020-12-29 15:00:00",4826,14.2,100.0523,3.72,34.39,32,30.69,75.2,867,42.29,0,34.22,35.34,0.052
"2020-12-29 16:00:00",4827,14.12,99.99551,3.539,29.8,32.71,30.14,74.31,677.9,31.68,0,33.36,34.09,0.051
"2020-12-29 17:00:00",4828,13.82,100.0209,3.395,25.49,28.83,29.35,76.09,441.2,18.97,0,31.4,32.4,0.051
"2020-12-29 18:00:00",4829,12.99,100.0615,2.92,30.43,26.99,28.52,80.5,198.1,8.54,0,28.27,29.72,0.05
"2020-12-29 19:00:00",4830,12.94,100.1346,1.752,28.69,22.54,26.8,87.9,9.12,1.31,0,26.92,27.52,0.05
"2020-12-29 20:00:00",4831,12.93,100.1948,0.952,28.41,20.73,25.85,91.9,0,0.001,0,26.28,26.56,0.05
"2020-12-29 21:00:00",4832,12.93,100.2292,1.323,25.99,22.46,25.64,93.3,0,0,0,26.05,26.12,0.05
"2020-12-29 22:00:00",4833,12.93,100.3017,0.896,7.972,27.06,25.64,95.1,0,0,0,25.73,26,0.049
"2020-12-29 23:00:00",4834,12.91,100.3053,0.302,344.9,22.11,24.91,97,0,0,0,25.4,25.55,0.049
"2020-12-30 00:00:00",4835,12.91,100.2405,0.093,345.9,9.81,24.34,98.4,0,0,0,24.94,25.18,0.049
"2020-12-30 01:00:00",4836,12.89,100.2484,0.151,334.9,10.21,23.97,99.1,0,0,0,24.71,24.85,0.049
"2020-12-30 02:00:00",4837,12.85,100.2242,0.561,357.7,24.73,24.13,98.8,0,0,0,24.81,24.9,0.049
"2020-12-30 03:00:00",4838,12.82,100.2241,0.833,353.6,29.48,24.7,97.5,0,0,0,25.02,25.16,0.049
"2020-12-30 04:00:00",4839,12.78,100.2398,0.49,338.9,25.9,24.56,98.7,0,0,0,24.69,24.85,0.049
"2020-12-30 05:00:00",4840,12.8,100.2884,0.605,352.7,29.35,24.73,98.9,0.091,0.028,0,24.87,25.21,0.049
"2020-12-30 06:00:00",4841,12.77,100.3567,0.921,8.64,28.04,25.16,97.5,28.49,1.795,0,25.35,25.68,0.049
"2020-12-30 07:00:00",4842,12.84,100.3783,1.382,1.496,35.46,26.29,89.5,164.9,9.5,0,26.05,27.05,0.049
"2020-12-30 08:00:00",4843,13.51,100.4018,2.098,5.601,35.23,28.61,75.64,510.2,22.68,0,28.87,29.81,0.049
"2020-12-30 09:00:00",4844,13.54,100.3953,2.138,359.3,35.71,31,68.13,736.3,34.57,0,30.47,31.84,0.048
"2020-12-30 10:00:00",4845,13.68,100.3811,2.383,2.468,40.21,32.64,61.85,921,44.75,0,33.19,34.71,0.048
"2020-12-30 11:00:00",4846,13.94,100.3259,2.329,5.604,39.45,34.16,57.08,1044,51.69,0,36.51,37.97,0.047
"2020-12-30 12:00:00",4847,14.09,100.3039,2.421,8.05,38.56,35.37,56.99,1098,54.76,0,38.46,39.25,0.047
"2020-12-30 13:00:00",4848,14.13,100.2717,2.805,32.93,30.44,35.26,55.48,1087,54.46,0,39.72,40.23,0.046
"2020-12-30 14:00:00",4849,14.15,100.2394,3.028,35.73,29.56,34.69,56.88,1018,50.46,0,38.84,39.9,0.045
"2020-12-30 15:00:00",4850,14.17,100.2066,2.905,43.21,29.37,34,62.4,884,42.96,0,38.24,39.08,0.045
"2020-12-30 16:00:00",4851,14.07,100.1911,3.276,57.86,25.37,32.68,64.79,694.8,32.46,0,35.89,36.87,0.044
"2020-12-30 17:00:00",4852,13.44,100.1995,2.92,48.88,27.47,31.48,73.45,467,20.55,0,34,35.12,0.043
"2020-12-30 18:00:00",4853,12.96,100.2401,2.585,54.91,27.38,29.8,87.6,214.2,9.21,0,29.46,31.52,0.043
"2020-12-30 19:00:00",4854,12.94,100.3131,1.649,72.99,21.49,27.69,94.1,15.53,1.516,0,28.42,28.86,0.043
"2020-12-30 20:00:00",4855,12.93,100.4349,0.442,133.1,36.21,27.26,94.5,0,0.001,0,28.27,28.44,0.042
"2020-12-30 21:00:00",4856,12.93,100.5566,0.248,173.1,24.28,27.37,93.3,0,0,0,28.17,28.3,0.042
"2020-12-30 22:00:00",4857,12.92,100.6138,0.377,162.5,23.99,26.74,95.7,0,0,0,27.25,27.6,0.042
"2020-12-30 23:00:00",4858,12.88,100.6057,0.893,170.9,48.39,26.2,94.7,0,0,0,26.39,26.86,0.042
"2020-12-31 00:00:00",4859,12.87,100.6501,1.268,174,45.58,25.7,93.4,0,0,0,25.93,26.2,0.042
"2020-12-31 01:00:00",4860,12.84,100.6696,1.158,174.3,46.96,25.17,93.5,0,0,0,25.34,25.61,0.041
"2020-12-31 02:00:00",4861,12.85,100.6372,1.052,175,44.13,24.73,92.4,0,0,0,24.8,25.12,0.041
"2020-12-31 03:00:00",4862,12.83,100.5976,0.807,175.5,39.27,24.17,95.3,0,0,0,24.31,24.55,0.041
"2020-12-31 04:00:00",4863,12.8,100.6139,0.74,170.2,43.32,23.93,94.7,0,0,0,24.22,24.37,0.041
"2020-12-31 05:00:00",4864,12.82,100.622,0.521,153.3,30.88,24.05,96.1,0.026,0.03,0,24.25,24.45,0.041
"2020-12-31 06:00:00",4865,12.77,100.6626,0.319,152,25.97,24.11,92.9,61.02,2.432,0,24.22,24.67,0.041
"2020-12-31 07:00:00",4866,13.21,100.6703,1.028,146.9,41.02,26.69,84.5,290,11.68,0,26.46,28.69,0.041
"2020-12-31 08:00:00",4867,13.71,100.6589,0.906,130.8,46.04,28.75,78.23,535.8,24.12,0,30.65,31.85,0.041
"2020-12-31 09:00:00",4868,13.93,100.652,1.098,49.82,31.91,29.69,76.33,480.7,24.99,0,32.04,32.3,0.04
"2020-12-31 10:00:00",4869,14.02,100.5634,1.472,55.68,33.09,30.28,71.84,580.1,31.32,0,32.43,33.51,0.04
"2020-12-31 11:00:00",4870,14.05,100.4817,2.179,35.32,33.76,31.86,65.98,908,47.07,0,35.23,36.67,0.04
"2020-12-31 12:00:00",4871,14.03,100.4153,2.146,15.99,38.38,32.75,65.18,1023,53.42,0,36.87,37.76,0.039
"2020-12-31 13:00:00",4872,14.03,100.3288,2.175,27.59,37.35,33.44,66.13,981,50.88,0,38.27,39.33,0.039
"2020-12-31 14:00:00",4873,13.99,100.2317,2.433,34.91,31.08,34.16,67.71,993,50.22,0,39.12,40.27,0.039
"2020-12-31 15:00:00",4874,14.17,100.1508,2.908,42.54,27.39,33.79,68.03,854,42.29,0,38.32,39.37,0.038
"2020-12-31 16:00:00",4875,14.1,100.1102,3.042,43.26,28.77,32.8,67.42,679.9,32.19,0,36.77,37.68,0.038
"2020-12-31 17:00:00",4876,13.74,100.0932,2.761,45.22,26.24,31.94,71.19,455.5,20.42,0,34.55,35.87,0.038
"2020-12-31 18:00:00",4877,13.01,100.0859,2.596,40.31,28.08,30.36,78.63,207.1,9.09,0,30.2,32.2,0.037
"2020-12-31 19:00:00",4878,12.95,100.1183,2.263,32.3,28.32,28.28,89.2,17.59,1.595,0,28.43,29.31,0.037
"2020-12-31 20:00:00",4879,12.94,100.1434,2.273,26.07,26.51,27.4,92.2,0,0.003,0,27.82,28.06,0.037
"2020-12-31 21:00:00",4880,12.93,100.2085,2.119,24.17,26.48,27.34,92.8,0,0,0,27.61,27.73,0.037
"2020-12-31 22:00:00",4881,12.93,100.2812,1.227,9.83,31.61,27.22,92.7,0,0,0,27.19,27.48,0.037
"2020-12-31 23:00:00",4882,12.92,100.2836,0.83,7.888,26.5,26.72,95.5,0,0,0,26.85,27.05,0.036
"2021-01-01 00:00:00",4883,12.91,100.2624,0.045,348.9,11.75,26.05,97.3,0,0,0,26.28,26.61,0.036
"2021-01-01 01:00:00",4884,12.89,100.2643,0.006,328.3,5.232,25.54,98.4,0,0,0,25.57,25.92,0.036
"2021-01-01 02:00:00",4885,12.86,100.2242,0.035,328.9,12.76,25.19,99.2,0,0,0,25.38,25.45,0.036
"2021-01-01 03:00:00",4886,12.85,100.2385,0.252,344.4,27.98,25.56,99.1,0,0,0,25.49,25.79,0.036
"2021-01-01 04:00:00",4887,12.85,100.2474,0.056,12.07,6.464,25.44,99.4,0,0,0,25.4,25.56,0.036
"2021-01-01 05:00:00",4888,12.8,100.3134,0.106,1.009,19.72,25.13,99.5,0.462,0.028,0,25.21,25.41,0.036
"2021-01-01 06:00:00",4889,12.82,100.4098,0.065,209.7,15.97,25.58,96.9,61.69,2.604,0,25.4,26.08,0.036
"2021-01-01 07:00:00",4890,12.99,100.5323,0.5,189.5,27.57,26.91,90.6,144.3,7.664,0,26.97,27.71,0.036
"2021-01-01 08:00:00",4891,13.48,100.6459,1.058,176.8,44.08,28.45,88.2,253.8,14.19,0,28.64,29.51,0.036
"2021-01-01 09:00:00",4892,13.55,100.7271,1.768,168.4,48.22,27.24,89.7,230.9,13.16,0,27.57,28.7,0.036
"2021-01-01 10:00:00",4893,14.1,100.7109,2.049,165.6,52.2,27.3,80.4,353.7,20.8,0,27.92,28.68,0.036
"2021-01-01 11:00:00",4894,14.13,100.7501,2.587,153.3,53.14,29.3,73.56,843,45.16,0,30.39,31.85,0.036
"2021-01-01 12:00:00",4895,14.13,100.7838,2.814,151.4,50.54,28.77,74.11,628.2,38.28,0,30.07,31.15,0.035
"2021-01-01 13:00:00",4896,14.08,100.8403,3.201,154.3,45.94,29.04,78.04,830,44.92,0,29.2,32.03,0.035
"2021-01-01 14:00:00",4897,14.07,100.8813,3.304,161.1,50.44,26.24,85.1,316.6,20.1,0,26.49,28.09,0.035
"2021-01-01 15:00:00",4898,13.95,100.9631,2.672,158.1,53.36,24.75,80.3,145,9.84,0,25.7,26.04,0.035
"2021-01-01 16:00:00",4899,13.16,100.967,2.791,162.1,51.51,24.18,83.4,82.5,5.852,0,24.47,25.15,0.035
"2021-01-01 17:00:00",4900,12.98,101.0359,2.411,157.2,53.92,23.9,81,56.71,4.04,0,24.43,24.61,0.035
"2021-01-01 18:00:00",4901,12.92,101.0677,2.511,159.1,54.83,24.26,79.41,38.01,2.608,0,24.6,24.77,0.034
"2021-01-01 19:00:00",4902,12.88,101.1739,2.143,162.7,53.49,23.76,86,7.563,0.554,0,23.69,24.21,0.034
"2021-01-01 20:00:00",4903,12.88,101.3201,1.859,164.3,52.53,23.38,94.3,0,0,0,22.83,23.74,0.034
"2021-01-01 21:00:00",4904,12.9,101.3607,2.116,156.1,57.9,22.48,92.7,0,0,0,22.32,22.64,0.034
"2021-01-01 22:00:00",4905,12.9,101.4257,2.163,162.9,54.41,22.45,82.6,0,0,0,21.99,22.3,0.034
"2021-01-01 23:00:00",4906,12.89,101.4581,2.141,154.1,53.95,23.02,78.64,0,0,0,22.38,22.65,0.034
"2021-01-02 00:00:00",4907,12.87,101.45,2.264,156.8,51.26,23.25,84.7,0,0,0,22.23,22.99,0.034
"2021-01-02 01:00:00",4908,12.79,101.4662,2.102,158.2,46.76,21.37,87.3,0,0,0,20.89,21.4,0.034
"2021-01-02 02:00:00",4909,12.81,101.45,1.851,160.2,51.25,22.3,74.84,0,0,0,20.89,21.55,0.034
"2021-01-02 03:00:00",4910,12.81,101.515,1.598,168,53.22,23,80.3,0,0,0,22.04,22.41,0.034
"2021-01-02 04:00:00",4911,12.79,101.5393,1.662,193.4,46.51,20.14,97.8,0,0,0.762,20.04,20.6,0.034
"2021-01-02 05:00:00",4912,12.77,101.5799,1.316,197.2,43.6,19.4,98,0.047,0.01,0.254,19.7,19.98,0.034
"2021-01-02 06:00:00",4913,12.76,101.6367,1.415,204.2,40.57,19.04,97.8,21.79,1.34,0,19.49,19.57,0.034
"2021-01-02 07:00:00",4914,12.76,101.7179,1.476,200.3,38.92,19.17,98.3,61.64,3.396,0.254,19.66,19.78,0.034
"2021-01-02 08:00:00",4915,13.08,101.7422,1.653,199,43.32,19.59,99,145.6,8.67,1.27,20,20.34,0.034
"2021-01-02 09:00:00",4916,13.59,101.726,1.429,199.2,40.71,20.15,93.9,237.9,14.19,0,20.47,21.09,0.034
"2021-01-02 10:00:00",4917,13.86,101.7422,1.569,188.4,46.25,21.44,94.7,273.1,16.74,0,22.12,22.37,0.034
"2021-01-02 11:00:00",4918,14.14,101.7179,1.671,178,51.72,21.56,92.3,367.9,23.32,0.508,22.15,22.7,0.034
"2021-01-02 12:00:00",4919,14.25,101.6446,1.834,175.6,56.27,24.06,74.11,612.5,36.12,0,23.41,25.2,0.034
"2021-01-02 13:00:00",4920,13.9,101.6144,1.835,148.8,54.94,23.79,83.9,288.8,18.09,0,22.78,24.82,0.034
"2021-01-02 14:00:00",4921,14.18,101.5469,2.031,150.5,51.27,25.5,70.79,632.8,34.77,0,23.38,26.64,0.034
"2021-01-02 15:00:00",4922,14.17,101.49,2.075,146.2,48.36,25.26,73.5,382.5,22.42,0,26.03,26.52,0.034
"2021-01-02 16:00:00",4923,13.56,101.5144,1.931,155.2,49.18,24.84,85.2,278.3,15.98,0.254,24.22,26.07,0.034
"2021-01-02 17:00:00",4924,13.04,101.5149,1.383,178.7,48.03,22.16,93.4,52.04,3.759,0,22.15,22.93,0.034
"2021-01-02 18:00:00",4925,12.93,101.5393,1.223,193.2,42.7,20.99,96.1,29.02,2.679,0.254,21.32,21.7,0.034
"2021-01-02 19:00:00",4926,12.92,101.5718,0.991,193.3,39.18,20.4,97.8,3.394,0.383,1.27,20.86,21.13,0.034
"2021-01-02 20:00:00",4927,12.92,101.6042,0.924,195.6,37.92,20.18,98.4,0,0,0,20.68,20.87,0.034
"2021-01-02 21:00:00",4928,12.91,101.6042,1.066,210.1,29.18,19.93,98.9,0,0,0,20.47,20.56,0.034
"2021-01-02 22:00:00",4929,12.9,101.6367,0.998,210.5,26.83,19.92,99,0,0,0,20.44,20.51,0.034
"2021-01-02 23:00:00",4930,12.91,101.588,1.135,205.8,30.59,19.87,98.7,0,0,0,20.3,20.39,0.034
"2021-01-03 00:00:00",4931,12.88,101.5312,1.217,208.4,30.68,19.82,98.5,0,0,0,20.2,20.27,0.034
"2021-01-03 01:00:00",4932,12.86,101.4581,1.142,210.5,29.28,19.73,97.9,0,0,0,20.08,20.15,0.034
"2021-01-03 02:00:00",4933,12.87,101.4094,0.882,204.3,27.5,19.66,97.4,0.003,0,0,19.92,20.08,0.034
"2021-01-03 03:00:00",4934,12.85,101.3688,0.99,204,29.62,19.43,97.4,0,0,0,19.58,19.75,0.034
"2021-01-03 04:00:00",4935,12.82,101.3526,1.169,204.4,30.23,19.49,95.5,0.599,0,0,19.58,19.74,0.034
"2021-01-03 05:00:00",4936,12.76,101.3851,0.849,201.5,31.94,19.56,96.1,0.318,0.004,0,19.8,19.85,0.034
"2021-01-03 06:00:00",4937,12.75,101.377,0.882,198.5,31.22,19.81,94.3,30.76,1.457,0,19.89,20.13,0.034
"2021-01-03 07:00:00",4938,12.8,101.3932,0.724,184.9,29.37,20.64,92.1,79.04,4.646,0,20.69,21.07,0.034
"2021-01-03 08:00:00",4939,13.23,101.377,0.851,185.4,36.05,21.31,96.3,134.3,8.34,0,21.6,21.95,0.034
"2021-01-03 09:00:00",4940,13.61,101.3201,0.896,191.7,39.97,22.16,91.9,273,15.86,0,22.13,23.32,0.034
"2021-01-03 10:00:00",4941,14.08,101.2466,0.763,188.6,40.09,24.75,77.47,525.6,29.04,0,24.26,26.33,0.034
"2021-01-03 11:00:00",4942,14.09,101.1543,0.862,131.2,50.07,27.24,72.48,715,38.53,0,28.5,30.15,0.034
"2021-01-03 12:00:00",4943,14.14,101.0815,0.978,112.9,43.97,27.87,68.3,640.3,36.15,0,29.7,30.71,0.034
"2021-01-03 13:00:00",4944,14.19,101.0262,1.19,100.3,50.5,28.2,69.69,601.4,34.55,0,30.66,31.65,0.034
"2021-01-03 14:00:00",4945,14.19,100.9366,1.476,91,46.75,27.86,73.99,515.8,29.64,0,30.13,31.13,0.034
"2021-01-03 15:00:00",4946,14.19,100.8638,1.776,90.9,38,27.08,75.22,472,26.65,0,29.35,30.05,0.034
"2021-01-03 16:00:00",4947,14.18,100.8161,1.782,94.4,38.89,27.04,78.08,383.3,21.69,0,28.52,29.8,0.034
"2021-01-03 17:00:00",4948,13.99,100.8001,2.087,76.05,25.01,26.29,81,226.4,12.93,0,27.58,28.34,0.034
"2021-01-03 18:00:00",4949,13.27,100.8001,2.015,74.97,23.76,25.69,85.1,102.3,6.02,0,26.37,27.01,0.034
"2021-01-03 19:00:00",4950,12.96,100.8423,1.515,76.92,23.02,25.19,87.5,22.79,1.348,0,25.44,25.92,0.034
"2021-01-03 20:00:00",4951,12.96,100.847,0.872,65.24,16.48,24.63,90.1,0,0,0,24.91,25.16,0.034
"2021-01-03 21:00:00",4952,12.95,100.8894,0.195,85.7,8.97,24.05,92.7,0,0,0,24.34,24.52,0.034
"2021-01-03 22:00:00",4953,12.94,100.8899,0.121,79.53,8.56,23.96,94.3,0,0,0,23.68,24.13,0.034
"2021-01-03 23:00:00",4954,12.93,100.8493,0.001,252.7,0,23.34,96.9,0,0,0,23.5,23.61,0.034
"2021-01-04 00:00:00",4955,12.92,100.7844,0.004,278.7,1.217,22.74,98.3,0,0,0,23.3,23.44,0.034
"2021-01-04 01:00:00",4956,12.91,100.7519,0.019,253.8,7.098,23.08,98.2,0,0,0,23.56,23.82,0.034
"2021-01-04 02:00:00",4957,12.9,100.687,0.019,234.2,4.19,23,98.3,0,0,0,23.45,23.73,0.034
"2021-01-04 03:00:00",4958,12.85,100.6707,0.026,248.4,3.951,22.66,98.8,0,0,0,23.13,23.22,0.034
"2021-01-04 04:00:00",4959,12.87,100.6951,0.021,245,5.588,22.57,99.1,0,0,0,23.05,23.11,0.034
"2021-01-04 05:00:00",4960,12.85,100.7032,0.001,220.1,0,22.44,99.4,0.075,0.014,0,22.92,23.07,0.034
"2021-01-04 06:00:00",4961,12.84,100.7194,0.001,252.1,0,22.51,99.4,39.37,2.152,0,22.88,23.19,0.034
"2021-01-04 07:00:00",4962,12.96,100.7574,0.212,300.6,16.9,24.09,93.1,144.1,7.628,0,23.98,24.95,0.034
"2021-01-04 08:00:00",4963,13.43,100.7271,0.647,322.5,29.76,25.77,85.5,227.8,13.97,0,25.85,26.58,0.034
"2021-01-04 09:00:00",4964,13.72,100.6658,1.453,338.8,36.78,27.77,75,568.1,28.53,0,27.4,29.45,0.034
"2021-01-04 10:00:00",4965,14.09,100.6028,1.288,330.3,37.04,28.72,70.58,534.9,30.42,0,30.06,31.15,0.034
"2021-01-04 11:00:00",4966,14.14,100.5671,1.418,19.03,35.29,30.03,65.68,698.8,38.79,0,32.98,34.05,0.034
"2021-01-04 12:00:00",4967,14.11,100.5374,1.896,50.7,34.75,30.59,69.95,754.2,40.7,0,33.6,34.91,0.034
"2021-01-04 13:00:00",4968,14.16,100.4743,2.465,54.83,26.97,30.91,65.99,946,49.8,0,33.89,35.78,0.034
"2021-01-04 14:00:00",4969,14.18,100.4013,2.856,44.19,32.15,30.7,69.21,869,45.46,0,34.06,36,0.034
"2021-01-04 15:00:00",4970,14.2,100.3613,3.044,49.82,28.39,29.09,76.38,499.8,29.17,0,31.79,32.88,0.034
"2021-01-04 16:00:00",4971,14.14,100.3375,2.879,48.82,28.42,28.57,76.01,368.8,20.8,0,30.98,31.52,0.034
"2021-01-04 17:00:00",4972,14.02,100.3131,2.687,50.8,27.89,27.78,78.98,208.9,11.84,0,28.89,30.02,0.034
"2021-01-04 18:00:00",4973,13,100.4024,2.257,51.18,25.13,27.02,84,68.71,3.963,0,27.87,28.34,0.034
"2021-01-04 19:00:00",4974,12.95,100.4268,1.795,54.64,24.78,26.44,86.9,7.438,0.569,0,26.8,27.28,0.034
"2021-01-04 20:00:00",4975,12.95,100.5244,0.88,54.83,22.15,25.98,88.9,0,0,0,26.51,26.68,0.033
"2021-01-04 21:00:00",4976,12.91,100.5365,0.079,70.65,5.375,25.53,95.1,0,0,0.762,26.27,26.44,0.033
"2021-01-04 22:00:00",4977,12.93,100.5532,0.007,297.6,0.855,25,97.8,0,0,0.762,26.05,26.12,0.033
"2021-01-04 23:00:00",4978,12.87,100.4658,0.061,7.196,12,24.74,98.7,0,0,1.016,25.75,25.91,0.033
"2021-01-05 00:00:00",4979,12.89,100.3943,0.079,12.94,9.51,24.58,99.3,0,0,0.254,25.48,25.6,0.033
"2021-01-05 01:00:00",4980,12.86,100.3841,0.026,321.5,6.077,24.31,99.7,0,0,0,25.06,25.29,0.033
"2021-01-05 02:00:00",4981,12.88,100.3861,0.017,310.8,7.683,24.33,99.8,0,0,0.254,25.06,25.24,0.033
"2021-01-05 03:00:00",4982,12.87,100.3297,0.004,351.6,2.877,24.25,100,0,0,0,25.05,25.19,0.033
"2021-01-05 04:00:00",4983,12.85,100.346,0.047,329.3,9.42,24.13,100,0,0,0,24.69,24.99,0.033
"2021-01-05 05:00:00",4984,12.84,100.361,0.11,15.48,11.37,23.95,100,0.025,0.01,0,24.63,24.72,0.033
"2021-01-05 06:00:00",4985,12.78,100.369,0.162,12.9,12.95,24.16,100,12.09,0.813,0,24.78,24.94,0.033
"2021-01-05 07:00:00",4986,12.8,100.3994,0.744,5.488,27.65,24.34,99.8,38.88,2.724,0.254,24.89,25.07,0.033
"2021-01-05 08:00:00",4987,13.1,100.3213,1.485,12.2,30.03,25.48,92.4,281.7,14.32,0,25.23,26.26,0.034
"2021-01-05 09:00:00",4988,13.74,100.2401,1.863,6.657,32.53,27.14,77.3,465.2,24.64,0,26.99,27.82,0.034
"2021-01-05 10:00:00",4989,14.07,100.1396,2.426,7.225,34.25,29.38,67.35,878,43.02,0,28.6,30.39,0.034
"2021-01-05 11:00:00",4990,14.04,100.0564,2.813,5.93,35.5,31.07,67.39,882,45.46,0,32.54,33.36,0.034
"2021-01-05 12:00:00",4991,14.05,100.0185,3.031,27.37,29.81,31.08,74.21,847,44.2,0,32.93,34.15,0.034
"2021-01-05 13:00:00",4992,14.1,99.94549,3.553,25.96,30.23,31.1,73.27,1002,50.61,0,34.12,35.02,0.034
"2021-01-05 14:00:00",4993,14.2,99.84109,3.692,26.63,29.48,30.92,73.46,910,46.18,0,33.86,35.08,0.034
"2021-01-05 15:00:00",4994,14.11,99.76077,3.467,27.88,30.31,30.35,77.36,533.6,29.37,0,32.03,33.65,0.034
"2021-01-05 16:00:00",4995,13.87,99.73688,3.097,28,28.61,28.38,84.4,168.3,11.44,0,28.85,30.18,0.034
"2021-01-05 17:00:00",4996,12.98,99.88297,2.634,27.2,28.7,27.2,89.2,56.16,3.753,0,27.69,28.28,0.034
"2021-01-05 18:00:00",4997,12.89,99.9815,1.378,314.1,46.69,25.42,97.8,0.988,0.15,5.334,24.58,26.42,0.033
"2021-01-05 19:00:00",4998,12.93,99.92383,0.169,287.9,21.93,23.28,98.3,0.015,0.01,1.27,24.43,24.75,0.034
"2021-01-05 20:00:00",4999,12.9,99.9401,0.099,34.86,9.38,23.36,98.5,0,0,0.254,24.72,24.85,0.045
"2021-01-05 21:00:00",5000,12.89,100.0132,0.324,332.6,20.59,23.55,98.8,0.038,0,0,24.48,24.62,0.054
"2021-01-05 22:00:00",5001,12.92,100.0365,0.214,326.2,16.91,24.16,98.9,0.088,0,0,24.57,24.88,0.057
"2021-01-05 23:00:00",5002,12.91,100.0604,0.447,311.6,33.08,24.69,99.4,0,0,0.254,25.15,25.26,0.058
"2021-01-06 00:00:00",5003,12.86,100.0772,0.61,206.2,25.42,24.52,99.7,0.07,0,0,24.88,24.97,0.059
"2021-01-06 01:00:00",5004,12.89,100.0036,0.003,173.6,1.017,24.46,99.9,0,0,0,24.94,25.16,0.059
"2021-01-06 02:00:00",5005,12.88,99.99526,0.002,175.6,0.388,24.42,100,0,0,0,25.05,25.2,0.059
"2021-01-06 03:00:00",5006,12.86,99.98828,0.261,201.8,12.71,24.28,100,0,0,0.254,24.72,24.91,0.06
"2021-01-06 04:00:00",5007,12.84,100.0101,0.147,191.5,13.77,24.32,100,0,0,10.67,24.62,24.75,0.06
"2021-01-06 05:00:00",5008,12.82,100.0759,0.352,184.6,28,24.38,100,0.001,0,0.508,24.62,24.69,0.099
"2021-01-06 06:00:00",5009,12.76,100.1662,0.344,191.1,27.69,23.9,100,3.346,0.257,1.016,24.29,24.4,0.097
"2021-01-06 07:00:00",5010,12.75,100.2726,0.477,192.8,34.2,23.81,100,15.77,1.23,4.572,24.15,24.24,0.096
"2021-01-06 08:00:00",5011,12.78,100.2648,0.276,175.3,25.07,23.59,99.7,52.46,3.576,2.54,23.82,24.06,0.1
"2021-01-06 09:00:00",5012,13.07,100.302,0.397,188.3,28.07,24.41,98,164.4,10.56,0.508,24.56,25.03,0.103
"2021-01-06 10:00:00",5013,13.54,100.3137,1.331,179.6,47.4,25.07,92.3,260.4,15.8,0,25,25.32,0.097
"2021-01-06 11:00:00",5014,13.8,100.3294,1.45,189.9,44.68,25.3,92.9,254.6,16.28,0,25.75,25.94,0.093
"2021-01-06 12:00:00",5015,13.92,100.3294,2.01,188.6,45.47,25.96,85.5,456.2,27.5,0,25.98,26.83,0.09
"2021-01-06 13:00:00",5016,13.91,100.3537,1.801,183.3,51.59,26.83,88.2,444.3,27.29,0,26.64,27.97,0.088
"2021-01-06 14:00:00",5017,14.11,100.3618,1.948,176.5,51.73,27.15,81.8,477.7,28.7,0,27.84,28.36,0.085
"2021-01-06 15:00:00",5018,14.07,100.3375,1.641,173.9,50.19,27.09,79.54,346.3,20.63,0,27.76,28.13,0.084
"2021-01-06 16:00:00",5019,14.09,100.3375,2.051,173.5,53.15,26.9,76.68,270.1,16.32,0,26.94,27.61,0.082
"2021-01-06 17:00:00",5020,13.95,100.4024,1.963,170.1,51.31,26.81,76.69,259,13.82,0,26.61,27.4,0.081
"2021-01-06 18:00:00",5021,13.33,100.4673,1.887,169.7,51.08,26.03,75.32,147.3,7.196,0,25.62,26.32,0.08
"2021-01-06 19:00:00",5022,12.98,100.5658,1.844,177.5,57.25,24.78,77.14,21.98,1.348,0,24.15,24.77,0.079
"2021-01-06 20:00:00",5023,12.94,100.6621,1.626,189.5,47.32,24.1,78.39,0,0.002,0,23.78,23.91,0.078
"2021-01-06 21:00:00",5024,12.93,100.7091,1.46,195.8,44.44,23.92,80.6,0,0,0,23.73,23.81,0.077
"2021-01-06 22:00:00",5025,12.92,100.7434,1.569,198.4,39.87,23.76,82.2,0,0,0,23.59,23.71,0.077
"2021-01-06 23:00:00",5026,12.91,100.7349,1.69,195.6,44.21,23.46,83.8,0,0,0,23.24,23.47,0.076
"2021-01-07 00:00:00",5027,12.88,100.6625,1.781,197.5,44.2,23.11,82.2,0,0,0,22.86,23.1,0.076
"2021-01-07 01:00:00",5028,12.9,100.6707,1.649,192.6,49.22,22.86,79.78,0,0,0,22.77,22.83,0.075
"2021-01-07 02:00:00",5029,12.88,100.6626,1.635,199.6,43.95,22.55,80,0,0,0,22.32,22.49,0.075
"2021-01-07 03:00:00",5030,12.89,100.687,1.639,188.7,48.14,22.33,79.51,0,0,0,22.17,22.23,0.074
"2021-01-07 04:00:00",5031,12.87,100.7438,1.679,190.7,44.44,22.25,81,0,0,0,22.04,22.12,0.074
"2021-01-07 05:00:00",5032,12.86,100.76,1.64,192,46.13,21.76,84.5,0.047,0.01,0,21.34,21.65,0.074
"2021-01-07 06:00:00",5033,12.83,100.8331,1.653,198.2,45.1,21.79,82.9,22.28,1.477,0,21.34,21.71,0.073
"2021-01-07 07:00:00",5034,12.85,100.8574,1.848,191.9,45.48,22.57,79.48,149,7.851,0,22,22.78,0.073
"2021-01-07 08:00:00",5035,13.58,100.8737,2.019,189.4,46.66,23.86,79.05,318.1,16.27,0,24.16,24.71,0.073
"2021-01-07 09:00:00",5036,13.86,100.857,1.84,186.2,50.31,24.37,71.09,380.3,20.71,0,24.67,25.35,0.072
"2021-01-07 10:00:00",5037,14.17,100.8479,2.109,182.4,57.52,26.64,71.82,725.5,38.41,0,27.29,28.31,0.072
"2021-01-07 11:00:00",5038,14.17,100.8309,1.869,173.1,54.38,26.86,71.39,555.7,32.3,0,28.21,28.66,0.071
"2021-01-07 12:00:00",5039,14.12,100.7912,1.524,168.6,49.03,26.96,71.86,378.4,22.65,0,27.92,28.39,0.071
"2021-01-07 13:00:00",5040,14.08,100.7676,1.318,153.2,47.96,26.66,74.66,290.2,18.37,0,27.72,27.98,0.071
"2021-01-07 14:00:00",5041,14.09,100.7189,1.317,148.9,43.42,26.57,75.41,263.8,17.11,0,27.3,27.69,0.07
"2021-01-07 15:00:00",5042,13.99,100.6784,1.315,149.5,48.75,26.55,77.44,270.9,16.88,0,27.11,28.02,0.07
"2021-01-07 16:00:00",5043,14.17,100.6378,1.728,143.3,46.37,26.92,73.55,372,20.95,0,27.61,28.24,0.07
"2021-01-07 17:00:00",5044,13.95,100.6212,1.626,147.5,44.25,26.78,76.5,283.2,13.04,0,27.4,28.23,0.07
"2021-01-07 18:00:00",5045,13.14,100.6621,1.329,149.3,47.41,26.36,80.3,160.1,6.612,0,26.3,27.25,0.069
"2021-01-07 19:00:00",5046,12.97,100.7275,0.744,159.2,34.44,25.27,84.3,23.87,1.39,0,25,25.7,0.069
"2021-01-07 20:00:00",5047,12.93,100.7187,0.206,157.6,16.6,24.03,90.2,0,0.003,0,23.85,24.38,0.069
"2021-01-07 21:00:00",5048,12.92,100.7194,0.137,172.8,18.2,23.2,93.1,0,0,0,23.26,23.52,0.068
"2021-01-07 22:00:00",5049,12.92,100.7438,0.052,168.1,10.77,22.71,95,0,0,0,22.9,23.07,0.068
"2021-01-07 23:00:00",5050,12.9,100.7519,0.148,208.9,12.5,22.34,96.6,0,0,0,22.67,22.78,0.068
"2021-01-08 00:00:00",5051,12.87,100.6626,0.777,215.9,23.92,22.14,95.8,0,0,0,22.15,22.51,0.068
"2021-01-08 01:00:00",5052,12.87,100.5977,0.937,221.5,23.62,21.7,95.7,0,0,0,21.83,21.97,0.068
"2021-01-08 02:00:00",5053,12.84,100.5977,0.873,227,25.55,21.53,95.8,0,0,0,21.7,21.79,0.068
"2021-01-08 03:00:00",5054,12.87,100.5571,0.906,217.9,26.79,21.45,93.8,0,0,0,21.55,21.72,0.068
"2021-01-08 04:00:00",5055,12.85,100.549,0.518,197.9,25.41,21.36,95.2,0,0,0,21.49,21.61,0.068
"2021-01-08 05:00:00",5056,12.81,100.5571,0.341,201.6,21.49,21.55,93,0.118,0.004,0,21.46,21.72,0.067
"2021-01-08 06:00:00",5057,12.82,100.5327,0.568,215.9,25.9,21.85,90.3,43.99,2.006,0,21.89,22.12,0.067
"2021-01-08 07:00:00",5058,12.98,100.5731,0.542,207.7,34.06,24.89,80.9,286.2,11.61,0,23.45,26.49,0.067
"2021-01-08 08:00:00",5059,13.75,100.5385,0.46,191.1,43.69,26.8,76.85,413.4,20.31,0,28.57,29.16,0.067
"2021-01-08 09:00:00",5060,13.94,100.4948,0.681,42.88,38.41,28.08,71.77,530.3,26.67,0,29.12,29.81,0.067
"2021-01-08 10:00:00",5061,13.95,100.4829,0.802,27.44,35.63,27.9,71.06,450.4,26.32,0,29.67,30.52,0.067
"2021-01-08 11:00:00",5062,14.13,100.441,1.531,57.71,30.78,28.68,71.99,590.4,32.22,0,31.19,32.58,0.066
"2021-01-08 12:00:00",5063,14.17,100.3652,1.731,50.9,37.59,29.56,65.41,959,49.56,0,32.32,34.05,0.066
"2021-01-08 13:00:00",5064,14.13,100.3177,2.239,39.17,34.6,30.33,67.73,1123,55.4,0,35.05,36.13,0.066
"2021-01-08 14:00:00",5065,14.12,100.2551,2.57,50.43,29.76,30.06,65.34,982,49.49,0,34.79,35.74,0.065
"2021-01-08 15:00:00",5066,14.14,100.1979,2.731,57.09,30.07,29.31,68.89,771,39.31,0,32.76,34.25,0.065
"2021-01-08 16:00:00",5067,14.16,100.1743,2.703,58.88,28.24,29.13,68.5,682.2,32.77,0,32.33,33.49,0.064
"2021-01-08 17:00:00",5068,13.81,100.1816,2.621,62.43,28.99,28.8,69.16,476.7,21.18,0,30.83,32.21,0.064
"2021-01-08 18:00:00",5069,12.99,100.2156,2.516,56.98,22.42,27.75,77.49,216.9,9.26,0,27.48,29.03,0.064
"2021-01-08 19:00:00",5070,12.94,100.2648,1.784,52.59,24.15,26.03,84.4,21.33,1.702,0,26.27,26.84,0.063
"2021-01-08 20:00:00",5071,12.88,100.3687,0.28,52.79,10.3,24.55,90.3,0,0.004,0,25.28,25.74,0.063
"2021-01-08 21:00:00",5072,12.94,100.4109,0.002,133.2,0.597,23.57,91.2,0,0,0,23.92,24.54,0.063
"2021-01-08 22:00:00",5073,12.93,100.4921,0.002,144.9,1.375,23.66,90.5,0,0,0,23.8,24.04,0.063
"2021-01-08 23:00:00",5074,12.88,100.5246,0.001,207.2,0,23.58,92.7,0,0,0,23.93,24.22,0.063
"2021-01-09 00:00:00",5075,12.89,100.4678,0,0,0,23.16,94.4,0,0,0,23.74,24.04,0.063
"2021-01-09 01:00:00",5076,12.89,100.4353,0.001,207.2,0,23.04,95.5,0,0,0,23.49,23.65,0.062
"2021-01-09 02:00:00",5077,12.87,100.4272,0,0,0,22.48,96.8,0.052,0,0,22.94,23.29,0.063
"2021-01-09 03:00:00",5078,12.86,100.4515,0.003,205.9,0,22.99,93,0.187,0,0,23.16,23.48,0.062
"2021-01-09 04:00:00",5079,12.8,100.4921,0.004,220.4,1.179,23.38,95.3,0,0,0,23.64,24.02,0.062
"2021-01-09 05:00:00",5080,12.8,100.4921,0.002,192.5,0.378,23.31,95,0.015,0.006,0,23.97,24.09,0.062
"2021-01-09 06:00:00",5081,12.76,100.549,0,0,0,22.92,96,22.14,2.013,0,23.5,23.78,0.062
"2021-01-09 07:00:00",5082,12.84,100.5813,0.165,31.06,42.15,25.77,72.98,252.5,10.02,0,23.72,27,0.062
"2021-01-09 08:00:00",5083,13.43,100.6041,0.408,84,31.33,27.82,76.28,276,14.81,0,29.2,30.34,0.062
"2021-01-09 09:00:00",5084,13.48,100.572,0.786,51.68,47,28.19,65.58,573,25.89,0,28.52,29.83,0.062
"2021-01-09 10:00:00",5085,14.04,100.5449,1.598,87.4,42.02,29.61,67.2,813,37.52,0,32.22,32.82,0.062
"2021-01-09 11:00:00",5086,13.99,100.521,1.92,67.4,31.01,29.43,65.32,780.7,40.37,0,32.7,33.86,0.061
"2021-01-09 12:00:00",5087,13.96,100.4497,2.065,66.75,33.15,29.74,65.76,936,48.05,0,32.73,34.33,0.061
"2021-01-09 13:00:00",5088,14.05,100.3774,2.445,67.81,29.9,29.65,66.42,907,47.93,0,33.28,34.35,0.06
"2021-01-09 14:00:00",5089,14.19,100.3356,2.604,60.81,27.34,30.18,65.89,1065,52.62,0,34.41,35.97,0.06
"2021-01-09 15:00:00",5090,14.03,100.2628,2.684,55.75,29.59,29.79,67.18,895,43.69,0,34.69,35.74,0.059
"2021-01-09 16:00:00",5091,14.17,100.1894,2.756,56.63,30.17,29.37,66.99,710.5,33.37,0,33.12,34.39,0.059
"2021-01-09 17:00:00",5092,13.77,100.1503,2.731,61.17,26.54,28.93,70.59,479.3,21.2,0,31.2,32.66,0.059
"2021-01-09 18:00:00",5093,12.98,100.1914,2.626,52.1,26.54,27.68,74.69,222,9.34,0,27.31,29.08,0.058
"2021-01-09 19:00:00",5094,12.93,100.218,1.477,43.01,25.35,25.76,82.2,13.27,1.632,0,25.93,26.61,0.058
"2021-01-09 20:00:00",5095,12.88,100.281,0.048,44.91,5.278,23.79,90.8,0,0.003,0,24.45,25.32,0.058
"2021-01-09 21:00:00",5096,12.91,100.2811,0,0,0,22.62,94.3,0,0,0,23.44,23.86,0.057
"2021-01-09 22:00:00",5097,12.89,100.3541,0.06,285,12.7,22.32,94.8,0,0,0,22.69,23.11,0.057
"2021-01-09 23:00:00",5098,12.91,100.3217,0.05,278,5.105,21.38,97.2,0,0,0,22.04,22.38,0.057
"2021-01-10 00:00:00",5099,12.89,100.2973,0.003,296.6,0.483,21.33,97.8,0,0,0,21.92,21.99,0.057
"2021-01-10 01:00:00",5100,12.87,100.2405,0.1,285.6,10.9,21.28,98.1,0,0,0,21.84,21.99,0.057
"2021-01-10 02:00:00",5101,12.84,100.1999,0.033,285.1,5.865,21.15,98.3,0,0,0,21.77,21.96,0.057
"2021-01-10 03:00:00",5102,12.85,100.1999,0.002,285.1,1.376,20.62,99.3,0,0,0,21.21,21.41,0.057
"2021-01-10 04:00:00",5103,12.82,100.2161,0,0,0,21.12,99.3,0,0,0,21.36,22.05,0.057
"2021-01-10 05:00:00",5104,12.77,100.2405,0,0,0,20.28,99.9,0.008,0.005,0,20.89,21.36,0.056
"2021-01-10 06:00:00",5105,12.74,100.2729,0.017,345,4.734,20.67,99.8,44.5,2.048,0,20.8,21.39,0.056
"2021-01-10 07:00:00",5106,12.88,100.292,0.784,341.7,24.69,23.55,85.5,238.3,10.24,0,23.2,25.47,0.056
"2021-01-10 08:00:00",5107,13.62,100.2878,1.526,348.1,37.55,26.9,74.52,524.3,22.11,0,26.93,28.25,0.056
"2021-01-10 09:00:00",5108,13.94,100.3025,1.532,351.1,35.7,27.87,72.85,560.8,26.73,0,28.91,29.93,0.056
"2021-01-10 10:00:00",5109,13.97,100.3021,1.294,6.61,44.22,29.38,63.41,865,41.85,0,30.6,32.65,0.056
"2021-01-10 11:00:00",5110,14.05,100.278,1.175,0.076,56.61,30.47,59.08,838,41.66,0,33.97,34.96,0.055
"2021-01-10 12:00:00",5111,13.98,100.3027,1.488,97,42.92,31.83,66.81,1009,48.47,0,34.66,37.01,0.055
"2021-01-10 13:00:00",5112,14.06,100.2722,1.977,78.98,39.56,31.05,69.31,996,50.03,0,35.1,36.51,0.054
"2021-01-10 14:00:00",5113,14.13,100.2396,2.059,79.15,39.2,30.72,66.93,981,49.75,0,36.04,36.68,0.053
"2021-01-10 15:00:00",5114,14.19,100.1981,2.149,69.98,30.33,30.74,65.68,891,43.94,0,36.24,36.88,0.053
"2021-01-10 16:00:00",5115,14.03,100.2239,2.045,80.3,33.98,29.85,72.56,557.6,27.89,0,32.59,34.64,0.052
"2021-01-10 17:00:00",5116,13.54,100.2807,1.378,103.4,43.89,29.07,71.48,331.5,16.38,0,31.24,32.13,0.051
"2021-01-10 18:00:00",5117,13.18,100.3456,1.228,134.1,46.01,27.73,81.3,121.8,6.769,0,28.16,29.75,0.051
"2021-01-10 19:00:00",5118,12.9,100.4349,1.077,163.3,49.79,26.21,85.3,18.73,1.615,0,25.96,27.15,0.05
"2021-01-10 20:00:00",5119,12.94,100.5387,1.267,176.3,46.63,24.68,88.4,0,0.003,0,24.79,25.28,0.05
"2021-01-10 21:00:00",5120,12.93,100.6136,1.347,173,44.15,24.13,89.4,0,0,0,24.54,24.68,0.05
"2021-01-10 22:00:00",5121,12.93,100.6701,1.031,175.5,47.3,24.15,90.6,0,0,0,24.8,24.94,0.05
"2021-01-10 23:00:00",5122,12.91,100.6626,0.943,205.7,33.86,23.71,93.3,0,0,0,23.96,24.44,0.05
"2021-01-11 00:00:00",5123,12.91,100.6707,0.833,207.6,29.24,23.17,94.3,0,0,0,23.6,23.83,0.05
"2021-01-11 01:00:00",5124,12.88,100.6707,0.782,212,29.33,22.84,96.5,0,0,0,23.41,23.56,0.05
"2021-01-11 02:00:00",5125,12.86,100.6464,0.563,206.8,23.45,22.75,98.5,0,0,1.27,23.49,23.73,0.05
"2021-01-11 03:00:00",5126,12.83,100.6382,0.91,207.9,28.77,22.78,99.3,0,0,0.254,23.31,23.52,0.05
"2021-01-11 04:00:00",5127,12.85,100.6626,0.92,200.1,36.49,22.24,99.4,0,0,1.016,22.62,22.99,0.049
"2021-01-11 05:00:00",5128,12.81,100.7113,0.828,201.7,27.72,21.39,99.6,0,0.005,0,21.66,22.09,0.049
"2021-01-11 06:00:00",5129,12.76,100.7194,0.83,203.8,28.84,21.13,99.6,46.86,2.005,0,21.52,21.79,0.049
"2021-01-11 07:00:00",5130,12.88,100.76,1.391,200.9,39.96,22.37,94.2,255.2,10.28,0,22.5,23.84,0.049
"2021-01-11 08:00:00",5131,13.59,100.7596,1.573,188.4,43.86,24.51,85.9,502.5,22.11,0,25.14,25.95,0.049
"2021-01-11 09:00:00",5132,13.59,100.7498,1.346,187.6,46.28,26.83,76.96,707.6,33.84,0,26.18,27.25,0.049
"2021-01-11 10:00:00",5133,13.91,100.7401,1.132,167.1,63.13,29.28,62.62,943,44.73,0,28.6,30.59,0.049
"2021-01-11 11:00:00",5134,13.96,100.6928,1.233,141.1,60.33,30.06,60.04,884,45.32,0,31.41,32.94,0.048
"2021-01-11 12:00:00",5135,13.94,100.6513,1.457,113,55.06,31.17,57.26,1090,54.92,0,33.34,34.87,0.048
"2021-01-11 13:00:00",5136,14.18,100.5878,2.179,87.6,36.53,30.9,61.56,1113,56.22,0,34.88,35.43,0.047
"2021-01-11 14:00:00",5137,14.22,100.5556,2.068,92.2,42.47,30.68,64.18,1031,51.89,0,35.24,35.81,0.047
"2021-01-11 15:00:00",5138,14.12,100.5071,2.486,92,39.56,29.65,68.27,880,43.63,0,33.79,34.55,0.047
"2021-01-11 16:00:00",5139,13.97,100.4667,2.269,93.8,43.17,29.44,67.18,703.7,33.39,0,32.83,33.65,0.046
"2021-01-11 17:00:00",5140,13.73,100.4669,2.046,91.9,41.52,29.31,69.68,484.8,21.44,0,31.7,32.75,0.046
"2021-01-11 18:00:00",5141,13.01,100.5485,2.039,83.6,31.29,28.29,75.29,219.7,9.43,0,28.01,29.41,0.045
"2021-01-11 19:00:00",5142,12.88,100.581,1.338,81,25.68,26.51,81.6,16.18,1.717,0,26.52,27.21,0.045
"2021-01-11 20:00:00",5143,12.88,100.6357,0.598,88.2,24.29,25.4,85.6,0,0.003,0,25.49,26.03,0.045
"2021-01-11 21:00:00",5144,12.91,100.7032,0.194,92.8,16.43,24.55,88.2,0,0,0,24.63,25.11,0.045
"2021-01-11 22:00:00",5145,12.92,100.7194,0.005,172.4,3.866,23.81,89.5,0,0,0,23.85,24.24,0.045
"2021-01-11 23:00:00",5146,12.86,100.76,0.008,218.7,0.005,22.9,94.9,0,0,0,23.04,23.4,0.045
"2021-01-12 00:00:00",5147,12.87,100.7762,0.006,218.8,0.005,21.63,97.1,0,0,0,22.74,22.95,0.044
"2021-01-12 01:00:00",5148,12.86,100.7762,0.049,235.1,2.782,21.57,97.2,0,0,0,22.45,22.56,0.044
"2021-01-12 02:00:00",5149,12.82,100.7275,0.05,228.9,6.937,21.76,97.1,0,0,0,22.38,22.44,0.044
"2021-01-12 03:00:00",5150,12.82,100.6626,0.102,228.8,8.83,21.91,96.8,0,0,0,22.39,22.52,0.044
"2021-01-12 04:00:00",5151,12.79,100.6545,0,0,0,20.86,98.5,0,0,0,21.57,21.98,0.044
"2021-01-12 05:00:00",5152,12.79,100.6951,0,0,0,20.2,99.8,0.01,0.002,0,21.13,21.34,0.044
"2021-01-12 06:00:00",5153,12.76,100.7357,0.356,222.4,17.13,21.94,92,43.83,1.913,0,21.08,22.2,0.044
"2021-01-12 07:00:00",5154,12.85,100.7357,0.492,215.9,20.76,25.13,80.2,236.6,9.84,0,23.97,26.52,0.044
"2021-01-12 08:00:00",5155,13.6,100.7502,0.622,199.5,44.33,27.46,69.45,457,20.69,0,28.7,29.46,0.044
"2021-01-12 09:00:00",5156,13.66,100.7108,0.299,157.9,39.23,27.94,62.84,368.9,23.58,0,28.72,29.05,0.044
"2021-01-12 10:00:00",5157,13.99,100.6992,0.879,12.35,63.69,30.35,54.96,961,43.86,0,30.57,32.88,0.044
"2021-01-12 11:00:00",5158,13.92,100.6449,1.254,24.49,49.46,30.81,65.96,827,42.24,0,34.07,35.35,0.043
