"TOA5","Science Centre AWS","CR1000","88296","CR1000.Std.31.08","CPU:Vasi_Science Centre AWS.CR1","64103","Hourly"
"TIMESTAMP","RECORD","BattV_Min","BP_kPa","WS_ms_S_WVT","WindDir_D1_WVT","WindDir_SD1_WVT","AirTC_Avg","RH","SlrW_Avg","CUV5_W_Avg","Rain_mm_Tot","T107_C_Min","T107_C_Avg","VW_Avg"
"TS","RN","Volts","kPa","meters/second","Deg","Deg","Deg C","%","W/m^2","W/m^2","mm","Deg C","Deg C",""
"","","Min","Smp","WVc","WVc","WVc","Avg","Smp","Avg","Avg","Tot","Min","Avg","Avg"
"2021-11-08 13:00:00",12360,13.95,100.1423,1.634,1.198,33.22,26.72,83.2,269.4,15.92,0,27.39,28.3,0.084
"2021-11-08 14:00:00",12361,13.4,100.1099,1.757,324.7,31.06,26.28,84.4,165.3,9.78,0,26.18,27.03,0.083
"2021-11-08 15:00:00",12362,13.17,100.0693,0.816,336.3,30.06,25.38,86.1,71.5,4.727,0,25.67,25.88,0.082
"2021-11-08 16:00:00",12363,13.01,100.0693,0.419,314.4,20.31,25.08,89.3,49.53,3.288,0,25.39,25.64,0.082
"2021-11-08 17:00:00",12364,12.96,100.0287,0.64,6.407,23.32,25.15,89.1,63.1,3.665,0,25.38,25.63,0.081
"2021-11-08 18:00:00",12365,12.95,100.1261,0.304,14.53,9.36,24.51,93.9,10.23,0.769,0,24.69,25.03,0.081
"2021-11-08 19:00:00",12366,12.93,100.1829,0,0,0,23.88,96.3,0,0.015,0,24.31,24.47,0.081
"2021-11-08 20:00:00",12367,12.92,100.1667,0.034,39.99,4.313,23.63,97.2,0,0,0,23.99,24.17,0.08
"2021-11-08 21:00:00",12368,12.91,100.1505,1.266,37.63,22.32,23.8,97.7,0,0,0,23.91,23.97,0.08
"2021-11-08 22:00:00",12369,12.91,100.191,0.88,34.15,27.51,23.78,96.7,0,0,0,23.71,23.83,0.079
"2021-11-08 23:00:00",12370,12.89,100.1099,1.032,8.98,26.96,23.66,95,0,0,0,23.46,23.67,0.079
"2021-11-09 00:00:00",12371,12.85,100.1992,1.105,336.9,38.74,23.82,94.4,0,0,0,23.36,23.46,0.079
"2021-11-09 01:00:00",12372,12.86,100.0937,0.393,202.7,33.68,23.05,98.8,0,0,0,22.84,23.05,0.079
"2021-11-09 02:00:00",12373,12.83,100.102,0.703,201.5,22.57,22.86,98.9,0,0,0,22.91,22.95,0.079
"2021-11-09 03:00:00",12374,12.82,100.2641,0.433,198,20.07,22.8,99,0,0,0,22.81,22.88,0.078
"2021-11-09 04:00:00",12375,12.81,100.3534,1.023,181.7,31.62,22.62,97.7,0,0,0,22.42,22.65,0.078
"2021-11-09 05:00:00",12376,12.79,100.4914,1.529,174.2,38.19,21.99,94.8,0.09,0.032,0,21.49,22.03,0.078
"2021-11-09 06:00:00",12377,12.78,100.6141,1.747,174.5,40.48,21.41,93,30.59,1.598,0,21.29,21.35,0.078
"2021-11-09 07:00:00",12378,12.85,100.6704,1.976,164.9,47.37,21.8,88.2,133.2,6.653,0,21.45,21.94,0.077
"2021-11-09 08:00:00",12379,13.46,100.7835,2.437,171.4,48.44,22.65,79.49,364.7,17.04,0,22.21,23.12,0.077
"2021-11-09 09:00:00",12380,13.82,100.8889,2.699,163.2,48.58,23.73,76.4,543,26.02,0,23.93,24.82,0.077
"2021-11-09 10:00:00",12381,14.05,100.9376,2.457,182,51.2,24.09,79.49,448,23.12,0,24.48,25.43,0.077
"2021-11-09 11:00:00",12382,14.04,100.962,2.582,167.1,48.8,23.9,75.05,493.5,25.85,0,24.27,25.25,0.077
"2021-11-09 12:00:00",12383,14.22,100.9701,3.29,157.2,45.35,24.59,69.69,697.7,36.39,0,25.1,26.2,0.076
"2021-11-09 13:00:00",12384,14.25,101.0107,3.208,156.9,48.97,24.81,72.13,646.4,33.89,0,25.57,26.62,0.076
"2021-11-09 14:00:00",12385,14.2,100.9863,2.869,154.3,44.12,24.13,70.06,416.7,23.13,0,24.81,25.43,0.075
"2021-11-09 15:00:00",12386,14.04,101.0107,3.253,154.4,44.87,23.79,77.06,498.6,24.67,0,24.36,25.4,0.075
"2021-11-09 16:00:00",12387,14,101.0594,2.715,154,45.64,22.54,71.36,247.3,12.44,0,22.94,23.73,0.075
"2021-11-09 17:00:00",12388,13.36,101.1648,2.641,152.2,43.85,22.85,71.04,140.2,6.746,0,23.03,23.44,0.074
"2021-11-09 18:00:00",12389,12.96,101.2703,2.32,153.5,44.3,22.21,72.05,45.99,1.851,0,22.15,22.55,0.074
"2021-11-09 19:00:00",12390,12.91,101.3693,2.051,153,42.51,21.63,69.83,1.908,0.064,0,21.45,21.77,0.074
"2021-11-09 20:00:00",12391,12.94,101.4438,1.891,156.1,38.62,21.17,72.76,0,0,0,20.91,21.16,0.074
"2021-11-09 21:00:00",12392,12.89,101.469,1.65,152.8,48.42,20.81,72.22,0,0,0,20.49,20.7,0.073
"2021-11-09 22:00:00",12393,12.91,101.5295,1.06,177.3,40.13,20.03,82.4,0,0,0,19.58,20.03,0.073
"2021-11-09 23:00:00",12394,12.9,101.5306,0.626,193.3,30.49,19.07,86,0,0,0,18.95,19.34,0.073
"2021-11-10 00:00:00",12395,12.89,101.5157,0.343,209.5,21.3,18.15,90.8,0,0,0,18.27,18.58,0.073
"2021-11-10 01:00:00",12396,12.87,101.4486,0.471,209.9,21.08,17.37,92.8,0,0,0,17.49,17.83,0.073
"2021-11-10 02:00:00",12397,12.85,101.4256,0.338,211,19.22,16.89,94.7,0,0,0,17.15,17.34,0.073
"2021-11-10 03:00:00",12398,12.83,101.45,0.275,228.2,17.33,16.28,95.7,0,0,0,16.68,16.92,0.072
"2021-11-10 04:00:00",12399,12.82,101.4662,0.739,218.8,25.67,16.15,95.1,0,0,0,16.47,16.54,0.072
"2021-11-10 05:00:00",12400,12.79,101.515,0.818,211,23.76,16.03,96.1,0.225,0.071,0,16.21,16.38,0.072
"2021-11-10 06:00:00",12401,12.79,101.5637,0.723,207.1,25.23,16.32,89.4,77.54,3.128,0,16.19,16.85,0.072
"2021-11-10 07:00:00",12402,12.98,101.589,1.073,199.7,33.58,19.52,78.5,304.8,12.17,0,18.57,20.87,0.071
"2021-11-10 08:00:00",12403,13.45,101.5868,1.239,182.9,41.58,22.1,72.8,523.1,23.48,0,22.56,23.31,0.071
"2021-11-10 09:00:00",12404,13.74,101.5786,1.07,146.4,41.82,23.61,67.27,625.2,29.33,0,23.85,25.45,0.071
"2021-11-10 10:00:00",12405,14.06,101.496,1,137.1,68.17,24.76,60.41,839,41.21,0,25.52,27.53,0.071
"2021-11-10 11:00:00",12406,14.06,101.4063,1.109,112,58.06,25.74,62.37,815,41.3,0,27.92,29.43,0.071
"2021-11-10 12:00:00",12407,14.12,101.3255,1.771,73.78,38.46,25.92,57.52,994,48.9,0,28.03,29.75,0.071
"2021-11-10 13:00:00",12408,14.14,101.2128,2.12,73.18,27.33,26.39,52.58,1049,51.39,0,30.3,30.79,0.07
"2021-11-10 14:00:00",12409,14.26,101.1137,2.42,74.44,29.08,26.13,50.6,946,45.31,0,30,30.57,0.07
"2021-11-10 15:00:00",12410,14.19,101.0266,2.508,70.99,25.84,25.8,54.05,776,35.35,0,29.26,29.8,0.07
"2021-11-10 16:00:00",12411,14.21,100.9701,2.785,52.73,25.88,25.2,64.48,573.5,25.35,0,27.78,28.83,0.069
"2021-11-10 17:00:00",12412,13.36,100.9701,2.383,53.4,25.8,24.29,69.52,326,13.33,0,24.59,26.38,0.069
"2021-11-10 18:00:00",12413,12.96,101.0025,1.815,42.31,25.32,22.82,78.3,43.79,3.681,0,23.13,23.73,0.068
"2021-11-10 19:00:00",12414,12.94,101.0536,1.153,27.08,18.49,21.46,85.3,1.06,0.155,0,21.85,22.38,0.068
"2021-11-10 20:00:00",12415,12.93,101.1159,0.178,18.85,7.109,20.18,91.9,0,0,0,20.94,21.48,0.068
"2021-11-10 21:00:00",12416,12.92,101.1248,0,0,0,19.32,94.2,0,0,0,19.89,20.37,0.068
"2021-11-10 22:00:00",12417,12.9,101.0859,0,0,0,18.71,96.4,0,0,0,19.41,19.69,0.068
"2021-11-10 23:00:00",12418,12.89,101.0298,0.001,305.2,0,18.6,96.7,0,0,0,19.16,19.37,0.067
"2021-11-11 00:00:00",12419,12.87,100.9985,0,0,0,18.33,98,0,0,0,18.7,18.94,0.067
"2021-11-11 01:00:00",12420,12.86,100.9424,0.017,269.1,3.916,18.14,98.6,0,0,0,18.64,18.73,0.067
"2021-11-11 02:00:00",12421,12.84,100.8937,0.042,268.4,6.084,18.07,98.3,0,0,0,18.64,18.77,0.067
"2021-11-11 03:00:00",12422,12.82,100.8462,0,0,0,18.07,98.3,0,0,0,18.26,18.42,0.067
"2021-11-11 04:00:00",12423,12.8,100.8892,0,0,0,17.54,99.4,0,0,0,17.94,18.07,0.067
"2021-11-11 05:00:00",12424,12.78,100.898,0,0,0,17.03,100,0.564,0.069,0,17.66,17.78,0.067
"2021-11-11 06:00:00",12425,12.77,100.9486,0,0,0,18.04,98.3,80.4,2.673,0,17.66,18.93,0.066
"2021-11-11 07:00:00",12426,12.97,101.0433,0.274,340.3,11.97,21.69,85.4,272.8,10.84,0,21.14,23.06,0.067
"2021-11-11 08:00:00",12427,13.47,101.035,1.064,17.83,33.51,24.39,74.97,514.9,21.92,0,24.86,25.39,0.066
"2021-11-11 09:00:00",12428,13.78,101.0348,1.276,33.54,29.01,25.58,68.1,538.8,26.35,0,26.59,27.43,0.066
"2021-11-11 10:00:00",12429,14,101.0148,1.542,59.9,33.75,27.01,72.65,717.1,35.15,0,28.63,30.15,0.066
"2021-11-11 11:00:00",12430,14.16,100.9821,2.021,74.09,29.35,26.97,66.54,694.8,35.02,0,28.53,30.14,0.066
"2021-11-11 12:00:00",12431,14.18,100.9695,2.1,74.71,27.32,26.44,71.82,489.4,27.03,0,28.48,29.71,0.066
"2021-11-11 13:00:00",12432,14.2,100.9052,2.035,71.11,26.01,26.29,69.29,458.7,24.81,0,28.48,29.02,0.065
"2021-11-11 14:00:00",12433,14.19,100.8727,2.213,68.96,23.74,25.91,78.82,326.3,18.09,0,27.55,28.28,0.065
"2021-11-11 15:00:00",12434,14.03,100.8727,1.884,71.78,21.9,25.19,79.6,204.2,11.72,0,26.59,27.17,0.065
"2021-11-11 16:00:00",12435,13.6,100.897,1.959,67.05,22.24,24.62,82.6,124.7,7.228,0,25.62,26.14,0.065
"2021-11-11 17:00:00",12436,12.97,100.9295,1.803,67.91,22.6,23.98,83.7,44.94,2.791,0,24.55,25.02,0.065
"2021-11-11 18:00:00",12437,12.94,100.9701,1.353,68.48,18.5,23.59,83.2,11.58,0.809,0,24.01,24.29,0.065
"2021-11-11 19:00:00",12438,12.91,100.9944,0.912,65.01,12.69,23.31,85,0.145,0.027,0,23.66,23.88,0.064
"2021-11-11 20:00:00",12439,12.9,101.0276,1.176,61.09,17.23,23.1,84,0,0,0,23.36,23.49,0.064
"2021-11-11 21:00:00",12440,12.9,101.035,0.643,59.36,10.67,22.49,87.6,0,0,0,22,22.84,0.064
"2021-11-11 22:00:00",12441,12.9,101.0073,0.068,60.32,4.07,21.12,90.7,0,0,0,20.9,21.48,0.064
"2021-11-11 23:00:00",12442,12.88,100.9834,0.009,25.61,0.344,20.88,91.2,0,0,0,20.79,21.03,0.064
"2021-11-12 00:00:00",12443,12.86,100.9514,0.016,24.63,0.008,20.44,93.4,0,0,0,20.81,20.97,0.064
"2021-11-12 01:00:00",12444,12.84,100.8106,0.032,5.546,9.62,20.79,93.9,0,0,0,20.97,21.34,0.064
"2021-11-12 02:00:00",12445,12.83,100.7534,0.07,338.8,24.83,21.03,94.1,0,0,0,21.53,21.66,0.064
"2021-11-12 03:00:00",12446,12.81,100.7283,0.161,329.2,13.62,20.95,94.8,0,0,0,21.56,21.66,0.063
"2021-11-12 04:00:00",12447,12.79,100.7449,0.467,347.8,27.85,21.15,94.2,0,0,0,21.47,21.58,0.063
"2021-11-12 05:00:00",12448,12.76,100.7545,0.044,315.9,3.427,20.59,95.4,0.327,0.062,0,20.91,21.09,0.063
"2021-11-12 06:00:00",12449,12.77,100.7621,0.154,333.1,7.674,20.94,91.3,35.63,2.155,0,20.97,21.35,0.063
"2021-11-12 07:00:00",12450,12.86,100.7834,1.8,5.842,25.38,23.09,82.6,184.4,8.03,0,21.87,23.69,0.063
"2021-11-12 08:00:00",12451,13.48,100.7429,1.878,355.9,29.41,24.6,78.78,289.7,15.06,0,24.53,25.68,0.063
"2021-11-12 09:00:00",12452,13.67,100.7104,2.169,355.8,33.59,25.65,72.41,494.9,25.27,0,26.03,27.44,0.063
"2021-11-12 10:00:00",12453,14.03,100.6092,2.761,359,33.89,27.38,66.35,747.6,36.43,0,28.03,30.06,0.063
"2021-11-12 11:00:00",12454,14.03,100.4137,2.954,357,34.89,28.27,60.91,793.8,39.45,0,29.71,31.12,0.063
"2021-11-12 12:00:00",12455,14.06,100.3149,2.999,1.713,35.91,29.53,60.14,946,46.87,0,32.07,32.81,0.062
"2021-11-12 13:00:00",12456,14.07,100.147,3.347,5.74,33.81,30.22,64.56,960,46.93,0,32.45,33.87,0.062
"2021-11-12 14:00:00",12457,14.12,100.0323,3.7,24.45,29.1,29.75,66.15,921,43.99,0,33.08,33.47,0.062
"2021-11-12 15:00:00",12458,14.16,99.92758,3.756,19.42,30.59,29.36,70.48,749.1,34.37,0,31.22,32.78,0.061
"2021-11-12 16:00:00",12459,14.13,99.8989,3.608,23.55,27.65,26.9,75.45,293.3,15.04,0,28.27,28.81,0.061
"2021-11-12 17:00:00",12460,13.5,99.86645,3.287,24.67,29.21,26.55,81.8,183.8,9.38,0,26.97,27.85,0.06
"2021-11-12 18:00:00",12461,12.97,99.83398,3.074,21.83,27.23,25.28,86.1,50.75,2.758,0,25.38,26.05,0.06
"2021-11-12 19:00:00",12462,12.93,100.256,2.739,16.04,74.64,24.63,84.5,1.705,0.139,0,24.71,24.96,0.06
"2021-11-12 20:00:00",12463,12.92,100.3777,0.677,172.9,39.32,24.91,85,0,0,0,24.81,25.01,0.06
"2021-11-12 21:00:00",12464,12.92,100.5156,1.603,162,41.5,24.47,85.4,0,0,0,24.37,24.68,0.06
"2021-11-12 22:00:00",12465,12.91,100.5806,2.045,167.4,47.32,24.13,85.7,0,0,0,24.19,24.3,0.059
"2021-11-12 23:00:00",12466,12.91,100.5806,2.067,176.5,50.51,23.91,86,0,0,0,23.83,24.07,0.059
"2021-11-13 00:00:00",12467,12.89,100.67,1.364,149.7,54.05,22.8,97.7,0,0,0,22.96,23.31,0.059
"2021-11-13 01:00:00",12468,12.88,100.6781,0.895,156.2,31.41,21.7,97.4,0,0,0.508,21.43,22.36,0.059
"2021-11-13 02:00:00",12469,12.86,100.6912,0.309,173.8,20.61,20.61,95.2,0,0,0,21.15,21.31,0.059
"2021-11-13 03:00:00",12470,12.85,100.7302,0.282,190,18.41,20.44,94.6,0,0,0,20.65,21.05,0.059
"2021-11-13 04:00:00",12471,12.83,100.8152,0.227,196.9,15.79,19.72,97.8,0,0,0.254,20.33,20.48,0.059
"2021-11-13 05:00:00",12472,12.8,100.8812,0.002,247.5,0,19.34,99.1,0.065,0.026,0.762,20.52,20.66,0.059
"2021-11-13 06:00:00",12473,12.78,100.9706,0.027,271.2,4.321,19.33,99.2,16.21,0.98,0.254,20.54,20.67,0.059
"2021-11-13 07:00:00",12474,12.78,100.9688,0.087,239.9,10.16,19.81,96.4,89.7,5.008,0,20.59,20.96,0.059
"2021-11-13 08:00:00",12475,13.23,100.955,0.169,230.3,4.582,20.93,88.8,166.2,9.56,0,21.31,22.04,0.059
"2021-11-13 09:00:00",12476,13.61,100.9376,0.2,235.8,14.38,22.76,80.2,321.3,18.39,0,22.51,24.01,0.058
"2021-11-13 10:00:00",12477,14.16,100.824,0.673,195.8,40.9,24.54,72.23,536.3,28.67,0,25.12,26.16,0.058
"2021-11-13 11:00:00",12478,14.07,100.7363,1.018,136,74.61,27.21,67.87,969,48.5,0,28.37,30.34,0.058
"2021-11-13 12:00:00",12479,14.08,100.6402,0.946,13.46,56.54,27.87,64.54,658.1,35.24,0,30.55,31.2,0.058
"2021-11-13 13:00:00",12480,14.08,100.5511,1.444,81.9,33.86,28.08,67.4,639.6,33.7,0,29.97,31.23,0.058
"2021-11-13 14:00:00",12481,14.13,100.4785,1.475,91.3,38.57,28.08,68.68,686.8,36.57,0,29.94,31.18,0.058
"2021-11-13 15:00:00",12482,14.18,100.3938,2.323,79.86,26.58,26.43,74.47,605,31.25,0,28.89,29.87,0.057
"2021-11-13 16:00:00",12483,14.09,100.3452,2.02,77.61,24.71,25.73,80.1,348.7,18.09,0,27.16,28.37,0.057
"2021-11-13 17:00:00",12484,13.51,100.3939,1.993,67.58,20.35,24.56,84,128.4,7.567,0,25.59,26.21,0.057
"2021-11-13 18:00:00",12485,12.96,100.4101,1.622,62.49,19.69,23.94,87.8,41.85,2.707,0,24.49,24.95,0.057
"2021-11-13 19:00:00",12486,12.93,100.4994,1.143,52.89,18.11,23.39,90.4,2.389,0.15,0,23.89,24.13,0.056
"2021-11-13 20:00:00",12487,12.93,100.5075,1.599,58.68,18.1,23.27,91.7,0,0,0,23.53,23.64,0.056
"2021-11-13 21:00:00",12488,12.92,100.54,1.636,40.69,26.1,23.44,92.2,0,0,0,23.6,23.64,0.056
"2021-11-13 22:00:00",12489,12.92,100.6137,0.769,47.59,22.21,23.39,94.2,0,0,0,23.52,23.61,0.056
"2021-11-13 23:00:00",12490,12.91,100.7105,0.007,72.29,2.872,22.93,96.7,0,0,0,22.96,23.21,0.056
"2021-11-14 00:00:00",12491,12.89,100.7186,0.012,142.9,0.216,22.99,97.9,0.006,0,0,23.11,23.29,0.056
"2021-11-14 01:00:00",12492,12.86,100.6381,0.032,166.2,6.476,22.76,99.2,0,0,0,22.8,23.15,0.056
"2021-11-14 02:00:00",12493,12.86,100.6456,0.236,197,12.08,22.47,99.9,0,0,0,22.62,22.72,0.056
"2021-11-14 03:00:00",12494,12.85,100.711,0.095,180.1,9.65,22.26,100,0,0,0,22.41,22.56,0.056
"2021-11-14 04:00:00",12495,12.82,100.751,0.146,188.7,11.53,22.69,100,0,0,0,22.54,23.03,0.056
"2021-11-14 05:00:00",12496,12.8,100.8488,0.05,204.7,6.069,22.63,100,0.534,0.052,0,22.86,22.95,0.055
"2021-11-14 06:00:00",12497,12.79,100.9621,0.429,201.7,17.5,22.79,100,20.35,1.218,0,23.06,23.19,0.056
"2021-11-14 07:00:00",12498,12.79,101.0431,0.484,180.5,21.84,22.95,99.5,48.87,3.241,0,23.23,23.37,0.056
"2021-11-14 08:00:00",12499,12.81,101.1243,1.244,174.2,35.48,22.67,98.5,63.36,3.802,0,22.39,23.02,0.056
"2021-11-14 09:00:00",12500,13.05,101.1324,1.462,163,45.25,22.96,91.1,259.8,14.54,0,22.39,23.6,0.055
"2021-11-14 10:00:00",12501,13.63,101.173,1.612,151.3,42.55,23.85,86.3,228.3,13.62,0,24.05,24.63,0.055
"2021-11-14 11:00:00",12502,13.64,101.1892,1.875,147.2,33.51,23.64,85,253,14.81,0,23.82,24.51,0.055
"2021-11-14 12:00:00",12503,14.17,101.1405,2.206,151.9,39.22,25.39,71.93,622.8,32.08,0,25.5,26.99,0.055
"2021-11-14 13:00:00",12504,14.14,101.1242,1.937,146.9,38.4,25.79,73.84,502.3,26.51,0,26.85,27.74,0.055
"2021-11-14 14:00:00",12505,14.19,101.0911,2.042,147.4,39.49,25.89,74.9,613.8,30.77,0,27.22,28.17,0.055
"2021-11-14 15:00:00",12506,14.16,101.0589,2.03,143.2,40.27,26.38,73.4,686,31.53,0,27.66,29.1,0.055
"2021-11-14 16:00:00",12507,14.06,101.0837,1.892,139.3,36.94,25.61,75.76,421.8,18.18,0,26.75,27.62,0.054
"2021-11-14 17:00:00",12508,13.26,101.1405,1.625,148.2,38.56,24.4,81.7,147,6.729,0,24.68,25.8,0.054
"2021-11-14 18:00:00",12509,12.97,101.2139,1.213,153,40.54,23.42,81.2,21.85,1.374,0,23.66,24.17,0.054
"2021-11-14 19:00:00",12510,12.93,101.246,1.053,148.2,35.42,22.97,80.1,0.419,0.06,0,23.23,23.41,0.054
"2021-11-14 20:00:00",12511,12.93,101.384,0.806,152.5,28.82,22.91,83,0,0,0,23.18,23.24,0.054
"2021-11-14 21:00:00",12512,12.9,101.4651,0.892,152.7,28.72,22.97,82.2,0,0,0,23.08,23.21,0.054
"2021-11-14 22:00:00",12513,12.91,101.457,0.478,154.3,23.11,22.73,80.8,0,0,0,22.87,22.99,0.053
"2021-11-14 23:00:00",12514,12.9,101.3516,0.383,150.1,19.41,22.45,80,0,0,0,22.54,22.76,0.053
"2021-11-15 00:00:00",12515,12.88,101.3603,0.628,152.2,25.58,22.05,81.6,0,0,0,21.79,22,0.053
"2021-11-15 01:00:00",12516,12.87,101.329,0.204,151.2,14.35,22.11,82.5,0,0,0,21.88,22.17,0.053
"2021-11-15 02:00:00",12517,12.84,101.2955,0.002,209.2,0,21.68,87.7,0,0,0,22.02,22.26,0.053
"2021-11-15 03:00:00",12518,12.84,101.2897,0.134,220.3,11.55,21.36,88.1,0,0,0,21.64,21.98,0.053
"2021-11-15 04:00:00",12519,12.82,101.25,0.329,208.5,17.3,20.69,89.2,0,0,0,21.1,21.34,0.053
"2021-11-15 05:00:00",12520,12.79,101.3045,0.336,198.2,19.94,20.4,89.7,0.434,0.04,0,20.87,20.96,0.053
"2021-11-15 06:00:00",12521,12.75,101.3469,0.259,200.1,18.08,20.53,89.2,15.74,0.961,0,20.91,21.14,0.053
"2021-11-15 07:00:00",12522,12.75,101.3612,0.143,178.2,32.69,21.09,87.1,56.1,3.234,0,21.25,21.8,0.053
"2021-11-15 08:00:00",12523,12.96,101.3434,0.105,63.13,28.39,22.49,84.8,171.1,9.21,0,22.39,23.62,0.053
"2021-11-15 09:00:00",12524,13.67,101.2785,0.948,33.12,40.64,24.51,80.2,380.3,19.18,0,25.28,26.97,0.053
"2021-11-15 10:00:00",12525,13.93,101.2298,1.279,18.81,37.15,25.56,76.83,399.1,21.03,0,27.25,28.29,0.052
"2021-11-15 11:00:00",12526,14.03,101.1319,1.731,20.17,30.09,26.1,78.91,401,21.16,0,28.23,28.66,0.052
"2021-11-15 12:00:00",12527,14.04,101.0347,1.65,17.36,29.23,26.71,77.63,460.3,23.7,0,28.51,29.78,0.052
"2021-11-15 13:00:00",12528,14.11,100.8863,2.32,22.26,30.23,27.83,73.31,724.9,35.82,0,28.48,30.9,0.051
"2021-11-15 14:00:00",12529,14.16,100.7737,2.939,20.72,29.53,27.74,74.67,615.9,30.58,0,29.56,30.78,0.051
"2021-11-15 15:00:00",12530,14.12,100.6757,2.966,21.52,32.78,27.96,77.52,592.9,27.84,0,28.83,31.2,0.051
"2021-11-15 16:00:00",12531,13.96,100.6026,2.907,30.38,24.53,27.96,74.39,448.7,21.15,0,29.77,30.56,0.051
"2021-11-15 17:00:00",12532,13.32,100.5395,3.066,28.72,24.97,27.49,76.71,307.3,12.81,0,27.09,29.02,0.05
"2021-11-15 18:00:00",12533,12.98,100.5156,2.736,23.38,26.95,25.73,83.4,50.7,3.96,0,25.18,26.11,0.05
"2021-11-15 19:00:00",12534,12.95,100.5481,2.122,20.51,22.38,24.22,88.5,1.991,0.218,0,24.04,24.58,0.05
"2021-11-15 20:00:00",12535,12.91,100.5724,1.644,14.23,23.59,23.6,92.4,0,0,0,23.56,23.78,0.05
"2021-11-15 21:00:00",12536,12.9,100.5806,1.247,21.86,21.14,23.26,95.6,0,0,0,23.36,23.45,0.05
"2021-11-15 22:00:00",12537,12.91,100.5887,1.441,27.13,20.7,23.5,94.9,0,0,0,23.36,23.52,0.05
"2021-11-15 23:00:00",12538,12.91,100.54,1.106,19.6,19.8,23.4,96.6,0,0,0,23.3,23.43,0.049
"2021-11-16 00:00:00",12539,12.85,100.4914,0.59,2.658,18.08,23.04,98.3,0,0,0,22.98,23.17,0.049
"2021-11-16 01:00:00",12540,12.85,100.4264,0.276,6.784,11.82,23.04,98.2,0,0,0,23.03,23.3,0.049
"2021-11-16 02:00:00",12541,12.84,100.3534,0.305,8.99,12.04,23.25,98.2,0,0,0,23.38,23.53,0.049
"2021-11-16 03:00:00",12542,12.84,100.3209,0.221,339.2,10.77,22.83,99.4,0,0,0,22.64,23.1,0.049
"2021-11-16 04:00:00",12543,12.82,100.2973,0.076,319.2,4.272,22,100,0,0,0,22.12,22.32,0.049
"2021-11-16 05:00:00",12544,12.81,100.3049,0.003,334.9,1.513,21.8,100,0.949,0.081,0,22.08,22.22,0.049
"2021-11-16 06:00:00",12545,12.8,100.321,0.444,346.3,20.02,22.6,97.4,83,2.725,0,22.38,23.03,0.049
"2021-11-16 07:00:00",12546,12.95,100.3047,1.897,356.7,26.45,24.64,87,246.3,9.31,0,23.91,25.26,0.049
"2021-11-16 08:00:00",12547,13.43,100.2393,2.725,354.1,32.34,26.68,76.79,497.8,19.29,0,26.73,27.73,0.049
"2021-11-16 09:00:00",12548,13.57,100.1535,2.801,350.6,32.99,28.72,67.08,711.9,29.42,0,28.6,30.39,0.049
"2021-11-16 10:00:00",12549,13.86,100.0963,2.61,347.9,30.27,31.19,58.38,879,38.15,0,31.67,33.67,0.048
"2021-11-16 11:00:00",12550,14.07,99.99819,2.392,351.1,33.61,33.6,50.81,975,42.3,0,35.32,36.6,0.048
"2021-11-16 12:00:00",12551,14.11,99.93266,2.123,350.4,35.95,35.36,47.92,993,40.62,0,37.05,38.13,0.047
"2021-11-16 13:00:00",12552,13.91,99.89156,1.707,18.79,54.48,36.79,56.86,962,40.82,0,39.31,40.55,0.047
"2021-11-16 14:00:00",12553,13.94,100.0656,2.472,98.4,45.04,32.95,71.28,827,35.69,0,32.87,37.01,0.046
"2021-11-16 15:00:00",12554,14.08,100.1099,2.347,137.3,41.78,28.27,79.33,434.1,20.25,0,29.69,30.99,0.046
"2021-11-16 16:00:00",12555,13.39,100.1505,2.256,140.7,40.57,25.96,83.9,124.8,6.55,0,26.2,27.57,0.045
"2021-11-16 17:00:00",12556,13.13,100.1829,2.69,152.2,44.24,24.72,77.85,75.55,4.01,0,25.1,25.63,0.045
"2021-11-16 18:00:00",12557,12.94,100.2478,2.684,148.6,43.27,24.34,71.8,19.35,1.368,0,24.48,24.86,0.044
"2021-11-16 19:00:00",12558,12.91,100.3619,2.258,155.1,43.32,23.98,77.38,1.449,0.094,0,23.87,24.3,0.044
"2021-11-16 20:00:00",12559,12.92,100.4278,2.006,160.5,45.7,23.37,79.56,0,0,0,23.38,23.62,0.044
"2021-11-16 21:00:00",12560,12.9,100.4932,1.912,161.3,49.25,22.85,79.38,0,0,0,22.99,23.14,0.044
"2021-11-16 22:00:00",12561,12.9,100.6242,1.734,177.9,50.73,22.69,80.6,0,0,0,22.97,23.05,0.044
"2021-11-16 23:00:00",12562,12.89,100.6074,1.402,179.4,49.97,22.48,81.9,0,0,0,22.76,22.89,0.044
"2021-11-17 00:00:00",12563,12.88,100.5736,1.474,184.4,47.97,22.2,81.7,0,0,0,22.5,22.61,0.044
"2021-11-17 01:00:00",12564,12.86,100.5032,1.075,188.2,40.85,22.05,82.2,0,0,0,22.43,22.49,0.043
"2021-11-17 02:00:00",12565,12.85,100.4624,1.078,192.6,37.33,21.97,83.7,0,0,0,22.37,22.42,0.043
"2021-11-17 03:00:00",12566,12.81,100.4291,0.872,203.1,37.09,21.85,83.2,0,0,0,22.21,22.33,0.043
"2021-11-17 04:00:00",12567,12.81,100.389,1.093,202.1,36.49,21.56,84.9,0,0,0,21.93,22.02,0.043
"2021-11-17 05:00:00",12568,12.8,100.4127,0.961,201.2,41.3,21.51,85,0.332,0.038,0,21.84,21.95,0.043
"2021-11-17 06:00:00",12569,12.78,100.3968,0.743,198.8,33.9,21.59,86.8,16.21,0.884,0,21.96,22.11,0.043
"2021-11-17 07:00:00",12570,12.78,100.4464,0.77,200.4,36.79,21.73,87.3,39.55,2.31,0,22.16,22.35,0.043
"2021-11-17 08:00:00",12571,12.78,100.524,1.19,214.7,40.88,22.82,79,197.9,10.37,0,22.18,23.55,0.043
"2021-11-17 09:00:00",12572,13.74,100.3777,0.832,187.3,72.58,25.45,72.14,493.4,23.36,0,25.69,27.48,0.043
"2021-11-17 10:00:00",12573,14.05,100.2966,1.127,56.14,39.38,26.21,73.46,451.7,22.95,0,29.13,29.65,0.042
"2021-11-17 11:00:00",12574,14.1,100.2641,1.023,321.7,50.58,27.29,68.58,552.9,27.86,0,29.94,30.79,0.042
"2021-11-17 12:00:00",12575,14.11,100.0911,1.61,1.776,43.63,28.83,61.69,893,40.77,0,31.28,33.29,0.042
"2021-11-17 13:00:00",12576,14.12,100.0263,1.991,23.23,37.66,29.05,70.61,835,38.81,0,33.66,34.62,0.041
"2021-11-17 14:00:00",12577,14.12,99.89724,2.106,27.39,32.13,29.5,67.02,713.4,33.33,0,32.64,34.24,0.041
"2021-11-17 15:00:00",12578,14.16,99.77716,2.647,25.74,26.28,28.25,72.54,564,27.99,0,31.13,32.21,0.041
"2021-11-17 16:00:00",12579,14.15,99.67851,2.602,23.87,27.79,28.98,71.89,559.7,23.62,0,32.45,32.91,0.04
"2021-11-17 17:00:00",12580,13.49,99.52533,2.249,21.5,25.75,28.75,77.11,300,11.93,0,28.84,31.11,0.04
"2021-11-17 18:00:00",12581,12.98,99.50127,2.154,25.06,26.77,26.79,85.2,74.45,3.963,0,26.51,27.72,0.04
"2021-11-17 19:00:00",12582,12.92,99.69602,1.279,19.38,19.59,25.17,89.2,1.582,0.196,0,25.28,25.81,0.039
"2021-11-17 20:00:00",12583,12.91,99.85023,0.159,3.619,6.195,24.42,91.2,0,0,0,24.61,24.91,0.039
"2021-11-17 21:00:00",12584,12.93,100.0125,0.414,209.4,49.21,25.02,89.8,0,0,0,24.39,24.8,0.039
"2021-11-17 22:00:00",12585,12.9,99.96386,0.145,6.806,31.54,24.32,92.9,0,0,0,24,24.29,0.039
"2021-11-17 23:00:00",12586,12.89,99.84212,0.958,24.93,21.61,24.19,94.3,0,0,0,24.01,24.18,0.039
"2021-11-18 00:00:00",12587,12.87,99.71227,0.888,17.22,17.6,23.93,96.6,0,0,0,24.06,24.16,0.039
"2021-11-18 01:00:00",12588,12.85,99.5662,1.094,17.08,21.1,23.82,97.4,0,0,0,23.85,24.03,0.039
"2021-11-18 02:00:00",12589,12.85,99.51762,1.305,7.165,25.11,24.15,89.6,0,0,0,23.69,23.83,0.039
"2021-11-18 03:00:00",12590,12.84,99.5662,1.487,350.2,30.43,25.61,75.75,0,0,0,24.06,24.56,0.039
"2021-11-18 04:00:00",12591,12.82,99.58244,1.414,340.3,28.48,26.72,75.43,0,0,0,25.38,25.54,0.039
"2021-11-18 05:00:00",12592,12.83,99.63924,1.05,332.2,27.41,26.36,76.33,0.725,0.097,0,24.55,25.25,0.039
"2021-11-18 06:00:00",12593,12.82,99.65547,0.517,4.828,20.81,25.46,74.92,58.44,2.32,0,24.19,24.71,0.039
"2021-11-18 07:00:00",12594,12.97,99.70415,1.176,359.4,25.19,26.87,64.48,107.3,5.287,0,25.6,26.39,0.039
"2021-11-18 08:00:00",12595,13.24,99.85023,1.072,352,34.67,28.03,62.5,86.8,4.963,0,27.2,27.38,0.038
"2021-11-18 09:00:00",12596,13.31,100.1099,1.923,165.9,58.08,28.28,80,270.3,14.35,0,27.36,28.47,0.039
"2021-11-18 10:00:00",12597,13.72,100.1424,2.37,157,47.9,27.07,74.99,429.5,22.99,0,27.61,28.17,0.038
"2021-11-18 11:00:00",12598,14.01,100.2028,2.777,149.4,44.8,29.47,68.53,1016,47.32,0,30.97,32.28,0.038
"2021-11-18 12:00:00",12599,14.07,100.2452,3.236,148.8,43.85,29.39,64.29,1098,48.09,0,32.08,32.75,0.038
"2021-11-18 13:00:00",12600,14.07,100.3208,3.36,148.5,42.53,28.39,63.95,935,43.54,0,30.44,31.51,0.038
"2021-11-18 14:00:00",12601,14.12,100.3695,3.445,145.7,39.86,27.71,56.87,829,38.26,0,29.24,30.45,0.037
"2021-11-18 15:00:00",12602,14.12,100.3939,3.422,148.8,41.94,26.46,65.36,479.5,24.59,0,27.25,28.45,0.037
"2021-11-18 16:00:00",12603,14.15,100.3858,3.596,148.4,42.39,25.93,63.46,484.3,22.16,0,26.96,27.68,0.037
"2021-11-18 17:00:00",12604,13.83,100.4832,3.616,153.5,42.48,25,71.47,251.6,11.23,0,24.6,26.04,0.037
"2021-11-18 18:00:00",12605,12.95,100.6376,3.378,153.1,41.27,23.46,69.98,50.14,3.183,0,23.31,23.92,0.036
"2021-11-18 19:00:00",12606,12.93,100.8831,2.991,159.9,49.58,22.77,72.31,0.45,0.142,0,22.47,23.09,0.036
"2021-11-18 20:00:00",12607,12.89,100.9496,2.645,159.8,49.97,21.66,82.2,0,0,0,21.51,22.13,0.036
"2021-11-18 21:00:00",12608,12.91,101.0188,1.936,171.1,52.83,20,87.5,0,0,0,20.08,20.53,0.036
"2021-11-18 22:00:00",12609,12.89,101.1816,1.557,183.1,47.98,20,84.5,0,0,0,20.04,20.21,0.036
"2021-11-18 23:00:00",12610,12.88,101.0761,1.683,192.7,43.75,19.56,86.3,0,0,0,19.75,19.9,0.036
"2021-11-19 00:00:00",12611,12.87,101.0436,1.237,185,43.49,19.38,85.6,0,0,0,19.63,19.78,0.036
"2021-11-19 01:00:00",12612,12.85,101.0599,1.369,192.6,42.3,19.24,86.1,0,0,0,19.25,19.63,0.036
"2021-11-19 02:00:00",12613,12.83,101.0618,1.321,189.9,43.17,18.61,88.9,0,0,0,18.86,19.01,0.035
"2021-11-19 03:00:00",12614,12.82,101.0274,1.322,189.8,41.88,18.45,89.9,0,0,0,18.75,18.97,0.035
"2021-11-19 04:00:00",12615,12.79,101.0731,1.155,192.6,43.45,17.83,93,0,0,0,17.91,18.27,0.035
"2021-11-19 05:00:00",12616,12.77,101.1723,0.732,205.7,31.98,17.67,90.3,0.431,0.085,0,17.86,18.03,0.035
"2021-11-19 06:00:00",12617,12.76,101.2235,0.961,199.2,35.76,18.37,85.9,56.82,2.956,0,18.31,18.85,0.035
"2021-11-19 07:00:00",12618,12.94,101.249,1.303,183.2,43.08,20.06,76.74,248.4,10.82,0,19.52,21.22,0.035
"2021-11-19 08:00:00",12619,13.58,101.2379,1.687,178,46.36,22.51,70.27,576.4,23.66,0,23.31,24.56,0.035
"2021-11-19 09:00:00",12620,13.73,101.2217,1.769,165.5,47.8,23.84,63.08,682.6,31.67,0,24.79,25.99,0.035
"2021-11-19 10:00:00",12621,13.98,101.2054,1.83,170.5,53.67,24.57,64.13,691.1,33.69,0,25.57,27.12,0.035
"2021-11-19 11:00:00",12622,14.07,101.1243,1.809,148.9,47.1,25.71,52.15,923,43.53,0,26.56,29.06,0.035
"2021-11-19 12:00:00",12623,14.04,101.1144,1.855,138,44.11,26.44,48.94,1050,49.67,0,29.15,30.54,0.035
"2021-11-19 13:00:00",12624,14.01,101.0837,1.778,129,48.31,26.31,47.03,928,45.95,0,29.24,30.64,0.035
"2021-11-19 14:00:00",12625,14.18,101.0269,1.773,122.1,41.63,25.59,54.05,684.5,35.08,0,27.8,29.69,0.034
"2021-11-19 15:00:00",12626,14.21,100.9863,1.595,128.1,46.52,24.29,58.56,379.9,21.12,0,26.15,27.32,0.034
"2021-11-19 16:00:00",12627,14.1,100.9457,1.454,131.4,44.34,23.45,60.19,252.9,13.66,0,24.9,25.72,0.034
"2021-11-19 17:00:00",12628,13.44,100.9214,1.342,137.1,44.62,22.9,60.58,164.4,8.36,0,23.87,24.64,0.034
"2021-11-19 18:00:00",12629,12.98,100.9389,1.174,136.2,43.35,22.13,62.8,58.12,3.678,0,22.59,23.11,0.034
"2021-11-19 19:00:00",12630,12.94,101.0559,0.49,141.7,28.55,21.37,70.69,0.528,0.147,0,21.55,22.2,0.034
"2021-11-19 20:00:00",12631,12.93,101.1544,0.439,150.5,22.86,20.99,70.05,0,0,0,21.54,21.63,0.034
"2021-11-19 21:00:00",12632,12.91,101.1786,0.204,153.4,14.14,20.89,72.77,0,0,0,21.35,21.55,0.033
"2021-11-19 22:00:00",12633,12.89,101.2051,0.003,172.1,1.476,20.46,74.73,0,0,0,21.22,21.43,0.033
"2021-11-19 23:00:00",12634,12.9,101.2054,0,0,0,20.03,77.52,0,0,0,20.75,21.07,0.033
"2021-11-20 00:00:00",12635,12.86,101.1572,0.06,234.2,5.378,19.92,76.21,0,0,0,20.61,20.72,0.033
"2021-11-20 01:00:00",12636,12.87,101.1484,0.38,211.9,22.29,19.85,78.98,0,0,0,20.26,20.54,0.033
"2021-11-20 02:00:00",12637,12.85,101.1004,0.64,209.3,23.22,19.33,80.8,0,0,0,19.82,20.03,0.033
"2021-11-20 03:00:00",12638,12.83,101.0761,0.501,198.2,23.17,18.96,83.2,0,0,0,19.57,19.68,0.033
"2021-11-20 04:00:00",12639,12.81,101.1004,0.668,210.8,24.73,18.73,83.8,0,0,0,19.17,19.38,0.033
"2021-11-20 05:00:00",12640,12.78,101.1329,0.757,195.4,34.04,18.29,83.5,0.896,0.081,0,18.69,18.89,0.033
"2021-11-20 06:00:00",12641,12.77,101.2061,0.885,192,35.3,18.43,83.2,27.7,1.677,0,18.7,19.01,0.033
"2021-11-20 07:00:00",12642,12.8,101.2709,0.867,189.2,34.64,19.25,79.43,82.9,4.526,0,19.49,19.97,0.033
"2021-11-20 08:00:00",12643,13.3,101.2656,1.177,168.9,42.89,20.27,81.4,168.7,9.25,0,21.01,21.46,0.033
"2021-11-20 09:00:00",12644,13.48,101.2234,1.091,171.4,44.81,20.26,80.2,196.2,11.48,0,21.26,21.63,0.033
"2021-11-20 10:00:00",12645,14.04,101.2135,1.224,148.6,38.85,22.13,70.75,303.2,17.2,0,22.9,23.87,0.033
"2021-11-20 11:00:00",12646,14.07,101.2135,0.983,140.1,41.62,22.42,68.61,226.9,14.26,0,23.22,23.93,0.033
"2021-11-20 12:00:00",12647,13.82,101.0675,0.879,113.3,36.31,22.63,64.25,220.4,13.7,0,23.62,24.15,0.033
"2021-11-20 13:00:00",12648,14.1,101.0756,1.329,108.8,44.94,23.92,61.64,458.7,26.32,0,25.42,26.55,0.033
"2021-11-20 14:00:00",12649,14.05,101.0594,1.123,93.2,33.26,24.06,60.13,327,19.18,0,25.97,26.77,0.033
"2021-11-20 15:00:00",12650,13.51,101.035,0.885,85.9,31.01,22.64,77.2,150.7,9.86,0,22.88,24.7,0.033
"2021-11-20 16:00:00",12651,13.44,101.0087,0.183,91.2,15.31,20.51,84.8,94.1,6.202,0.254,21.95,22.26,0.033
"2021-11-20 17:00:00",12652,13.01,101.014,0.262,74.63,32.85,20.39,89.2,46.03,3.223,0,21.3,21.66,0.033
"2021-11-20 18:00:00",12653,12.95,101.0426,0.685,43.66,28.09,19.64,94.8,15.34,1.06,0,20.47,20.84,0.032
"2021-11-20 19:00:00",12654,12.94,101.0596,0.03,275.9,6.308,19.16,93.8,0,0.041,0.254,20.09,20.25,0.032
"2021-11-20 20:00:00",12655,12.92,101.1167,0.002,226.9,0,19.1,97.1,0,0,0,20.05,20.15,0.032
"2021-11-20 21:00:00",12656,12.9,101.1979,0,0,0,18.9,97.7,0,0,0,19.84,19.95,0.032
"2021-11-20 22:00:00",12657,12.9,101.2376,0.006,113.3,4.637,19.01,88.5,0,0,0.254,19.33,19.6,0.032
"2021-11-20 23:00:00",12658,12.89,101.1654,0.017,82.5,3.386,19.53,86.6,0,0,0,19.29,19.37,0.032
"2021-11-21 00:00:00",12659,12.84,101.1572,0,0,0,19.78,87.9,0,0,0,19.41,19.52,0.032
"2021-11-21 01:00:00",12660,12.83,101.1166,0.014,171.8,2.193,19.65,87.1,0,0,0,19.4,19.46,0.032
"2021-11-21 02:00:00",12661,12.8,101.0516,0,0,0,19.76,85.8,0,0,0,19.41,19.51,0.032
"2021-11-21 03:00:00",12662,12.8,101.0434,0.001,204.6,0,19.72,87,0,0,0,19.35,19.41,0.032
"2021-11-21 04:00:00",12663,12.75,101.0328,0,0,0,19.87,89.2,0,0,0,19.43,19.55,0.032
"2021-11-21 05:00:00",12664,12.73,101.0512,0.002,173.7,0.421,19.89,86.4,1.114,0.062,0,19.5,19.59,0.032
"2021-11-21 06:00:00",12665,12.73,101.091,0.001,189.7,0,19.86,91.3,29.77,1.466,0,19.59,19.9,0.032
"2021-11-21 07:00:00",12666,12.79,101.127,0,0,0,20.65,90.9,77.68,4.421,0,20.26,20.95,0.032
"2021-11-21 08:00:00",12667,13.08,101.1494,0.168,74.41,4.912,21.95,73.32,179.7,10.56,0,21.55,22.45,0.032
"2021-11-21 09:00:00",12668,13.51,101.1648,1.3,38.48,50.48,23.33,82.4,235.7,13.72,0,23.63,24.16,0.032
"2021-11-21 10:00:00",12669,13.67,101.1486,0.789,295.5,33.75,22.64,83.8,220.8,13.54,0,23.53,24.11,0.032
"2021-11-21 11:00:00",12670,13.99,101.0756,0.815,346.9,48.66,23.81,67.79,288.7,17.21,0,24.54,25.55,0.032
"2021-11-21 12:00:00",12671,14.15,101.0188,2.196,55.75,25.58,25.42,67.67,499.7,28.52,0,26.17,27.74,0.032
"2021-11-21 13:00:00",12672,14.01,101.0026,2.039,42.81,27.34,25,67.76,310.3,18.99,0,26.39,26.98,0.032
"2021-11-21 14:00:00",12673,13.96,100.962,1.837,34.92,28.84,24.76,67.96,211,13.34,0,25.8,26.16,0.032
"2021-11-21 15:00:00",12674,13.64,100.9214,2.023,36.73,25.81,24.08,79.14,145,9.19,0,24.28,25.31,0.032
"2021-11-21 16:00:00",12675,14.05,100.824,1.631,58.28,25.66,23.5,75.12,169.1,10.1,0,24.28,24.93,0.032
"2021-11-21 17:00:00",12676,13.05,100.7997,1.477,35.52,24.55,23.72,73.91,89.2,5.29,0,24.24,24.77,0.032
"2021-11-21 18:00:00",12677,12.97,100.7997,1.693,26.98,22.5,23.58,76.45,24.7,1.499,0,23.58,23.91,0.032
"2021-11-21 19:00:00",12678,12.93,100.8403,1.621,26.72,25.62,23.15,79.21,1.44,0.141,0,22.87,23.23,0.032
"2021-11-21 20:00:00",12679,12.91,100.9133,0.996,22.3,19.24,22.56,82.8,0,0,0,22.17,22.5,0.032
"2021-11-21 21:00:00",12680,12.91,100.906,0.481,20.88,16.28,21.78,84.2,0,0,0,21.51,21.8,0.032
"2021-11-21 22:00:00",12681,12.91,100.9493,0.56,20.54,18.11,21.65,84.9,0,0,0,21.18,21.44,0.032
"2021-11-21 23:00:00",12682,12.87,100.9072,0.075,6.911,3.669,21.33,85.7,0,0,0,21.15,21.28,0.032
"2021-11-22 00:00:00",12683,12.86,100.8971,0.933,27.26,20.55,22.58,80.6,0,0,0,21.43,21.99,0.032
"2021-11-22 01:00:00",12684,12.87,100.9295,0.421,351.7,30.54,22.42,87,0,0,0,22.01,22.32,0.032
"2021-11-22 02:00:00",12685,12.85,100.8646,0.322,32.43,16.51,21.51,95.7,0,0,0.254,21.52,21.83,0.032
"2021-11-22 03:00:00",12686,12.83,100.8605,0.523,31.76,21.97,20.82,97.5,0,0,0.508,21.26,21.4,0.032
"2021-11-22 04:00:00",12687,12.8,100.8682,0.71,20.27,21.15,20.51,98.7,0.002,0,2.794,20.75,20.98,0.032
"2021-11-22 05:00:00",12688,12.78,100.8773,0.479,12.78,18.65,20.49,99.1,0.167,0.041,2.032,20.86,20.96,0.032
"2021-11-22 06:00:00",12689,12.74,100.9333,0.024,315.6,4.91,20.45,99.2,9.78,0.744,0.254,20.93,21.12,0.033
"2021-11-22 07:00:00",12690,12.76,100.9241,0.542,20.62,16.52,20.97,95.8,84.6,4.786,0,21.27,21.57,0.033
"2021-11-22 08:00:00",12691,13.37,100.9466,1.422,28.22,20.84,22.36,95,184.6,10.65,0,22.09,22.69,0.034
"2021-11-22 09:00:00",12692,13.33,100.8646,1.531,5.072,26.96,23.33,80.3,366.9,19.94,0,22.34,23.89,0.034
"2021-11-22 10:00:00",12693,13.63,100.8646,2.108,14.52,31.56,24.4,92.5,369.5,20.77,0.254,24.18,25.74,0.035
"2021-11-22 11:00:00",12694,13.91,100.8403,2.392,14.62,31.77,25.49,90.5,573.5,31.47,0,24.87,27.02,0.035
"2021-11-22 12:00:00",12695,14.03,100.7997,2.147,5.058,35.56,24.33,89.6,361.1,21.41,0,24.81,26.1,0.036
"2021-11-22 13:00:00",12696,13.71,100.7266,2.613,3.756,38.72,24.89,89.5,420.6,25.31,0,25.02,26.67,0.037
"2021-11-22 14:00:00",12697,13.7,100.6861,2.472,348.7,34.45,24.16,86.4,403.5,23.01,0,25.45,26.53,0.037
"2021-11-22 15:00:00",12698,13.66,100.5887,1.783,356.6,31.72,22.45,96.8,196.2,12.24,1.016,23.8,24.44,0.038
"2021-11-22 16:00:00",12699,13.23,100.5238,2.307,16.1,26.87,22.36,97.3,185.1,10.88,1.016,22.6,23.7,0.038
"2021-11-22 17:00:00",12700,13.06,100.443,1.991,13.39,23.46,21.56,98.9,67.71,3.97,0.254,22.42,22.57,0.04
"2021-11-22 18:00:00",12701,12.96,100.4115,1.825,15.77,26.79,21.58,96,38.81,2.333,0,22.07,22.23,0.044
"2021-11-22 19:00:00",12702,12.91,100.4199,1.838,12.81,27.29,21.63,93.5,2.522,0.255,0,21.51,21.77,0.048
"2021-11-22 20:00:00",12703,12.93,100.404,0.956,5.519,22,21.56,95.6,0,0,0,21.45,21.6,0.05
"2021-11-22 21:00:00",12704,12.93,100.3626,0.71,2.014,18.45,21.75,94.7,0,0,0,21.75,21.82,0.051
"2021-11-22 22:00:00",12705,12.9,100.4035,0.744,355.4,19.01,21.84,95.6,0.006,0,0,21.77,21.85,0.052
"2021-11-22 23:00:00",12706,12.91,100.4114,0.718,336.8,13.48,21.95,96.7,0,0,0,21.89,21.98,0.053
"2021-11-23 00:00:00",12707,12.9,100.3939,0.292,336.4,16.85,22.02,97.4,0,0,0,22.01,22.06,0.053
"2021-11-23 01:00:00",12708,12.89,100.2722,0.052,312.7,2.078,21.88,98.6,0,0,0,22.06,22.13,0.054
"2021-11-23 02:00:00",12709,12.86,100.2563,0,0,0,21.69,99,0,0,0,22.1,22.15,0.054
"2021-11-23 03:00:00",12710,12.85,100.2087,0.214,335.9,6.131,21.63,98.9,0.017,0,0,21.98,22.09,0.054
"2021-11-23 04:00:00",12711,12.84,100.2077,0.393,333.8,11.46,21.73,98.3,0.06,0,0.762,21.86,21.94,0.054
"2021-11-23 05:00:00",12712,12.79,100.2812,0.087,305.8,1.706,21.67,99.5,0.042,0.011,2.54,21.79,21.85,0.055
"2021-11-23 06:00:00",12713,12.78,100.3223,0.142,304.1,1.466,21.37,100,4.012,0.427,4.572,21.56,21.65,0.061
"2021-11-23 07:00:00",12714,12.78,100.2238,0.032,311.5,1.104,21.63,99.4,89.7,4.552,0.508,21.54,22.28,0.085
"2021-11-23 08:00:00",12715,13.04,100.2966,0.151,311.6,2.456,22.13,98.5,141.3,8.69,0.254,22.3,22.87,0.087
"2021-11-23 09:00:00",12716,13.55,100.2641,0.656,283.7,18.88,23.71,86.7,456.4,24.21,0,23.15,24.48,0.09
"2021-11-23 10:00:00",12717,13.98,100.3209,1.321,202.6,39.22,24.58,84.1,485.1,26.85,0.254,25.53,25.84,0.09
"2021-11-23 11:00:00",12718,13.84,100.3047,1.559,158.3,33.95,24.39,77.42,410.8,24.28,0,24.41,25.45,0.089
"2021-11-23 12:00:00",12719,14.07,100.2722,1.74,158.5,44.79,26.41,67.57,723.9,39.67,0,26.67,27.94,0.087
"2021-11-23 13:00:00",12720,14.09,100.2705,2.033,147,40.78,27.51,69.11,822,43.5,0,28.6,29.63,0.086
"2021-11-23 14:00:00",12721,14.05,100.2044,2.138,141.2,37.87,27.16,70.8,882,44.55,0,29.05,29.65,0.084
"2021-11-23 15:00:00",12722,14.05,100.239,2.33,146.2,39.39,26.17,76.05,569.9,28.9,0,26.81,28.16,0.083
"2021-11-23 16:00:00",12723,13.22,100.3371,2.227,147.6,43.62,24.03,77.86,137.5,8.46,0,23.83,24.92,0.082
"2021-11-23 17:00:00",12724,13,100.2641,1.958,150.6,44.04,22.38,84.4,37.44,2.701,0,21.66,22.57,0.081
"2021-11-23 18:00:00",12725,12.96,100.4279,2.346,155.4,46.6,22.29,77.57,56.94,1.794,0,21.44,22.02,0.08
"2021-11-23 19:00:00",12726,12.91,100.5647,1.641,169.1,49.08,22.19,78.17,1.78,0.135,0,21.72,22.02,0.08
"2021-11-23 20:00:00",12727,12.93,100.5907,1.125,179.7,42.39,21.61,82.2,0,0,0,21.42,21.55,0.079
"2021-11-23 21:00:00",12728,12.91,100.6108,1.065,184.7,42.2,20.71,89.9,0,0,0,20.23,20.79,0.079
"2021-11-23 22:00:00",12729,12.91,100.6946,1.111,197.3,36.91,19.93,91.7,0,0,0,19.7,19.94,0.078
"2021-11-23 23:00:00",12730,12.89,100.7108,1.021,194.3,37.25,19.49,91.9,0,0,0,19.35,19.5,0.078
"2021-11-24 00:00:00",12731,12.83,100.719,1.432,190.8,38.81,19.43,91,0,0,0,19.31,19.39,0.077
"2021-11-24 01:00:00",12732,12.84,100.6703,1.416,187.9,42.12,19.22,92.9,0,0,0,19.06,19.28,0.077
"2021-11-24 02:00:00",12733,12.83,100.6222,1.785,191.8,42.83,18.72,94.1,0,0,0,18.57,18.77,0.077
"2021-11-24 03:00:00",12734,12.8,100.6719,1.517,195.9,41.46,18.59,90.4,0,0,0,18.49,18.61,0.077
"2021-11-24 04:00:00",12735,12.78,100.7191,1.422,192,40.28,18.73,84.9,0,0,0,18.63,18.69,0.076
"2021-11-24 05:00:00",12736,12.76,100.7596,1.651,194.1,40.2,18.7,81.2,1.807,0.142,0,18.41,18.62,0.076
"2021-11-24 06:00:00",12737,12.76,100.8327,1.377,187.1,43.53,18.85,73.6,97.7,4.065,0,18.18,18.96,0.076
"2021-11-24 07:00:00",12738,12.88,100.8809,1.873,180.8,43.91,20.65,64.35,328.9,13.79,0,20.31,21.85,0.075
"2021-11-24 08:00:00",12739,13.2,100.9133,2.025,166.1,48.9,22.51,61.35,568.5,25.96,0,23.12,24.02,0.075
"2021-11-24 09:00:00",12740,13.44,100.9133,2.251,166.2,46.37,23.96,57.89,781,37.73,0,24.41,25.49,0.075
"2021-11-24 10:00:00",12741,13.59,100.8808,2.041,164.1,49.82,25.28,53.23,921,45.52,0,26.14,27.31,0.075
"2021-11-24 11:00:00",12742,13.91,100.8559,2.079,155.5,45.11,26.17,43.7,1024,51.43,0,27.5,28.92,0.074
"2021-11-24 12:00:00",12743,14.18,100.8479,2.045,154.5,46.46,26.28,50.65,747.1,38.5,0,26.97,28.77,0.074
"2021-11-24 13:00:00",12744,14.22,100.8402,2.018,137.7,45.38,26.49,55.25,940,47.19,0,27.43,29.55,0.073
"2021-11-24 14:00:00",12745,14.19,100.8239,2.175,151.9,48.36,25.81,45.95,736.8,37.79,0,26.94,28.5,0.073
"2021-11-24 15:00:00",12746,14.18,100.7506,2.228,156.5,49.23,26.17,48.28,789.2,36.97,0,27.94,28.99,0.072
"2021-11-24 16:00:00",12747,14.04,100.7672,2.302,145.2,41.77,25.02,68.73,452,22.17,0,24.94,27.21,0.072
"2021-11-24 17:00:00",12748,13.42,100.824,2.146,151,44.94,22.85,67.1,122.8,7.39,0,23.16,24,0.071
"2021-11-24 18:00:00",12749,12.98,100.8661,2.247,150.3,42,21.97,74.13,47.83,3.034,0,22.02,22.67,0.071
"2021-11-24 19:00:00",12750,12.95,100.9925,1.049,152.3,36.13,20.38,88.8,2.342,0.258,0,21.09,21.31,0.071
"2021-11-24 20:00:00",12751,12.93,101.0842,0.552,190,27.51,19.56,82.4,0,0,0,20.24,20.66,0.071
"2021-11-24 21:00:00",12752,12.92,101.1166,0.701,176.5,32.11,19.45,84.5,0,0,0,19.8,20.05,0.07
"2021-11-24 22:00:00",12753,12.91,101.1816,0.932,182,35.91,19.53,78.21,0,0,0,19.68,19.9,0.07
"2021-11-24 23:00:00",12754,12.9,101.2222,0.971,184.7,43.22,19.42,80.1,0,0,0,19.75,19.89,0.07
"2021-11-25 00:00:00",12755,12.89,101.181,0.861,193.3,32.46,19.52,77.06,0,0,0,19.81,19.9,0.07
"2021-11-25 01:00:00",12756,12.87,101.1816,1.248,179.4,41.29,19.36,78.05,0,0,0,19.65,19.71,0.07
"2021-11-25 02:00:00",12757,12.84,101.1735,0.891,196.4,33.01,18.86,79.37,0,0,0,19.16,19.41,0.07
"2021-11-25 03:00:00",12758,12.84,101.1583,1.077,202.3,34.62,18.51,80.4,0,0,0,18.66,18.97,0.069
"2021-11-25 04:00:00",12759,12.82,101.2004,0.944,209.3,35.99,18.14,80.2,0,0,0,18.48,18.57,0.069
"2021-11-25 05:00:00",12760,12.8,101.2263,0.837,207.5,31.42,17.76,82.6,1.404,0.151,0,17.68,18.18,0.069
"2021-11-25 06:00:00",12761,12.8,101.3212,0.851,209.5,33.81,17.96,80.6,67.33,2.806,0,17.66,18.47,0.069
"2021-11-25 07:00:00",12762,12.98,101.3764,1.017,206.5,31.85,18.36,78.52,92.4,5.317,0,18.87,19.11,0.069
"2021-11-25 08:00:00",12763,13.4,101.398,1.338,197.4,37.64,19.45,70.14,232.6,12.76,0,19.61,20.29,0.069
"2021-11-25 09:00:00",12764,13.88,101.3921,1.902,181.5,47.38,22.15,66.7,487.8,25.79,0,22.75,23.74,0.069
"2021-11-25 10:00:00",12765,14.21,101.4002,1.802,173.3,49.32,23.42,65.29,561.6,31.22,0,24.59,25.32,0.068
"2021-11-25 11:00:00",12766,14.23,101.4083,1.669,160.1,50.65,24.16,61.63,546.6,31.53,0,25.55,26.28,0.068
"2021-11-25 12:00:00",12767,14.2,101.4002,1.757,150.8,45.78,24.38,65.9,546.8,31.64,0,25.41,26.67,0.068
"2021-11-25 13:00:00",12768,14.23,101.375,1.801,134.4,40.73,25.84,59.42,962,49.31,0,27.04,29.34,0.068
"2021-11-25 14:00:00",12769,14.2,101.3911,1.994,120.5,46.49,25.51,67.69,786.4,40.86,0,27.64,29.8,0.067
"2021-11-25 15:00:00",12770,14.14,101.3677,1.377,129.8,41.41,23.88,72.86,301.5,17.66,0,25.31,26.57,0.067
"2021-11-25 16:00:00",12771,14.03,101.3515,1.264,143.2,37.9,22.74,77.21,198.9,10.38,0,24.16,24.53,0.067
"2021-11-25 17:00:00",12772,13.79,101.3839,1.4,134.8,41.53,22.05,85.1,163.3,9.01,0,23,23.89,0.066
"2021-11-25 18:00:00",12773,12.98,101.4758,1.482,108.6,39.77,20.66,89.5,45.61,2.926,0,21.58,22.28,0.066
"2021-11-25 19:00:00",12774,12.93,101.5701,0.804,122.1,34.1,19.34,97.5,1.482,0.149,0.254,20.4,20.76,0.066
"2021-11-25 20:00:00",12775,12.93,101.6523,0.202,132.7,23.01,18.65,98.7,0,0,1.27,19.94,20.2,0.066
"2021-11-25 21:00:00",12776,12.92,101.7011,0.188,300.6,24.19,18.47,97.9,0,0,1.016,19.73,19.99,0.066
"2021-11-25 22:00:00",12777,12.92,101.7661,0.056,160.9,13.09,18.59,93,0,0,0.254,19.61,19.87,0.066
"2021-11-25 23:00:00",12778,12.9,101.7579,0.273,131,22.53,19.23,87.8,0,0,0,19.43,19.51,0.066
"2021-11-26 00:00:00",12779,12.89,101.7741,0.245,137.3,16.87,19.5,85.7,0,0,0,19.42,19.49,0.066
"2021-11-26 01:00:00",12780,12.88,101.7335,0.308,140.4,15.95,19.14,91.7,0.029,0,0.254,19.11,19.41,0.066
"2021-11-26 02:00:00",12781,12.84,101.7341,0.019,115,0.013,18.77,96.7,0,0,0,19.16,19.57,0.066
"2021-11-26 03:00:00",12782,12.84,101.7336,0.027,186.7,6.537,18.37,97.1,0,0,0,19.19,19.44,0.066
"2021-11-26 04:00:00",12783,12.81,101.7174,0.442,224.2,17.54,18.12,98.3,0,0,0,18.6,18.92,0.066
"2021-11-26 05:00:00",12784,12.78,101.767,0.477,208.2,12.03,17.6,98.6,0.699,0.069,0,18.3,18.42,0.066
"2021-11-26 06:00:00",12785,12.77,101.7995,0.181,192.9,8.97,17.69,98.7,25.11,1.258,0,18.35,18.57,0.066
"2021-11-26 07:00:00",12786,12.83,101.847,0.285,197.8,11.17,18.58,97.2,75.29,3.77,0,18.99,19.42,0.066
"2021-11-26 08:00:00",12787,12.9,101.878,0.097,193.5,5.342,19.83,79.82,101.6,6.476,0,19.66,20.32,0.066
"2021-11-26 09:00:00",12788,13.39,101.9066,0.368,154.3,4.666,20.97,76.58,141.6,8.92,0,20.69,21.1,0.067
"2021-11-26 10:00:00",12789,13.64,101.9195,1.265,104,30.16,22.3,67.08,380.3,22.13,0,21.7,23.22,0.067
"2021-11-26 11:00:00",12790,14.07,101.9439,1.488,98.9,28.06,22.5,72.44,347.3,20.88,0,23.5,24.18,0.067
"2021-11-26 12:00:00",12791,14.11,101.9277,0.985,121.8,32.37,21.92,68.14,231.2,15.12,0,22.8,23.23,0.067
"2021-11-26 13:00:00",12792,14.23,101.8952,1.271,117.9,41.74,22.11,70.62,304,19,0,23.16,23.53,0.067
"2021-11-26 14:00:00",12793,14.12,101.8546,1.146,109.3,35.47,21.73,67.91,212.7,13.19,0,22.73,23.08,0.067
"2021-11-26 15:00:00",12794,14.23,101.7897,1.459,95.7,33.41,22.05,65.23,313.7,18.12,0,23.12,23.68,0.067
"2021-11-26 16:00:00",12795,13.66,101.8059,1.168,104.8,35.6,21.94,70.38,210.3,12.17,0,22.53,23.79,0.067
"2021-11-26 17:00:00",12796,13.17,101.8627,0.381,134,25.13,20.95,72.63,65.34,4.299,0,21.56,21.97,0.067
"2021-11-26 18:00:00",12797,12.97,101.9168,0.051,159.5,8.28,20.05,78.46,17.73,1.248,0,20.56,21.05,0.066
"2021-11-26 19:00:00",12798,12.95,101.8549,0.011,165.1,2.829,19.38,81.8,0.562,0.145,0,19.73,20.2,0.067
"2021-11-26 20:00:00",12799,12.94,101.8957,0.005,197.2,1.686,18.72,81.6,0,0,0,18.61,19.19,0.066
"2021-11-26 21:00:00",12800,12.92,101.9283,0.013,210.6,1.631,18.4,86.3,0,0,0,18.67,18.94,0.066
"2021-11-26 22:00:00",12801,12.91,101.8643,0.005,185.7,1.394,18.14,81.5,0,0,0,18.73,18.98,0.066
"2021-11-26 23:00:00",12802,12.89,101.9121,0.021,179.1,4.121,18.65,82,0,0,0,18.64,18.73,0.066
"2021-11-27 00:00:00",12803,12.88,101.8716,0,0,0,18.52,83.6,0,0,0,18.77,18.98,0.066
"2021-11-27 01:00:00",12804,12.86,101.7667,0.037,220.1,4.578,18.37,86.9,0,0,0,18.66,18.78,0.066
"2021-11-27 02:00:00",12805,12.84,101.7669,0.006,209.3,1.731,17.93,87.8,0,0,0,18.35,18.57,0.066
"2021-11-27 03:00:00",12806,12.81,101.7223,0,0,0,17.64,84.9,0,0,0,17.5,18.16,0.066
"2021-11-27 04:00:00",12807,12.78,101.7391,0,0,0,17.69,83.3,0,0,0,17.43,17.66,0.066
"2021-11-27 05:00:00",12808,12.76,101.7778,0,0,0,17.74,85.9,1.689,0.144,0,17.58,17.9,0.066
"2021-11-27 06:00:00",12809,12.75,101.8177,0,0,0,18.18,84.6,53.37,3.019,0,17.55,18.17,0.066
"2021-11-27 07:00:00",12810,12.89,101.8198,0,0,0,20.12,75.5,128.9,7.245,0,19.17,20.29,0.066
"2021-11-27 08:00:00",12811,13.59,101.8059,0.469,74.37,14.58,22.03,64.46,250.9,14.17,0,21.57,22.93,0.066
"2021-11-27 09:00:00",12812,13.82,101.7735,1.652,55.48,25.59,22.29,66.46,272,14.96,0,23.52,23.81,0.066
"2021-11-27 10:00:00",12813,14.17,101.7004,1.882,51.24,27.38,22.64,63.58,379.6,21.26,0,23.66,24.55,0.066
"2021-11-27 11:00:00",12814,14.2,101.6112,2.049,44.19,27.56,22.95,60.88,477.7,26.66,0,24.72,25.42,0.065
"2021-11-27 12:00:00",12815,14.28,101.6193,2.308,38.96,30.26,23.63,59.07,694.9,37.7,0,26.18,27.21,0.065
"2021-11-27 13:00:00",12816,14.28,101.5868,2.248,48.29,28,23.82,57.37,559.1,31.18,0,26.53,27.55,0.065
"2021-11-27 14:00:00",12817,14.26,101.457,2.205,51.41,27.94,23.61,58.7,464.2,26.11,0,26.05,26.9,0.065
"2021-11-27 15:00:00",12818,14.21,101.4813,2.154,44.44,26.28,23.31,59.55,384.8,22.14,0,25.68,26.23,0.065
"2021-11-27 16:00:00",12819,14.04,101.4489,1.671,31.36,29.16,22.91,58.96,258.1,14.5,0,24.6,25.12,0.065
"2021-11-27 17:00:00",12820,14.04,101.3921,1.928,27.67,27.07,22.96,62.89,269.8,13.02,0,23.52,25.16,0.065
"2021-11-27 18:00:00",12821,13.16,101.3515,1.762,30.03,21.95,21.9,66.77,84.9,4.369,0,22.14,22.86,0.064
"2021-11-27 19:00:00",12822,12.95,101.3715,0.953,24.49,21.64,20.69,74.44,2.671,0.354,0,20.87,21.38,0.064
"2021-11-27 20:00:00",12823,12.94,101.3195,0.225,19.23,15.18,19.45,81.1,0,0,0,19.81,20.41,0.064
"2021-11-27 21:00:00",12824,12.93,101.3196,0.157,10.44,8.92,18.72,83.7,0,0,0,19.01,19.39,0.064
"2021-11-27 22:00:00",12825,12.92,101.278,0,0,0,17.99,86.3,0,0,0,18.21,18.56,0.064
"2021-11-27 23:00:00",12826,12.91,101.2367,0.074,304.6,5.067,17.78,86.6,0,0,0,17.66,17.93,0.064
"2021-11-28 00:00:00",12827,12.89,101.2145,0.225,308.8,15.98,18.15,87.6,0,0,0,18.08,18.64,0.063
"2021-11-28 01:00:00",12828,12.88,101.1254,0.32,311.5,15.85,18.7,85.6,0,0,0,18.7,19.08,0.063
"2021-11-28 02:00:00",12829,12.87,101.141,0.178,316.4,8.94,18.52,87.8,0,0,0,18.85,19.07,0.063
"2021-11-28 03:00:00",12830,12.85,101.1003,0.243,340.2,14.8,18.45,87.2,0,0,0,18.77,18.95,0.063
"2021-11-28 04:00:00",12831,12.83,101.1733,0.456,323.4,14.22,18.77,86.4,0,0,0,19.07,19.15,0.063
"2021-11-28 05:00:00",12832,12.82,101.2464,1.14,317.6,26.95,18.93,84,0.454,0.04,0,19.16,19.22,0.063
"2021-11-28 06:00:00",12833,12.79,101.1073,1.898,345.3,31.15,19.37,79.17,45.79,2.57,0,19.26,19.57,0.063
"2021-11-28 07:00:00",12834,13.05,101.0205,2.867,2.115,36.34,20.86,75.98,156.5,7.239,0,20.43,21.33,0.063
"2021-11-28 08:00:00",12835,13.34,101.1243,2.203,336.1,35.94,21.76,72.77,233.9,12.84,0,21.31,22.37,0.063
"2021-11-28 09:00:00",12836,13.78,101.0756,2.444,333.8,32.47,22.16,71.81,289.7,16.82,0,22.69,23.19,0.063
"2021-11-28 10:00:00",12837,14.18,100.9701,2.741,348.7,35.34,23.65,66.18,520.3,28.44,0,24.54,25.47,0.063
"2021-11-28 11:00:00",12838,14.24,100.8484,3.527,5.475,33.24,25.21,59.68,840,43.11,0,26.36,28.14,0.063
"2021-11-28 12:00:00",12839,14.23,100.7417,3.448,4.644,33.07,26.56,60.19,918,46.98,0,28.92,29.87,0.063
"2021-11-28 13:00:00",12840,14.16,100.637,3.431,7.316,32.92,27.25,58.53,893,45.55,0,29.87,30.95,0.062
"2021-11-28 14:00:00",12841,14.21,100.5311,3.335,11.67,34.1,27.31,65.62,666.4,34.66,0,29.41,30.61,0.062
"2021-11-28 15:00:00",12842,14.25,100.4505,3.431,23.7,27.82,26.48,67.2,475,25.22,0,27.89,29,0.062
"2021-11-28 16:00:00",12843,14.22,100.4345,3.613,30.4,29.13,25.67,71.63,379.7,18.84,0,26.59,27.67,0.061
"2021-11-28 17:00:00",12844,13.65,100.4507,3.633,26.33,32.36,25.37,73.49,343.9,14.78,0,25.62,27.06,0.061
"2021-11-28 18:00:00",12845,12.98,100.4101,3.606,27.1,28.74,24.39,80.9,96.3,5.261,0,24.09,24.82,0.061
"2021-11-28 19:00:00",12846,12.95,100.4913,3.463,19.59,30.28,23.23,84.6,2.834,0.47,0,23.12,23.44,0.061
"2021-11-28 20:00:00",12847,12.93,100.5562,2.605,17.14,27.85,22.88,86.5,0,0,0,22.71,22.9,0.061
"2021-11-28 21:00:00",12848,12.93,100.5405,2.824,22.49,24.83,22.83,86.2,0,0,0,22.63,22.72,0.061
"2021-11-28 22:00:00",12849,12.92,100.5887,2.342,6.241,29.11,22.88,87.9,0,0,0,22.47,22.69,0.06
"2021-11-28 23:00:00",12850,12.89,100.5893,1.19,339.7,41.25,22.44,89.5,0,0,0,22.19,22.36,0.06
"2021-11-29 00:00:00",12851,12.87,100.508,0.687,318.2,26.98,21.82,94,0,0,0,21.9,22.26,0.06
"2021-11-29 01:00:00",12852,12.88,100.4222,0.899,8.02,19.44,21.01,95.3,0,0,0,21.3,21.59,0.06
"2021-11-29 02:00:00",12853,12.85,100.3812,1.118,6.012,27.68,20.99,94.5,0,0,0,21.06,21.19,0.06
"2021-11-29 03:00:00",12854,12.81,100.4944,0.641,11.8,19.77,20.96,95.2,0,0,0,20.87,21.01,0.06
"2021-11-29 04:00:00",12855,12.83,100.555,0.836,24.11,15.48,20.88,91.6,0,0,0,20.42,20.67,0.06
"2021-11-29 05:00:00",12856,12.8,100.6267,1.276,12.31,23.04,20.6,90,0.781,0.162,0,20.09,20.22,0.06
"2021-11-29 06:00:00",12857,12.79,100.7199,0.624,14.32,19.36,21.34,81.2,92.2,3.924,0,20.12,21.23,0.06
"2021-11-29 07:00:00",12858,12.91,100.7591,1.944,16.88,30.28,23.45,72.43,316.7,13.17,0,23.33,24.76,0.06
"2021-11-29 08:00:00",12859,13.24,100.7834,2.124,357.3,31.87,25.37,65.54,554.8,24.91,0,25.95,26.81,0.06
"2021-11-29 09:00:00",12860,13.45,100.7708,1.887,345.2,41.26,26.91,60.44,765.2,36.43,0,27.45,28.93,0.06
"2021-11-29 10:00:00",12861,13.53,100.738,1.257,342.3,48.83,28.43,56.66,926,45.43,0,29.51,31.38,0.059
"2021-11-29 11:00:00",12862,14.04,100.6631,1.404,31.19,54.4,29.79,54.03,1030,49.78,0,33.78,34.57,0.059
"2021-11-29 12:00:00",12863,14.13,100.5994,2.217,19.29,56.02,30.72,60.74,1070,51.48,0,34.13,35.03,0.059
"2021-11-29 13:00:00",12864,14.21,100.5709,3.316,60.81,25.98,29.58,62.9,1047,52.68,0,34.3,34.84,0.059
"2021-11-29 14:00:00",12865,14.25,100.4982,3.435,50.05,26.77,28.73,67.57,955,47.02,0,33.4,34.23,0.058
"2021-11-29 15:00:00",12866,14.07,100.4913,2.803,47.92,26.66,26.54,78.32,353.4,19.63,0,27.99,30.41,0.058
"2021-11-29 16:00:00",12867,12.99,100.5481,1.979,50.72,26.32,24.59,83.1,53.18,3.546,0,25.78,26.67,0.058
"2021-11-29 17:00:00",12868,12.98,100.5075,2.161,43.62,29.82,24.39,83.2,90.9,4.913,0,25.58,25.92,0.057
"2021-11-29 18:00:00",12869,13.36,100.4507,1.631,48.74,33.74,24.74,84.5,96.4,4.096,0,25.71,26.26,0.057
"2021-11-29 19:00:00",12870,12.91,100.6536,1.514,37.34,25.72,23.97,89.9,14.52,0.456,0,24.41,25.02,0.057
"2021-11-29 20:00:00",12871,12.91,100.7348,0.55,48.88,19.04,23.13,93.3,0,0,0,23.79,24.06,0.057
"2021-11-29 21:00:00",12872,12.83,100.7775,0.021,74.44,2.962,22.44,96.2,0,0,0,22.84,23.35,0.056
"2021-11-29 22:00:00",12873,12.9,100.7854,0.075,87,5.082,22.21,96.4,0,0,0,22.8,22.88,0.056
"2021-11-29 23:00:00",12874,12.9,100.7525,0.524,66.28,17.04,22.69,94,0,0,0,22.85,22.94,0.056
"2021-11-30 00:00:00",12875,12.89,100.7518,0.053,20.85,8.86,22.95,95,0,0,0,23.12,23.36,0.056
"2021-11-30 01:00:00",12876,12.87,100.6943,0.019,42.43,3.453,22.93,94.6,0,0,0,23.59,23.68,0.056
"2021-11-30 02:00:00",12877,12.82,100.6861,0.076,24.27,4.978,22.91,94.2,0,0,0,23.46,23.53,0.056
"2021-11-30 03:00:00",12878,12.85,100.6864,0.032,27.02,2.925,22.83,94,0,0,0,23.31,23.4,0.056
"2021-11-30 04:00:00",12879,12.82,100.6536,0.232,28.75,7.834,22.86,93.1,0,0,0,23.18,23.36,0.056
"2021-11-30 05:00:00",12880,12.81,100.6555,0.126,30.38,4.268,22.16,96.4,2.122,0.118,0,22.28,22.64,0.056
"2021-11-30 06:00:00",12881,12.8,100.7372,0.001,24.66,0,22.07,93.4,45.7,2.562,0,22.27,22.58,0.056
"2021-11-30 07:00:00",12882,12.94,100.8078,0.418,17.37,15.11,23.95,87.3,173.3,8.88,0,23.08,24.57,0.056
"2021-11-30 08:00:00",12883,13.45,100.7591,1.616,7.599,30.17,25.16,79.25,260.2,13.94,0,25.81,26.41,0.056
"2021-11-30 09:00:00",12884,13.76,100.7104,2.261,23.73,28.02,26.33,76.95,412.7,22.21,0,27.26,28.06,0.056
"2021-11-30 10:00:00",12885,14.06,100.678,2.544,25.52,31.45,27.06,73.84,530.2,28.09,0,28.68,29.45,0.055
"2021-11-30 11:00:00",12886,14.14,100.5864,2.571,26.02,30.02,28.37,72.93,761.5,38.41,0,29.99,31.8,0.055
"2021-11-30 12:00:00",12887,14.1,100.5031,2.961,31.24,30.74,29.52,64.61,972,49.41,0,31.39,33.17,0.055
"2021-11-30 13:00:00",12888,14.1,100.4316,3.381,32.46,27.29,29.79,64.24,827,43.15,0,32.55,33.62,0.055
"2021-11-30 14:00:00",12889,14.21,100.3433,3.754,33.39,27.38,29.92,67.94,963,46.63,0,33.85,34.26,0.054
"2021-11-30 15:00:00",12890,14.16,100.3017,3.734,30.41,29.52,29.43,67.78,810,38.42,0,33,33.66,0.054
"2021-11-30 16:00:00",12891,14.09,100.2478,3.407,34.19,31.69,28.61,72.04,586.4,26.45,0,30.8,32.3,0.053
"2021-11-30 17:00:00",12892,13.45,100.2478,3.302,30.29,29.76,27.23,78.84,316.6,13.89,0,27.44,29.67,0.053
"2021-11-30 18:00:00",12893,13.03,100.3371,2.626,28.43,26.48,25.36,87.5,72.8,4.004,0,25.67,26.58,0.053
"2021-11-30 19:00:00",12894,12.92,100.4183,2.127,30.89,28.2,24.38,91.8,2.856,0.278,0,24.79,25.19,0.053
"2021-11-30 20:00:00",12895,12.93,100.6779,1.098,11.41,26.99,24.06,93.4,0,0,0,24.6,24.72,0.053
"2021-11-30 21:00:00",12896,12.9,100.5644,1.139,21.67,24.04,23.68,94.5,0,0,0,24.09,24.35,0.052
"2021-11-30 22:00:00",12897,12.91,100.6866,0.665,51.73,24.28,23.42,95.9,0,0,0,23.74,23.93,0.052
"2021-11-30 23:00:00",12898,12.88,100.7681,0.264,59.12,20.6,23.34,96.2,0,0,0,23.71,23.84,0.052
"2021-12-01 00:00:00",12899,12.84,100.7275,0.537,331.8,16.32,23.29,96.6,0,0,0,23.78,23.9,0.052
"2021-12-01 01:00:00",12900,12.86,100.7675,0.222,244,41.96,23.09,97.6,0,0,0,23.32,23.6,0.052
"2021-12-01 02:00:00",12901,12.87,100.7835,0.124,190.1,9.35,22.65,98.6,0,0,0,23.09,23.25,0.052
"2021-12-01 03:00:00",12902,12.83,100.7763,0.592,164.4,27.09,22.47,98,0,0,0,22.23,23.05,0.052
"2021-12-01 04:00:00",12903,12.83,100.7941,0.732,165.7,27.31,21.26,98.1,0,0,0,21.74,21.96,0.052
"2021-12-01 05:00:00",12904,12.77,100.8943,0.963,180.6,33.2,21.25,94.1,0.186,0.062,0,21.44,21.57,0.051
"2021-12-01 06:00:00",12905,12.79,101.0121,0.747,185.9,27.07,21.6,91.5,24.02,1.108,0,21.45,21.73,0.051
"2021-12-01 07:00:00",12906,12.78,101.0108,0.879,180.2,26.13,22.41,86.8,166.5,9.2,0,21.9,22.99,0.051
"2021-12-01 08:00:00",12907,13.53,101.0269,1.335,159,35.59,23.93,80.2,355.1,18.54,0,23.65,24.87,0.051
"2021-12-01 09:00:00",12908,13.68,101.0349,1.48,143.9,43.01,26.52,73.09,741.2,35.54,0,26.22,28.73,0.051
"2021-12-01 10:00:00",12909,14.03,101.0471,1.26,117.4,45.8,28.14,70.63,797.4,40.84,0,30.03,31.37,0.051
"2021-12-01 11:00:00",12910,14.14,100.9989,1.439,90.5,40.33,28.64,67.15,743.5,39.87,0,32.47,33.21,0.051
"2021-12-01 12:00:00",12911,14.17,100.9201,2.004,70.64,26.67,28.19,72.53,608.8,33.11,0,31.72,33.22,0.05
"2021-12-01 13:00:00",12912,14.16,100.8219,1.924,70.92,27.09,28.21,70.22,695.6,36.5,0,31.83,32.95,0.05
"2021-12-01 14:00:00",12913,14.12,100.748,2.001,51.81,30.66,28.78,73.18,735.2,35.35,0,33.31,34.37,0.049
"2021-12-01 15:00:00",12914,14.12,100.6031,2.32,44.39,29,28.69,73.78,700.4,32.77,0,33,34.15,0.049
"2021-12-01 16:00:00",12915,14.01,100.5389,2.5,43.95,27.6,28.69,69.33,593.5,27.03,0,32.81,33.5,0.049
"2021-12-01 17:00:00",12916,13.67,100.5399,2.349,40.54,25.9,27.76,77.87,299.3,14.03,0,28.71,30.96,0.048
"2021-12-01 18:00:00",12917,13.08,100.5968,2.276,28.72,23.69,25.76,86.9,89.4,4.69,0,26.2,27.35,0.048
"2021-12-01 19:00:00",12918,12.93,100.5968,1.763,25.9,24.08,24.41,91.1,6.683,0.474,0,24.86,25.42,0.048
"2021-12-01 20:00:00",12919,12.93,100.6867,1.083,20.13,21.17,23.84,93.4,0,0,0,24.34,24.57,0.048
"2021-12-01 21:00:00",12920,12.92,100.7192,0.265,12.93,13.67,23.42,95.3,0,0,0,24.04,24.21,0.048
"2021-12-01 22:00:00",12921,12.91,100.7843,0.258,18.77,13.44,23.14,96.4,0,0,0,23.81,23.96,0.047
"2021-12-01 23:00:00",12922,12.9,100.7364,0.121,329.3,10.3,22.88,97.3,0,0,0,23.36,23.58,0.047
"2021-12-02 00:00:00",12923,12.89,100.6218,0.861,15.32,19.83,22.53,98.2,0,0,0,23.08,23.18,0.047
"2021-12-02 01:00:00",12924,12.87,100.598,1.879,17.07,23.57,22.77,97.5,0,0,0,23.09,23.15,0.047
"2021-12-02 02:00:00",12925,12.86,100.5812,1.734,15.93,22.46,22.73,97.9,0,0,0,23.04,23.08,0.047
"2021-12-02 03:00:00",12926,12.85,100.5667,1.983,15.92,23.21,22.78,97.5,0,0,0,22.91,23,0.047
"2021-12-02 04:00:00",12927,12.83,100.55,1.913,16.72,22.64,22.8,96.8,0,0,0,22.79,22.85,0.047
"2021-12-02 05:00:00",12928,12.8,100.574,1.905,18.01,21.62,22.89,95.4,2.087,0.14,0,22.74,22.8,0.047
"2021-12-02 06:00:00",12929,12.8,100.6861,2.022,16.82,24.82,23.53,90.9,86.9,3.567,0,22.84,23.53,0.047
"2021-12-02 07:00:00",12930,13,100.7266,2.262,6.244,30.35,24.98,82.9,290,11.7,0,24.6,26.13,0.046
"2021-12-02 08:00:00",12931,13.47,100.751,2.889,9.81,30.48,26.72,68.76,532.3,23.92,0,27.24,28.36,0.046
"2021-12-02 09:00:00",12932,13.57,100.725,2.827,3.102,33.21,28.05,62.32,673.5,32.88,0,29.02,30.1,0.046
"2021-12-02 10:00:00",12933,13.78,100.6503,2.81,359.3,34.12,29.99,59.44,911,44.17,0,31.24,32.91,0.046
"2021-12-02 11:00:00",12934,13.97,100.5919,3.084,1.168,31.23,31.52,52.25,1022,50.56,0,34.68,35.41,0.045
"2021-12-02 12:00:00",12935,14.13,100.4851,2.954,2.271,36.17,33.26,48,1053,52.59,0,36.09,37.08,0.045
"2021-12-02 13:00:00",12936,14.06,100.3814,3.186,25.08,28.34,32.78,61.94,998,49.31,0,36.96,37.89,0.045
"2021-12-02 14:00:00",12937,14.15,100.3416,3.393,27.81,28.91,32.19,64.95,906,43.4,0,36.05,37.3,0.044
"2021-12-02 15:00:00",12938,14.15,100.2777,3.279,33.91,28.17,31.18,63.61,810,38.27,0,35.52,36.31,0.043
"2021-12-02 16:00:00",12939,14.12,100.2394,3.169,31.12,30.23,30.27,71.53,602.5,26.85,0,32.97,34.93,0.043
"2021-12-02 17:00:00",12940,13.43,100.256,3.13,30.47,25.96,28.35,77.33,343.1,14.75,0,28.9,31.52,0.043
"2021-12-02 18:00:00",12941,12.96,100.3046,2.789,27.17,24.88,26.21,85.3,106.2,5.298,0,26.61,27.63,0.042
"2021-12-02 19:00:00",12942,12.92,100.3458,2.19,26.33,23.08,24.75,91,4.242,0.524,0,25.33,25.89,0.042
"2021-12-02 20:00:00",12943,12.92,100.3865,2.301,24.31,25.04,24.28,92.4,0,0,0,24.86,25.06,0.041
"2021-12-02 21:00:00",12944,12.91,100.4841,1.994,16.03,21.82,24.28,92.7,0,0,0,24.76,24.91,0.041
"2021-12-02 22:00:00",12945,12.9,100.5646,1.76,15.43,21.45,24.18,93.4,0,0,0,24.63,24.7,0.041
"2021-12-02 23:00:00",12946,12.88,100.5978,1.158,6.679,21.34,24.3,93.1,0,0,0,24.81,24.91,0.041
"2021-12-03 00:00:00",12947,12.88,100.5817,0.868,3.037,18.81,24.08,95.1,0,0,0,24.34,24.69,0.041
"2021-12-03 01:00:00",12948,12.86,100.6871,0.165,316.1,43.93,23.5,96.9,0.04,0,0,23.89,24.08,0.041
"2021-12-03 02:00:00",12949,12.85,100.6539,0.185,199.2,13.75,23.47,97.1,0.001,0,0,23.6,23.95,0.041
"2021-12-03 03:00:00",12950,12.84,100.6167,0.009,198.9,2.544,22.78,98.4,0,0,0,22.89,23.36,0.041
"2021-12-03 04:00:00",12951,12.81,100.6173,0.01,175.8,2.22,22.37,99.4,0,0,0,22.6,22.8,0.04
"2021-12-03 05:00:00",12952,12.79,100.6342,0.024,183.8,4.994,22.33,99.7,1.244,0.127,0,22.68,22.82,0.04
"2021-12-03 06:00:00",12953,12.79,100.6566,0,0,0,22.54,99.3,61.46,3.004,0,22.55,23.26,0.04
"2021-12-03 07:00:00",12954,12.94,100.7105,0,0,0,24.03,90.2,173.9,8.39,0,24.27,25.34,0.04
"2021-12-03 08:00:00",12955,13.52,100.7753,0.461,154.8,23.35,27.04,83,411,18.88,0,26.98,29.24,0.04
"2021-12-03 09:00:00",12956,13.54,100.8402,1.349,156.9,34.09,26.63,82.5,239.7,13.57,0,26.85,28.42,0.04
"2021-12-03 10:00:00",12957,14.09,100.8727,1.635,155.5,40.81,25.62,84.4,282.8,16.12,0,26.56,27.35,0.04
"2021-12-03 11:00:00",12958,14.1,100.8808,1.834,150.8,40.91,26.06,79.6,498.1,26.92,0,26.92,28.22,0.04
"2021-12-03 12:00:00",12959,13.98,100.8889,1.969,143.9,42.25,26.04,89.5,429.7,24.04,0,26.89,28.62,0.04
"2021-12-03 13:00:00",12960,14.08,100.8484,1.722,149.3,37.93,24.53,90.4,218.3,13.68,0,25.6,26.32,0.039
"2021-12-03 14:00:00",12961,14.1,100.8159,1.81,146.7,37.67,24.85,83.8,283.9,16.84,0,25.16,26.5,0.039
"2021-12-03 15:00:00",12962,14.22,100.7591,1.967,144.4,36.51,25.66,76.16,413.3,22.17,0,26.37,27.65,0.039
"2021-12-03 16:00:00",12963,14.15,100.751,1.757,145.1,39.44,25.39,77.63,261.8,14.32,0,26.46,27.28,0.039
"2021-12-03 17:00:00",12964,13.38,100.7997,1.536,139,38.25,24.85,80.5,153.8,8.34,0,25.62,26.38,0.039
"2021-12-03 18:00:00",12965,12.94,100.8166,1.128,141,35.18,23.96,82.6,21.98,1.806,0,24.45,24.89,0.039
"2021-12-03 19:00:00",12966,12.93,100.931,0.715,148.6,25,23.58,81.4,2.767,0.261,0,23.99,24.17,0.039
"2021-12-03 20:00:00",12967,12.92,100.954,0.474,149.9,20.94,23.35,82.8,0,0,0,23.69,23.81,0.038
"2021-12-03 21:00:00",12968,12.89,100.9951,0.28,152.5,17.85,23.27,85.5,0,0,0,23.65,23.72,0.038
"2021-12-03 22:00:00",12969,12.91,101.0433,0.033,191.5,8.07,23.12,86.7,0,0,0,23.66,23.73,0.038
"2021-12-03 23:00:00",12970,12.89,101.0108,0.056,163.8,7.7,22.98,89,0,0,0,23.55,23.67,0.038
"2021-12-04 00:00:00",12971,12.88,100.9954,0.147,174,16.73,22.27,97.6,0,0,0,22.63,23.23,0.038
"2021-12-04 01:00:00",12972,12.86,100.9101,0.033,206.2,4.235,21.21,99.2,0,0,0,22.19,22.38,0.038
"2021-12-04 02:00:00",12973,12.84,100.8751,0.003,183.4,0.711,21.05,99.6,0,0,0,22.16,22.26,0.038
"2021-12-04 03:00:00",12974,12.82,100.8773,0.082,214.7,8.17,20.87,99.9,0,0,0,21.74,22.02,0.038
"2021-12-04 04:00:00",12975,12.8,100.8527,0.062,228.2,8.78,20.77,100,0,0,0,21.72,21.8,0.038
"2021-12-04 05:00:00",12976,12.78,100.903,0.31,214.3,14.44,20.64,100,3.773,0.117,0,21.32,21.49,0.038
"2021-12-04 06:00:00",12977,12.78,100.9523,0.456,203.4,16.53,20.99,97.2,86.1,3.648,0,21.35,21.73,0.038
"2021-12-04 07:00:00",12978,13.25,100.9542,0.722,199.2,20.58,22.34,91.8,189.4,8.5,0,22.25,23.18,0.038
"2021-12-04 08:00:00",12979,13.46,100.8971,0.71,196.8,20.91,23.09,86.4,225.8,12.28,0,23.17,24.1,0.038
"2021-12-04 09:00:00",12980,13.95,100.9295,0.654,114.4,50.52,25.12,79.13,447.6,23.4,0,25.9,27.37,0.038
"2021-12-04 10:00:00",12981,13.99,100.8953,1.972,44.46,29.52,27.7,73.44,788.7,38.2,0,30.19,31.62,0.038
"2021-12-04 11:00:00",12982,14.08,100.8689,2.4,44.49,30.22,28.8,71.18,787.6,40.14,0,32.55,33.46,0.037
"2021-12-04 12:00:00",12983,14.09,100.7815,2.764,51.09,25.72,29.37,70.43,879,44.63,0,33.76,34.47,0.037
"2021-12-04 13:00:00",12984,14.12,100.7833,2.889,51.87,26.98,29.17,73.49,704.3,37.52,0,33,34.17,0.037
"2021-12-04 14:00:00",12985,14.14,100.6779,2.844,58.44,25.58,28.83,77.43,580.9,31.15,0,31.91,33.21,0.037
"2021-12-04 15:00:00",12986,14.12,100.5481,3.142,56.86,27.57,28.91,75.7,647.5,31.58,0,31.8,33.22,0.037
"2021-12-04 16:00:00",12987,14.05,100.5318,2.995,50.42,26.73,28.27,80.7,434.1,21.09,0,31.19,31.9,0.036
"2021-12-04 17:00:00",12988,13.88,100.5968,2.37,48.06,25.37,27.17,84.9,165.8,9.31,0,28.54,29.81,0.036
"2021-12-04 18:00:00",12989,12.99,100.6374,2.083,53.89,23.07,26.11,90.7,60.86,3.44,0,27.06,27.78,0.036
"2021-12-04 19:00:00",12990,12.93,100.7104,1.685,54.71,22.46,25.5,93.9,3.466,0.277,0,26.29,26.68,0.036
"2021-12-04 20:00:00",12991,12.93,100.7997,1.563,54.38,18.23,25.19,94.3,0,0,0,25.88,26.01,0.036
"2021-12-04 21:00:00",12992,12.92,100.8808,0.846,60.2,14.03,25.06,94.7,0,0,0,25.75,25.83,0.036
"2021-12-04 22:00:00",12993,12.91,100.9214,0.581,57.44,11.45,25.09,95.9,0,0,0,25.54,25.76,0.036
"2021-12-04 23:00:00",12994,12.91,100.8971,0.039,70.26,2.395,24.61,97.3,0,0,0,25.15,25.28,0.035
"2021-12-05 00:00:00",12995,12.89,100.8321,0.018,62.56,0.006,24.6,97.5,0,0,0,25.12,25.31,0.035
"2021-12-05 01:00:00",12996,12.89,100.7753,0.097,62.54,0.017,24.91,96.9,0,0,0,25.53,25.59,0.035
"2021-12-05 02:00:00",12997,12.87,100.8087,0.515,273,27.52,24.54,98.3,0,0,4.826,23.58,25.27,0.035
"2021-12-05 03:00:00",12998,12.85,100.7849,0.041,241.7,4.349,22.13,99.9,0,0,9.4,22.93,23.22,0.035
"2021-12-05 04:00:00",12999,12.83,100.7164,0,0,0,21.56,100,0.001,0,2.032,22.67,22.85,0.08
"2021-12-05 05:00:00",13000,12.78,100.8767,0.778,13.46,17.07,21.54,100,0.061,0.008,2.54,22.42,22.66,0.091
"2021-12-05 06:00:00",13001,12.78,100.9732,0.348,12.85,11.78,21.55,100,3.597,0.319,4.064,22.43,22.54,0.098
"2021-12-05 07:00:00",13002,12.76,100.9423,0.187,13.11,5.236,21.68,100,10.33,0.855,3.556,22.53,22.64,0.106
"2021-12-05 08:00:00",13003,12.76,100.9327,0.093,19.63,4.659,21.99,100,39,2.786,1.27,22.75,23.04,0.106
"2021-12-05 09:00:00",13004,12.86,100.9298,0.726,23.83,11.71,22.72,100,127.8,8.28,0.762,23.24,23.71,0.102
"2021-12-05 10:00:00",13005,13.51,100.8808,0.947,16.2,13,24.1,92.7,435.5,23.66,0,24.23,25.41,0.099
"2021-12-05 11:00:00",13006,14.12,100.8078,1.422,12.84,19.79,26.45,80.3,543.1,31.18,0,26.67,27.91,0.096
"2021-12-05 12:00:00",13007,14.17,100.7181,1.974,14.74,22.39,28.35,77.23,652.7,36.63,0,29,30.16,0.093
"2021-12-05 13:00:00",13008,14.14,100.6776,2.075,28.73,23.26,28.64,80.8,638.8,34.75,0,30.03,31.31,0.09
"2021-12-05 14:00:00",13009,14.11,100.6292,2.064,31.97,22.06,28.15,85.5,382.7,22.72,0,29.15,30.07,0.088
"2021-12-05 15:00:00",13010,13.69,100.5724,1.864,29.96,20.56,27.55,89.3,232,14.33,0,28.1,29.01,0.085
"2021-12-05 16:00:00",13011,13.67,100.5238,1.501,29.63,20.44,26.25,91.9,107,7.007,0,26.87,27.21,0.084
"2021-12-05 17:00:00",13012,13.23,100.5319,1.617,25.34,21.12,25.76,93.1,72.75,4.452,0,26.31,26.49,0.083
"2021-12-05 18:00:00",13013,12.98,100.5238,1.548,27.28,17.89,25.82,92.6,54.09,3.304,0,25.95,26.32,0.082
"2021-12-05 19:00:00",13014,12.92,100.5562,1.644,30.7,19.01,25.41,96.4,8.29,0.43,0,25.36,25.66,0.081
"2021-12-05 20:00:00",13015,12.91,100.6049,2.04,26.34,21.92,25.15,95.8,0,0,0,25.09,25.24,0.08
"2021-12-05 21:00:00",13016,12.91,100.613,1.657,20.35,20.71,25.08,92.9,0,0,0,24.85,24.97,0.08
"2021-12-05 22:00:00",13017,12.9,100.6698,1.361,10.17,19.63,24.99,93.2,0,0,0,24.72,24.78,0.079
"2021-12-05 23:00:00",13018,12.87,100.6699,0.467,1.798,14.74,24.72,94.7,0,0,0,24.62,24.69,0.078
"2021-12-06 00:00:00",13019,12.88,100.678,0.069,342,5.595,24.36,97.9,0,0,0,24.52,24.6,0.078
"2021-12-06 01:00:00",13020,12.85,100.6133,0.002,334.2,0.011,23.89,99,0,0,0,24.25,24.4,0.077
"2021-12-06 02:00:00",13021,12.86,100.5643,0,0,0,23.72,99.4,0,0,0,24.23,24.29,0.077
"2021-12-06 03:00:00",13022,12.85,100.5239,0,0,0,23.57,99.9,0,0,0,24.11,24.17,0.077
"2021-12-06 04:00:00",13023,12.83,100.5245,0,0,0,23.49,100,0,0,0,24.02,24.12,0.077
"2021-12-06 05:00:00",13024,12.81,100.5242,0.001,1.904,0.001,23.45,100,0.15,0.027,0,23.99,24.08,0.077
"2021-12-06 06:00:00",13025,12.79,100.6049,0.016,346.6,2.528,23.79,100,10.45,0.972,0.254,24.13,24.25,0.076
"2021-12-06 07:00:00",13026,12.8,100.678,0.904,324.3,15.87,24.78,94.5,163.8,7.23,0,24.46,25.11,0.076
"2021-12-06 08:00:00",13027,13.46,100.6617,0.853,314.7,16.17,26.11,90.5,216.9,11.9,0,26.03,26.46,0.076
"2021-12-06 09:00:00",13028,13.71,100.6211,1.196,346.7,23.01,26.98,84.1,306.2,16.84,0,27.2,27.99,0.076
"2021-12-06 10:00:00",13029,13.9,100.5643,1.769,357,26.5,27.84,75.13,467.8,25.67,0,27.75,28.99,0.076
"2021-12-06 11:00:00",13030,14.12,100.4965,2.036,338.5,30.66,29.64,66.41,750.9,38.83,0,30.68,31.67,0.075
"2021-12-06 12:00:00",13031,14.12,100.3683,1.866,343.2,33.69,29.81,65.73,539.4,30.49,0,31.22,32,0.075
"2021-12-06 13:00:00",13032,14.11,100.3267,2.12,356.8,34.21,32.03,59.55,838,43.55,0,32.56,34.36,0.074
"2021-12-06 14:00:00",13033,14.12,100.2362,2.829,6.008,30.92,33.48,53.4,1012,48,0,36.14,36.91,0.073
"2021-12-06 15:00:00",13034,14,100.202,2.575,10.4,31.41,33.5,65.59,758.6,36.71,0,35.57,36.45,0.073
"2021-12-06 16:00:00",13035,13.95,100.1989,2.539,26.11,23.87,30.68,72.31,398.3,20.49,0,30.73,33.2,0.073
"2021-12-06 17:00:00",13036,13.68,100.2225,2.543,33.78,25.1,29.59,76.14,372.8,15.46,0,30.24,31.37,0.072
"2021-12-06 18:00:00",13037,12.97,100.2722,2.235,31.94,22.44,27.7,86.8,119.5,5.396,0,27.37,28.44,0.072
"2021-12-06 19:00:00",13038,12.91,100.3128,1.508,29.22,21.41,25.98,92.2,10.79,0.651,0,26.01,26.64,0.071
"2021-12-06 20:00:00",13039,12.92,100.4433,1.063,24.78,19.41,25.33,92.3,0,0,0,25.46,25.69,0.071
"2021-12-06 21:00:00",13040,12.92,100.5562,0.831,14.93,47.9,25.21,93.2,0,0,0,25.11,25.43,0.071
"2021-12-06 22:00:00",13041,12.91,100.7266,0.439,181.6,15.46,24.89,92.1,0,0,0,24.88,25.04,0.071
"2021-12-06 23:00:00",13042,12.9,100.727,0.702,173.1,20.38,24.82,91.6,0,0,0,24.58,24.8,0.071
"2021-12-07 00:00:00",13043,12.89,100.7438,1.043,178.2,26,24.29,85,0,0,0,23.88,24.24,0.07
"2021-12-07 01:00:00",13044,12.85,100.7354,0.91,185.4,25.9,23.68,84.6,0.323,0,0,23.36,23.61,0.07
"2021-12-07 02:00:00",13045,12.87,100.7847,0.891,189.5,28.07,23.41,84.7,0,0,0,23.23,23.33,0.07
"2021-12-07 03:00:00",13046,12.85,100.8171,1.184,184.8,31.78,23.2,86.2,0,0,0,23.05,23.11,0.07
"2021-12-07 04:00:00",13047,12.84,100.8822,1.603,178.8,37.24,23.28,87,0,0,0,23.07,23.17,0.07
"2021-12-07 05:00:00",13048,12.8,100.9149,1.478,180,34.81,22.94,89.2,1.44,0.133,0,22.77,22.86,0.07
"2021-12-07 06:00:00",13049,12.81,101.0449,1.294,171.2,35.38,23.02,85.1,54.21,3.033,0,22.78,23.02,0.07
"2021-12-07 07:00:00",13050,12.91,101.108,1.681,170.7,39.13,24.38,80.4,262.5,11.2,0,23.41,25.11,0.069
"2021-12-07 08:00:00",13051,13.44,101.1405,2.125,155,43.17,26.14,71.87,512.6,22.55,0,26.7,27.77,0.069
"2021-12-07 09:00:00",13052,13.57,101.2134,2.242,150.3,35.2,27.22,71.61,613.5,30.07,0,28.34,29.07,0.069
"2021-12-07 10:00:00",13053,14.05,101.2535,2.042,148.7,35.55,27.58,67.2,695,35.53,0,28.9,29.74,0.069
"2021-12-07 11:00:00",13054,14.08,101.2188,2.216,151.8,39.48,28.53,61.42,947,47.52,0,30.29,31.37,0.068
"2021-12-07 12:00:00",13055,14.07,101.2371,2.059,144.1,35.52,29.22,62.74,911,46.29,0,31.13,32.45,0.068
"2021-12-07 13:00:00",13056,14.16,101.0995,1.971,143.6,36.5,28.32,66.25,653.4,33.81,0,30,31.02,0.068
"2021-12-07 14:00:00",13057,14.17,101.1405,1.788,140,36.55,27.36,79.5,477,26.9,0,28.57,30.11,0.067
